0 0 5 100 1
0 1 5 100 1
0 2 6 100 1
0 3 4 100 1
1 0 5 100 1
1 1 6 100 1
1 2 5 100 1
1 3 4 100 1
2 0 6 100 1
2 1 6 100 1
2 2 5 100 1
2 3 3 100 1
3 0 5 100 1
3 1 6 100 1
3 2 3 100 1
3 3 4 100 1
4 0 6 100 1
4 1 4 100 1
4 2 3 100 1
4 3 3 100 1
5 0 6 100 1
5 1 5 100 1
5 2 5 100 1
5 3 4 100 1
6 0 5 100 1
6 1 4 100 1
6 2 7 100 1
6 3 4 100 1
7 0 5 100 1
7 1 6 100 1
7 2 7 100 1
7 3 5 100 1
8 0 4 100 1
8 1 6 100 1
8 2 4 100 1
8 3 3 100 1
9 0 3 100 1
9 1 8 100 1
9 2 5 100 1
9 3 2 100 1
10 0 5 100 1
10 1 6 100 1
10 2 3 100 1
10 3 2 100 1
11 0 5 100 1
11 1 6 100 1
11 2 3 100 1
11 3 4 100 1
12 0 5 100 1
12 1 6 100 1
12 2 6 100 1
12 3 4 100 1
13 0 6 100 1
13 1 5 100 1
13 2 7 100 1
13 3 3 100 1
14 0 3 100 1
14 1 7 100 1
14 2 5 100 1
14 3 5 100 1
15 0 4 100 1
15 1 6 100 1
15 2 5 100 1
15 3 4 100 1
16 0 5 100 1
16 1 6 100 1
16 2 5 100 1
16 3 3 100 1
17 0 4 100 1
17 1 7 100 1
17 2 6 100 1
17 3 3 100 1
18 0 6 100 1
18 1 6 100 1
18 2 5 100 1
18 3 5 100 1
19 0 5 100 1
19 1 6 100 1
19 2 5 100 1
19 3 6 100 1
20 0 3 100 1
20 1 4 100 1
20 2 5 100 1
20 3 3 100 1
21 0 5 100 1
21 1 5 100 1
21 2 4 100 1
21 3 4 100 1
22 0 6 100 1
22 1 6 100 1
22 2 5 100 1
22 3 5 100 1
23 0 6 100 1
23 1 6 100 1
23 2 6 100 1
23 3 4 100 1
24 0 5 100 1
24 1 8 100 1
24 2 3 100 1
24 3 3 100 1
25 0 5 100 1
25 1 6 100 1
25 2 6 100 1
25 3 4 100 1
26 0 6 100 1
26 1 6 100 1
26 2 5 100 1
26 3 4 100 1
27 0 5 100 1
27 1 6 100 1
27 2 5 100 1
27 3 5 100 1
28 0 5 100 1
28 1 8 100 1
28 2 7 100 1
28 3 4 100 1
29 0 6 100 1
29 1 4 100 1
29 2 6 100 1
29 3 5 100 1
30 0 4 100 1
30 1 6 100 1
30 2 4 100 1
30 3 4 100 1
31 0 5 100 1
31 1 6 100 1
31 2 5 100 1
31 3 4 100 1
32 0 5 100 1
32 1 6 100 1
32 2 4 100 1
32 3 3 100 1
33 0 5 100 1
33 1 7 100 1
33 2 6 100 1
33 3 3 100 1
34 0 5 100 1
34 1 5 100 1
34 2 5 100 1
34 3 5 100 1
35 0 6 100 1
35 1 5 100 1
35 2 6 100 1
35 3 2 100 1
36 0 6 100 1
36 1 7 100 1
36 2 6 100 1
36 3 5 100 1
37 0 5 100 1
37 1 5 100 1
37 2 5 100 1
37 3 4 100 1
38 0 4 100 1
38 1 6 100 1
38 2 3 100 1
38 3 4 100 1
39 0 5 100 1
39 1 8 100 1
39 2 3 100 1
39 3 4 100 1
40 0 6 100 1
40 1 6 100 1
40 2 5 100 1
40 3 4 100 1
41 0 7 100 1
41 1 8 100 1
41 2 5 100 1
41 3 4 100 1
42 0 6 100 1
42 1 6 100 1
42 2 5 100 1
42 3 3 100 1
43 0 4 100 1
43 1 5 100 1
43 2 5 100 1
43 3 4 100 1
44 0 5 100 1
44 1 5 100 1
44 2 5 100 1
44 3 4 100 1
45 0 7 100 1
45 1 5 100 1
45 2 6 100 1
45 3 4 100 1
46 0 5 100 1
46 1 5 100 1
46 2 4 100 1
46 3 4 100 1
47 0 4 100 1
47 1 4 100 1
47 2 5 100 1
47 3 4 100 1
48 0 2 100 1
48 1 4 100 1
48 2 4 100 1
48 3 3 100 1
49 0 6 100 1
49 1 5 100 1
49 2 6 100 1
49 3 5 100 1
50 0 3 100 1
50 1 6 100 1
50 2 4 100 1
50 3 4 100 1
51 0 4 100 1
51 1 6 100 1
51 2 4 100 1
51 3 6 100 1
52 0 3 100 1
52 1 4 100 1
52 2 4 100 1
52 3 3 100 1
53 0 4 100 1
53 1 6 100 1
53 2 5 100 1
53 3 3 100 1
54 0 3 100 1
54 1 6 100 1
54 2 5 100 1
54 3 6 100 1
55 0 4 100 1
55 1 5 100 1
55 2 4 100 1
55 3 2 100 1
