56 56 56 10 17280 16800 5 2 2 4
56 0 56 0 17280 16800 5 2 2 4
56 56 0 10 17280 16800 5 2 2 4
56 56 56 0 17280 16800 5 2 2 4
56 56 0 10 17280 16800 5 2 2 4
56 56 56 10 17280 16800 5 2 2 4
56 0 56 10 17280 16800 5 2 2 4
56 0 56 0 17280 16800 5 2 2 4
56 56 0 0 17280 16800 5 2 2 4
56 56 56 0 17280 16800 5 2 2 4
56 56 0 10 17280 16800 5 2 2 4
56 0 56 10 17280 16800 5 2 2 4
56 56 56 0 17280 16800 5 2 2 4
56 56 56 10 17280 16800 5 2 2 4
56 0 0 10 17280 16800 5 2 2 4
0 56 56 10 17280 16800 5 2 2 4
56 0 56 10 17280 16800 5 2 2 4
56 56 0 10 17280 16800 5 2 2 4
56 56 56 0 17280 16800 5 2 2 4
56 0 56 10 17280 16800 5 2 2 4
56 56 56 10 17280 16800 5 2 2 4
56 56 56 10 17280 16800 5 2 2 4
56 56 56 10 17280 16800 5 2 2 4
56 56 56 0 17280 16800 5 2 2 4
56 56 56 10 17280 16800 5 2 2 4
56 0 0 10 17280 16800 5 2 2 4
56 56 56 10 17280 16800 5 2 2 4
56 56 56 10 17280 16800 5 2 2 4
56 56 56 10 17280 16800 5 2 2 4
56 56 56 10 17280 16800 5 2 2 4
56 56 56 10 16200 15720 4 2 2 4
56 56 56 10 16200 15720 4 2 2 4
