0 5 0 3
0 6 0 3
0 7 0 3
0 8 0 3
0 14 1 2
0 15 1 2
0 16 1 2
0 17 1 2
0 18 1 2
1 7 0 3
1 8 0 3
2 3 1 3
2 4 1 3
2 5 1 3
3 2 1 2
3 3 1 2
3 14 2 2
3 15 2 2
3 16 2 2
3 17 2 2
3 18 2 2
5 26 3 3
5 27 3 3
5 47 0 2
5 48 0 2
5 49 0 2
5 50 0 2
5 51 0 2
6 7 2 3
6 8 2 3
6 9 2 3
6 10 2 3
7 46 0 1
7 47 0 1
7 48 0 1
8 33 1 1
8 34 1 1
8 35 1 1
9 28 1 2
9 29 1 2
9 30 1 2
9 36 1 2
9 37 1 2
9 38 1 2
10 36 1 1
10 37 1 1
11 1 3 1
11 2 3 1
12 8 0 3
12 29 2 1
12 35 0 1
12 36 0 1
12 37 0 1
13 8 3 1
13 9 3 1
13 42 0 2
13 43 0 2
13 53 2 2
13 54 2 2
13 55 2 2
14 13 0 3
14 20 0 2
14 21 0 2
14 22 0 2
14 23 0 2
15 33 3 2
15 34 3 2
15 35 3 2
15 36 3 2
15 37 3 2
16 11 3 1
16 51 2 1
16 52 2 1
16 53 2 1
16 54 2 1
16 55 2 1
18 7 1 1
18 8 1 1
18 9 1 1
18 43 1 2
18 44 1 2
18 45 1 2
18 46 1 2
18 47 1 2
19 22 0 2
19 23 0 2
19 24 0 2
19 25 0 2
19 36 3 2
19 40 2 2
19 41 2 2
19 42 2 2
19 43 2 2
19 44 2 2
21 1 2 2
21 2 2 2
21 3 2 2
21 4 2 2
22 24 0 3
22 25 0 3
22 26 0 3
23 30 1 2
25 44 3 1
26 0 1 2
26 1 1 2
26 2 1 2
26 6 3 1
26 7 3 1
26 50 0 2
26 51 0 2
27 46 0 1
27 47 0 1
27 48 0 1
28 38 2 2
28 39 2 2
28 40 2 2
28 41 2 2
28 42 2 2
29 33 0 2
29 34 0 2
29 35 0 2
29 36 0 2
29 49 1 2
29 50 1 2
29 51 1 2
30 37 0 2
30 38 0 2
30 39 0 2
30 40 0 2
