0 41 0 3
0 49 1 2
0 50 1 2
0 51 1 2
0 52 1 2
0 53 1 2
1 15 0 3
1 16 0 3
1 41 0 2
1 42 0 2
1 43 0 2
1 44 0 2
1 45 0 2
1 53 0 2
1 54 0 2
2 22 3 2
2 23 3 2
2 24 3 2
2 25 3 2
2 39 3 3
2 40 3 3
2 41 3 3
2 42 3 3
3 7 2 3
3 8 2 3
3 24 0 2
3 51 1 1
3 52 1 1
3 53 1 1
4 11 1 1
4 12 1 1
4 13 1 1
4 14 1 1
4 15 1 1
4 22 3 1
4 34 3 1
4 35 3 1
4 36 3 1
4 53 3 2
5 0 2 2
5 1 2 2
5 5 1 1
5 13 0 1
5 14 0 1
5 15 0 1
6 17 2 1
6 21 2 1
6 22 2 1
6 23 2 1
6 24 2 1
6 25 2 1
6 46 0 2
6 47 0 2
6 48 0 2
6 49 0 2
6 50 0 2
7 17 2 1
7 18 2 1
7 19 2 1
7 20 2 1
7 21 2 1
7 32 2 3
7 33 2 3
7 38 2 3
7 39 2 3
7 40 2 3
7 41 2 3
7 42 2 3
8 2 0 1
8 3 0 1
8 4 0 1
8 10 1 3
8 11 1 3
8 12 1 3
8 13 1 3
8 23 0 1
8 24 0 1
8 25 0 1
8 51 0 2
8 52 0 2
8 53 0 2
8 54 0 2
8 55 0 2
9 3 2 1
9 12 0 2
9 13 0 2
9 42 0 3
9 49 1 2
9 50 1 2
10 5 1 1
10 17 3 3
10 18 3 3
10 23 1 1
10 24 1 1
10 28 0 2
10 29 0 2
10 30 0 2
10 31 0 2
10 50 3 2
10 51 3 2
10 52 3 2
10 53 3 2
10 54 3 2
11 41 3 1
11 42 3 1
11 43 3 1
11 44 3 1
11 49 2 1
11 50 2 1
11 51 2 1
12 3 0 1
12 4 0 1
12 12 2 2
12 13 2 2
12 14 2 2
12 15 2 2
12 41 1 2
12 42 1 2
12 47 2 3
12 48 2 3
12 49 2 3
13 15 1 3
13 16 1 3
13 22 2 1
13 23 2 1
13 24 2 1
13 25 2 1
13 26 2 1
13 31 2 1
13 32 2 1
13 33 2 1
13 34 2 1
13 35 2 1
14 33 0 1
14 34 0 1
14 35 0 1
14 36 0 1
14 42 3 1
14 43 3 1
14 44 3 1
14 45 3 1
14 46 3 1
14 50 0 2
14 51 0 2
15 0 1 1
15 1 1 1
15 2 1 1
15 3 1 1
15 8 1 3
15 9 1 3
15 10 1 3
15 11 1 3
15 22 2 3
15 23 2 3
15 24 2 3
15 25 2 3
16 19 0 2
16 20 0 2
16 27 0 2
16 28 0 2
16 29 0 2
16 30 0 2
16 45 2 3
16 46 2 3
17 0 1 3
17 1 1 3
17 2 1 3
17 7 0 3
17 15 3 2
17 16 3 2
17 17 3 2
17 25 3 1
17 26 3 1
17 27 3 1
17 31 0 1
17 32 0 1
17 33 0 1
17 34 0 1
17 35 0 1
18 17 0 3
18 18 0 3
18 25 2 3
18 26 2 3
18 27 2 3
19 0 0 2
19 1 0 2
19 2 0 2
19 12 3 2
19 13 3 2
19 14 3 2
19 29 3 2
19 30 3 2
20 12 2 1
20 13 2 1
20 14 2 1
20 15 2 1
20 29 0 3
20 34 2 2
20 35 2 2
20 36 2 2
20 40 3 2
20 44 0 1
20 45 0 1
20 46 0 1
20 47 0 1
20 48 0 1
21 11 3 1
21 12 3 1
21 16 0 1
21 17 0 1
21 18 0 1
21 19 0 1
21 20 0 1
21 34 2 1
21 35 2 1
21 36 2 1
21 37 2 1
21 38 2 1
21 50 0 1
22 14 3 2
22 15 3 2
22 16 3 2
22 17 3 2
22 18 3 2
22 30 1 3
22 31 1 3
22 32 1 3
22 33 1 3
22 37 1 3
22 38 1 3
22 39 1 3
22 43 3 1
22 53 3 1
22 54 3 1
23 0 1 1
23 1 1 1
23 2 1 1
23 3 1 1
23 14 2 2
23 15 2 2
23 16 2 2
23 17 2 2
23 25 2 2
23 26 2 2
23 41 2 1
23 42 2 1
23 43 2 1
23 44 2 1
23 48 1 3
23 49 1 3
23 50 1 3
23 51 1 3
23 52 1 3
24 10 1 2
24 11 1 2
24 12 1 2
24 13 1 2
24 18 3 1
24 19 3 1
24 20 3 1
24 21 3 1
24 22 3 1
24 30 0 3
24 31 0 3
24 32 0 3
24 33 0 3
24 34 0 3
25 5 3 3
25 9 0 3
25 10 0 3
25 11 0 3
25 12 0 3
25 13 0 3
25 17 3 3
25 18 3 3
25 26 0 2
25 32 0 3
25 33 0 3
25 34 0 3
26 18 1 1
26 31 0 1
26 32 0 1
26 33 0 1
26 41 0 2
26 42 0 2
26 43 0 2
27 5 0 3
27 6 0 3
27 7 0 3
27 8 0 3
27 13 2 3
27 14 2 3
27 15 2 3
27 16 2 3
27 22 1 2
27 23 1 2
27 29 3 3
27 30 3 3
27 31 3 3
27 32 3 3
27 39 3 1
28 2 0 1
28 3 0 1
28 4 0 1
28 5 0 1
28 9 1 2
28 10 1 2
28 11 1 2
28 12 1 2
28 13 1 2
28 19 1 3
28 20 1 3
28 27 1 3
28 28 1 3
28 29 1 3
28 30 1 3
28 46 2 2
28 47 2 2
28 51 2 3
28 52 2 3
28 53 2 3
29 2 1 3
29 3 1 3
29 4 1 3
29 5 1 3
29 20 2 3
30 0 2 2
30 9 0 1
30 10 0 1
30 26 1 1
30 27 1 1
30 28 1 1
30 29 1 1
31 3 2 2
31 4 2 2
31 5 2 2
31 11 3 3
31 12 3 3
31 13 3 3
31 14 3 3
31 15 3 3
31 19 0 3
31 20 0 3
31 21 0 3
31 22 0 3
31 23 0 3
31 38 0 1
31 39 0 1
31 40 0 1
31 49 0 1
31 50 0 1
