0 0 3
0 1 3
0 4 0
0 5 1
0 6 2
0 7 2
0 10 3
0 11 3
0 14 2
0 15 2
0 16 2
0 17 2
0 18 2
0 21 1
0 22 1
0 23 3
0 26 0
0 27 1
0 28 1
0 29 2
0 32 1
0 33 3
0 34 3
0 38 0
0 39 0
0 40 0
0 41 0
0 42 2
0 45 3
0 46 3
0 49 1
0 50 1
0 51 1
0 52 1
0 53 1
1 3 2
1 4 2
1 5 2
1 6 2
1 7 2
1 10 0
1 11 0
1 14 0
1 15 0
1 16 0
1 17 2
1 21 0
1 22 0
1 23 0
1 24 0
1 28 2
1 29 2
1 30 2
1 31 2
1 32 2
1 35 2
1 36 2
1 37 2
1 40 0
1 41 0
1 42 0
1 43 0
1 44 0
1 47 0
1 48 2
1 49 2
1 50 2
1 53 0
1 54 0
1 55 0
2 0 0
2 1 1
2 2 1
2 5 0
2 6 0
2 7 0
2 10 1
2 11 1
2 15 1
2 16 1
2 17 1
2 18 1
2 21 3
2 22 3
2 23 3
2 24 3
2 25 3
2 28 1
2 29 1
2 32 1
2 33 1
2 34 1
2 35 1
2 36 3
2 39 3
2 40 3
2 41 3
2 42 3
2 45 0
2 46 0
2 47 1
2 48 1
2 51 1
2 52 1
2 53 1
3 0 0
3 1 0
3 2 0
3 3 0
3 4 0
3 7 2
3 8 2
3 9 2
3 12 0
3 13 0
3 16 1
3 17 1
3 21 0
3 22 0
3 23 0
3 24 0
3 25 0
3 28 1
3 29 1
3 30 1
3 31 2
3 32 2
3 39 0
3 40 1
3 41 1
3 42 2
3 43 2
3 46 0
3 47 1
3 48 1
3 51 1
3 52 1
3 53 1
3 54 1
3 55 1
4 0 1
4 1 1
4 2 1
4 5 1
4 6 1
4 7 1
4 8 1
4 11 1
4 12 1
4 13 1
4 14 1
4 15 1
4 21 1
4 22 3
4 23 3
4 24 3
4 25 3
4 28 1
4 29 3
4 30 3
4 33 1
4 34 3
4 35 3
4 36 3
4 39 1
4 40 1
4 41 1
4 42 1
4 45 1
4 46 1
4 49 1
4 50 1
4 51 1
4 52 1
4 53 3
5 0 2
5 1 2
5 2 2
5 3 3
5 4 3
5 11 0
5 12 0
5 13 0
5 14 0
5 15 0
5 18 0
5 19 1
5 20 1
5 21 1
5 22 1
5 25 0
5 26 2
5 27 2
5 28 2
5 31 1
5 32 3
5 36 1
5 37 1
5 38 3
5 39 3
5 42 0
5 43 0
5 44 0
5 45 1
5 46 2
5 49 3
5 50 3
5 51 3
5 54 1
5 55 1
6 0 0
6 1 0
6 2 0
6 5 0
6 6 0
6 7 3
6 10 0
6 11 0
6 12 2
6 13 2
6 17 2
6 18 2
6 21 2
6 22 2
6 23 2
6 24 2
6 25 2
6 28 2
6 29 3
6 30 3
6 31 3
6 32 3
6 35 3
6 36 3
6 37 3
6 38 3
6 39 3
6 46 0
6 47 0
6 48 0
6 49 0
6 50 0
6 53 0
6 54 2
6 55 2
7 0 0
7 1 0
7 2 0
7 3 0
7 4 2
7 9 2
7 10 2
7 11 2
7 12 2
7 13 2
7 16 2
7 17 2
7 18 2
7 19 2
7 20 2
7 23 0
7 24 0
7 25 0
7 28 2
7 29 2
7 30 2
7 31 2
7 32 2
7 38 2
7 39 2
7 40 2
7 41 2
7 42 2
7 45 0
7 46 2
7 47 2
7 48 2
7 49 2
7 52 0
7 53 0
8 0 0
8 3 0
8 4 0
8 5 0
8 6 0
8 7 1
8 10 1
8 11 1
8 12 1
8 13 1
8 14 1
8 17 1
8 18 1
8 23 0
8 24 0
8 25 0
8 26 1
8 27 1
8 30 1
8 31 1
8 32 1
8 35 0
8 36 0
8 37 0
8 38 0
8 42 1
8 43 1
8 44 1
8 45 1
8 46 1
8 51 0
8 52 0
8 53 0
8 54 0
8 55 0
9 0 2
9 1 2
9 2 2
9 3 2
9 4 2
9 7 0
9 8 0
9 9 2
9 12 0
9 13 0
9 14 1
9 15 1
9 16 2
9 22 2
9 23 2
9 26 0
9 27 0
9 28 2
9 29 2
9 30 2
9 33 0
9 34 0
9 35 0
9 36 0
9 39 0
9 40 0
9 41 0
9 42 0
9 45 0
9 46 2
9 49 1
9 50 1
9 51 2
9 52 2
9 53 2
10 0 3
10 5 1
10 6 1
10 7 1
10 8 1
10 9 1
10 12 1
10 13 1
10 14 1
10 17 3
10 18 3
10 22 0
10 23 1
10 24 1
10 25 1
10 28 0
10 29 0
10 30 0
10 31 0
10 32 0
10 35 0
10 36 0
10 37 0
10 38 1
10 39 1
10 44 0
10 45 0
10 46 1
10 47 1
10 48 1
10 51 3
10 52 3
10 53 3
10 54 3
10 55 3
11 0 0
11 1 2
11 2 2
11 5 2
11 6 2
11 7 2
11 8 2
11 9 3
11 12 0
11 13 0
11 14 2
11 15 3
11 18 0
11 19 2
11 20 3
11 23 0
11 24 3
11 25 3
11 31 2
11 32 2
11 35 0
11 36 2
11 37 2
11 38 2
11 39 2
11 42 3
11 43 3
11 44 3
11 45 3
11 46 3
11 49 2
11 50 2
11 51 2
11 54 2
11 55 2
12 0 0
12 1 0
12 2 0
12 3 0
12 4 0
12 7 1
12 8 1
12 9 1
12 12 2
12 13 2
12 14 2
12 15 2
12 16 2
12 22 0
12 23 0
12 24 1
12 25 1
12 28 1
12 29 1
12 30 2
12 33 2
12 34 2
12 35 2
12 36 2
12 37 2
12 40 1
12 41 1
12 42 1
12 43 1
12 44 1
12 47 2
12 48 2
12 49 2
12 50 2
12 51 2
13 0 0
13 1 0
13 2 3
13 3 3
13 8 1
13 9 1
13 10 1
13 11 3
13 14 1
13 15 1
13 16 1
13 17 1
13 18 3
13 23 2
13 24 2
13 25 2
13 26 2
13 27 2
13 31 2
13 32 2
13 33 2
13 34 2
13 35 2
13 38 1
13 39 2
13 40 2
13 41 2
13 42 3
13 45 1
13 46 2
13 47 2
13 48 3
13 49 3
13 52 3
13 53 3
14 0 3
14 1 3
14 7 0
14 8 0
14 9 0
14 10 0
14 11 0
14 14 0
14 15 0
14 16 0
14 17 0
14 18 0
14 21 3
14 22 3
14 23 3
14 26 0
14 27 0
14 28 0
14 29 0
14 30 0
14 33 0
14 34 0
14 35 0
14 36 0
14 37 0
14 40 0
14 41 0
14 42 3
14 43 3
14 44 3
14 49 0
14 50 0
14 51 0
14 54 0
14 55 0
15 0 1
15 1 1
15 2 1
15 3 1
15 4 1
15 7 1
15 8 1
15 9 1
15 10 1
15 11 1
15 18 1
15 19 2
15 20 2
15 21 2
15 22 2
15 25 2
15 26 2
15 27 3
15 28 3
15 29 3
15 32 1
15 33 1
15 34 1
15 35 1
15 36 1
15 39 1
15 40 2
15 41 2
15 42 2
15 43 3
15 49 3
15 50 3
15 51 3
15 52 3
15 53 3
16 0 2
16 3 0
16 4 0
16 8 0
16 9 2
16 10 2
16 11 2
16 14 3
16 15 3
16 16 3
16 19 0
16 20 0
16 21 0
16 22 0
16 23 2
16 26 0
16 27 0
16 28 0
16 29 0
16 30 0
16 33 0
16 34 2
16 35 2
16 36 3
16 39 2
16 40 2
16 41 3
16 42 3
16 45 2
16 46 2
16 49 0
16 50 0
16 51 3
16 52 3
16 53 3
17 0 1
17 1 1
17 2 1
17 3 1
17 4 1
17 7 0
17 8 0
17 9 1
17 10 3
17 14 3
17 15 3
17 16 3
17 17 3
17 18 3
17 21 1
17 22 1
17 25 3
17 26 3
17 27 3
17 28 3
17 31 0
17 32 0
17 33 0
17 34 0
17 35 0
17 38 0
17 39 0
17 40 0
17 41 0
17 44 0
17 45 0
17 46 1
17 53 1
17 54 1
17 55 1
18 0 0
18 1 0
18 2 1
18 3 2
18 4 2
18 7 2
18 8 2
18 9 2
18 10 2
18 11 2
18 16 0
18 17 0
18 18 0
18 19 1
18 20 1
18 25 2
18 26 2
18 27 2
18 28 2
18 29 2
18 33 1
18 34 1
18 35 1
18 36 1
18 39 1
18 40 1
18 41 2
18 44 2
18 45 2
18 46 2
18 49 0
18 50 1
18 51 1
18 52 1
18 53 2
19 0 0
19 1 0
19 2 0
19 5 0
19 6 0
19 7 3
19 12 3
19 13 3
19 14 3
19 17 2
19 18 2
19 21 2
19 22 2
19 23 2
19 24 2
19 25 2
19 28 3
19 29 3
19 30 3
19 31 3
19 32 3
19 36 2
19 37 2
19 38 2
19 39 2
19 42 0
19 43 0
19 44 3
19 47 2
19 48 2
19 51 2
19 52 2
19 53 2
19 54 2
19 55 2
20 0 2
20 1 2
20 2 2
20 3 3
20 4 3
20 8 1
20 9 1
20 12 2
20 13 2
20 14 2
20 15 2
20 16 2
20 21 0
20 22 0
20 23 1
20 24 1
20 25 1
20 28 0
20 29 0
20 30 1
20 33 2
20 34 2
20 35 2
20 36 2
20 37 2
20 44 0
20 45 0
20 46 0
20 47 0
20 48 0
20 51 1
20 52 1
20 53 1
20 54 1
20 55 1
21 0 0
21 1 0
21 2 1
21 3 1
21 4 3
21 7 3
21 8 3
21 11 3
21 12 3
21 13 3
21 16 0
21 17 0
21 18 0
21 19 0
21 20 0
21 24 1
21 25 1
21 26 1
21 27 1
21 28 3
21 33 2
21 34 2
21 35 2
21 36 2
21 37 2
21 42 0
21 43 1
21 44 2
21 45 2
21 46 3
21 49 0
21 50 0
21 51 0
21 52 0
21 53 3
22 0 1
22 1 1
22 2 1
22 3 1
22 4 2
22 12 2
22 13 2
22 14 3
22 15 3
22 16 3
22 19 0
22 20 2
22 21 3
22 22 3
22 25 1
22 26 1
22 27 1
22 30 1
22 31 1
22 32 1
22 33 1
22 34 1
22 37 1
22 38 1
22 39 1
22 42 1
22 43 3
22 44 3
22 45 3
22 46 3
22 49 1
22 50 2
22 51 2
22 52 2
22 53 3
23 0 1
23 1 1
23 2 1
23 3 1
23 4 1
23 7 1
23 8 2
23 14 2
23 15 2
23 16 2
23 17 2
23 18 2
23 21 0
23 22 1
23 23 2
23 26 2
23 27 2
23 28 2
23 29 2
23 30 2
23 33 1
23 34 1
23 35 1
23 36 1
23 37 2
23 40 2
23 41 2
23 42 2
23 43 2
23 44 2
23 47 1
23 48 1
23 49 1
23 50 1
23 51 1
24 0 2
24 1 2
24 2 2
24 5 3
24 6 3
24 7 3
24 8 3
24 11 1
24 12 1
24 13 1
24 14 1
24 15 1
24 18 3
24 19 3
24 20 3
24 21 3
24 22 3
24 30 0
24 31 0
24 32 0
24 33 0
24 34 0
24 37 1
24 38 1
24 39 1
24 42 1
24 43 2
24 44 2
24 45 2
24 46 3
24 49 2
24 50 2
24 51 2
24 52 2
24 53 2
25 0 0
25 1 0
25 2 3
25 5 3
25 6 3
25 9 0
25 10 0
25 11 0
25 12 0
25 13 0
25 16 0
25 17 3
25 18 3
25 19 3
25 20 3
25 23 0
25 24 0
25 25 0
25 26 0
25 29 0
25 30 0
25 31 0
25 32 0
25 35 0
25 36 0
25 37 0
25 38 3
25 44 0
25 45 0
25 46 0
25 49 0
25 50 0
25 51 0
25 52 0
25 53 3
26 0 0
26 1 0
26 2 0
26 5 2
26 6 2
26 7 2
26 8 3
26 9 3
26 14 0
26 15 0
26 16 0
26 17 1
26 18 1
26 22 1
26 23 1
26 24 1
26 28 0
26 29 0
26 30 0
26 31 0
26 32 0
26 36 1
26 37 3
26 40 0
26 41 0
26 42 0
26 43 0
26 44 1
26 47 0
26 48 3
26 49 3
26 50 3
26 51 3
26 54 2
26 55 2
27 0 3
27 5 0
27 6 0
27 7 0
27 8 0
27 9 1
27 12 1
27 13 2
27 14 2
27 15 2
27 16 2
27 19 0
27 20 1
27 21 1
27 22 1
27 23 1
27 26 1
27 27 1
27 30 3
27 31 3
27 32 3
27 35 0
27 36 3
27 37 3
27 38 3
27 39 3
27 42 2
27 43 2
27 44 2
27 45 2
27 46 2
27 49 2
27 50 2
27 51 2
27 52 3
28 0 0
28 3 0
28 4 0
28 5 0
28 6 2
28 7 2
28 10 1
28 11 1
28 12 1
28 13 1
28 16 1
28 17 1
28 18 1
28 19 1
28 20 1
28 23 1
28 24 1
28 25 1
28 28 1
28 29 1
28 30 1
28 31 1
28 37 1
28 38 1
28 39 1
28 40 3
28 41 3
28 44 1
28 45 2
28 46 2
28 49 0
28 50 1
28 51 2
28 52 2
28 53 2
29 2 1
29 3 1
29 4 1
29 5 1
29 6 1
29 9 1
29 10 1
29 11 2
29 12 2
29 13 2
29 16 1
29 17 1
29 18 1
29 19 2
29 20 2
29 23 1
29 24 1
29 28 1
29 29 3
29 30 3
29 31 3
29 32 3
29 35 1
29 36 1
29 37 1
29 38 1
29 39 1
29 43 1
29 44 1
29 45 1
29 46 1
29 50 3
29 51 3
29 54 2
29 55 3
30 0 2
30 1 3
30 2 3
30 3 3
30 8 0
30 9 0
30 10 0
30 11 3
30 14 1
30 15 1
30 16 1
30 19 2
30 20 2
30 21 2
30 22 2
30 26 1
30 27 1
30 28 1
30 31 1
30 32 1
30 35 0
30 36 1
30 37 3
30 40 1
30 41 1
30 42 1
30 43 1
30 46 1
30 47 2
30 48 3
30 49 3
30 52 1
30 53 1
31 0 0
31 1 3
31 4 2
31 5 2
31 6 2
31 7 3
31 11 3
31 12 3
31 13 3
31 14 3
31 17 0
31 18 0
31 19 0
31 20 0
31 23 0
31 24 1
31 25 2
31 30 1
31 31 1
31 32 1
31 36 0
31 37 0
31 38 0
31 39 0
31 42 0
31 43 2
31 44 2
31 45 3
31 49 0
31 50 0
31 51 0
31 54 1
31 55 1
