0 0 8 100 1
0 1 7 100 1
0 2 2 100 1
0 3 7 100 1
0 4 1 100 1
1 0 8 100 1
1 1 6 100 1
1 2 4 100 1
1 3 8 100 1
1 4 2 100 1
2 0 6 100 1
2 1 5 100 1
2 2 2 100 1
2 3 5 100 1
2 4 2 100 1
3 0 8 100 1
3 1 5 100 1
3 2 2 100 1
3 3 7 100 1
3 4 3 100 1
4 0 7 100 1
4 1 7 100 1
4 2 2 100 1
4 3 7 100 1
4 4 2 100 1
5 0 7 100 1
5 1 5 100 1
5 2 1 100 1
5 3 7 100 1
5 4 4 100 1
6 0 7 100 1
6 1 6 100 1
6 2 3 100 1
6 3 6 100 1
6 4 4 100 1
7 0 6 100 1
7 1 4 100 1
7 2 3 100 1
7 3 7 100 1
7 4 1 100 1
8 0 7 100 1
8 1 5 100 1
8 2 3 100 1
8 3 7 100 1
8 4 4 100 1
9 0 7 100 1
9 1 4 100 1
9 2 2 100 1
9 3 6 100 1
9 4 2 100 1
10 0 6 100 1
10 1 3 100 1
10 2 2 100 1
10 3 8 100 1
10 4 1 100 1
11 0 6 100 1
11 1 4 100 1
11 2 1 100 1
11 3 7 100 1
11 4 2 100 1
12 0 7 100 1
12 1 4 100 1
12 2 3 100 1
12 3 7 100 1
12 4 2 100 1
13 0 9 100 1
13 1 4 100 1
13 2 1 100 1
13 3 7 100 1
13 4 4 100 1
14 0 9 100 1
14 1 4 100 1
14 2 2 100 1
14 3 7 100 1
14 4 2 100 1
15 0 8 100 1
15 1 3 100 1
15 2 2 100 1
15 3 6 100 1
15 4 2 100 1
16 0 7 100 1
16 1 6 100 1
16 2 2 100 1
16 3 7 100 1
16 4 3 100 1
17 0 7 100 1
17 1 3 100 1
17 2 4 100 1
17 3 7 100 1
17 4 1 100 1
18 0 6 100 1
18 1 3 100 1
18 2 1 100 1
18 3 8 100 1
18 4 1 100 1
19 0 8 100 1
19 1 3 100 1
19 2 3 100 1
19 3 7 100 1
19 4 2 100 1
20 0 8 100 1
20 1 4 100 1
20 2 2 100 1
20 3 6 100 1
20 4 2 100 1
21 0 7 100 1
21 1 4 100 1
21 2 1 100 1
21 3 7 100 1
21 4 1 100 1
22 0 7 100 1
22 1 6 100 1
22 2 3 100 1
22 3 7 100 1
22 4 4 100 1
23 0 7 100 1
23 1 3 100 1
23 2 2 100 1
23 3 8 100 1
23 4 3 100 1
24 0 7 100 1
24 1 4 100 1
24 2 1 100 1
24 3 5 100 1
24 4 3 100 1
25 0 7 100 1
25 1 5 100 1
25 2 1 100 1
25 3 6 100 1
25 4 4 100 1
26 0 5 100 1
26 1 3 100 1
26 2 2 100 1
26 3 7 100 1
26 4 2 100 1
27 0 7 100 1
27 1 3 100 1
27 2 1 100 1
27 3 7 100 1
27 4 2 100 1
28 0 7 100 1
28 1 6 100 1
28 2 1 100 1
28 3 8 100 1
28 4 4 100 1
29 0 8 100 1
29 1 5 100 1
29 2 2 100 1
29 3 7 100 1
29 4 2 100 1
30 0 9 100 1
30 1 4 100 1
30 2 2 100 1
30 3 5 100 1
30 4 3 100 1
31 0 6 100 1
31 1 4 100 1
31 2 1 100 1
31 3 7 100 1
31 4 3 100 1
32 0 8 100 1
32 1 4 100 1
32 2 3 100 1
32 3 9 100 1
32 4 3 100 1
33 0 7 100 1
33 1 4 100 1
33 2 3 100 1
33 3 7 100 1
33 4 1 100 1
34 0 8 100 1
34 1 5 100 1
34 2 4 100 1
34 3 9 100 1
34 4 3 100 1
35 0 9 100 1
35 1 5 100 1
35 2 2 100 1
35 3 7 100 1
35 4 2 100 1
36 0 8 100 1
36 1 3 100 1
36 2 1 100 1
36 3 7 100 1
36 4 1 100 1
37 0 6 100 1
37 1 4 100 1
37 2 3 100 1
37 3 6 100 1
37 4 2 100 1
38 0 7 100 1
38 1 4 100 1
38 2 2 100 1
38 3 6 100 1
38 4 1 100 1
39 0 9 100 1
39 1 4 100 1
39 2 1 100 1
39 3 8 100 1
39 4 1 100 1
40 0 8 100 1
40 1 4 100 1
40 2 2 100 1
40 3 9 100 1
40 4 2 100 1
41 0 7 100 1
41 1 4 100 1
41 2 2 100 1
41 3 7 100 1
41 4 3 100 1
42 0 6 100 1
42 1 4 100 1
42 2 2 100 1
42 3 5 100 1
42 4 2 100 1
43 0 7 100 1
43 1 4 100 1
43 2 3 100 1
43 3 5 100 1
43 4 2 100 1
44 0 7 100 1
44 1 4 100 1
44 2 2 100 1
44 3 7 100 1
44 4 2 100 1
45 0 8 100 1
45 1 4 100 1
45 2 2 100 1
45 3 6 100 1
45 4 1 100 1
46 0 7 100 1
46 1 4 100 1
46 2 2 100 1
46 3 7 100 1
46 4 2 100 1
47 0 7 100 1
47 1 5 100 1
47 2 2 100 1
47 3 9 100 1
47 4 2 100 1
48 0 5 100 1
48 1 4 100 1
48 2 1 100 1
48 3 6 100 1
48 4 3 100 1
49 0 4 100 1
49 1 5 100 1
49 2 2 100 1
49 3 6 100 1
49 4 2 100 1
50 0 6 100 1
50 1 4 100 1
50 2 3 100 1
50 3 6 100 1
50 4 2 100 1
51 0 7 100 1
51 1 5 100 1
51 2 1 100 1
51 3 7 100 1
51 4 3 100 1
52 0 8 100 1
52 1 3 100 1
52 2 3 100 1
52 3 7 100 1
52 4 1 100 1
53 0 5 100 1
53 1 4 100 1
53 2 2 100 1
53 3 7 100 1
53 4 2 100 1
54 0 4 100 1
54 1 4 100 1
54 2 1 100 1
54 3 5 100 1
54 4 2 100 1
55 0 7 100 1
55 1 2 100 1
55 2 2 100 1
55 3 7 100 1
55 4 2 100 1
56 0 7 100 1
56 1 3 100 1
56 2 3 100 1
56 3 8 100 1
56 4 2 100 1
57 0 5 100 1
57 1 5 100 1
57 2 2 100 1
57 3 5 100 1
57 4 1 100 1
58 0 7 100 1
58 1 4 100 1
58 2 2 100 1
58 3 7 100 1
58 4 2 100 1
59 0 8 100 1
59 1 3 100 1
59 2 1 100 1
59 3 7 100 1
59 4 2 100 1
60 0 7 100 1
60 1 4 100 1
60 2 2 100 1
60 3 8 100 1
60 4 2 100 1
61 0 7 100 1
61 1 4 100 1
61 2 2 100 1
61 3 6 100 1
61 4 2 100 1
62 0 9 100 1
62 1 3 100 1
62 2 2 100 1
62 3 8 100 1
62 4 2 100 1
63 0 6 100 1
63 1 4 100 1
63 2 2 100 1
63 3 6 100 1
63 4 2 100 1
64 0 8 100 1
64 1 3 100 1
64 2 3 100 1
64 3 7 100 1
64 4 2 100 1
65 0 7 100 1
65 1 5 100 1
65 2 4 100 1
65 3 6 100 1
65 4 4 100 1
66 0 8 100 1
66 1 2 100 1
66 2 2 100 1
66 3 6 100 1
66 4 3 100 1
67 0 5 100 1
67 1 5 100 1
67 2 2 100 1
67 3 6 100 1
67 4 2 100 1
68 0 7 100 1
68 1 3 100 1
68 2 2 100 1
68 3 6 100 1
68 4 2 100 1
69 0 6 100 1
69 1 4 100 1
69 2 2 100 1
69 3 6 100 1
69 4 1 100 1
70 0 6 100 1
70 1 3 100 1
70 2 1 100 1
70 3 9 100 1
70 4 1 100 1
71 0 8 100 1
71 1 4 100 1
71 2 2 100 1
71 3 7 100 1
71 4 2 100 1
72 0 7 100 1
72 1 4 100 1
72 2 1 100 1
72 3 7 100 1
72 4 4 100 1
73 0 6 100 1
73 1 4 100 1
73 2 4 100 1
73 3 5 100 1
73 4 1 100 1
74 0 7 100 1
74 1 4 100 1
74 2 2 100 1
74 3 6 100 1
74 4 1 100 1
75 0 7 100 1
75 1 4 100 1
75 2 2 100 1
75 3 7 100 1
75 4 2 100 1
76 0 7 100 1
76 1 4 100 1
76 2 2 100 1
76 3 7 100 1
76 4 2 100 1
77 0 7 100 1
77 1 4 100 1
77 2 2 100 1
77 3 4 100 1
77 4 2 100 1
78 0 7 100 1
78 1 4 100 1
78 2 4 100 1
78 3 7 100 1
78 4 2 100 1
79 0 6 100 1
79 1 4 100 1
79 2 1 100 1
79 3 6 100 1
79 4 2 100 1
80 0 5 100 1
80 1 4 100 1
80 2 4 100 1
80 3 8 100 1
80 4 1 100 1
81 0 7 100 1
81 1 3 100 1
81 2 2 100 1
81 3 7 100 1
81 4 1 100 1
82 0 7 100 1
82 1 6 100 1
82 2 2 100 1
82 3 8 100 1
82 4 2 100 1
83 0 6 100 1
83 1 4 100 1
83 2 3 100 1
83 3 6 100 1
83 4 2 100 1
