21 22 23 33 73 74 75 76
12 27 28 34 40 63 64 65
15 16 17 49 50 57 58 67
10 11 12 13 14 15 35 80
31 32 33 34 42 43 44 52
26 27 28 29 30 31 32 33
46 47 48 49 52 53 54 55
39 40 54 55 56 57 65 79
12 35 39 40 41 42 43 56
30 31 32 33 58 59 60 61
6 7 8 9 73 74 75 76
7 63 64 65 71 72 73 74
7 8 9 10 11 40 41 42
24 25 26 27 28 29 66 67
1 2 3 4 5 13 14 21
24 25 26 27 28 29 63 64
22 23 24 32 33 34 35 58
40 49 52 53 54 55 56 57
0 1 2 3 4 11 12 58
3 4 5 6 17 18 19 29
19 20 21 41 42 43 73 74
16 17 18 19 20 25 26 29
22 23 30 31 47 48 80 81
22 23 24 27 28 51 52 83
33 34 35 52 55 56 63 64
16 17 52 53 59 79 80 81
47 48 72 76 77 78 79 80
25 26 27 28 29 30 59 60
21 22 49 50 51 52 78 79
39 40 41 42 43 44 45 46
10 11 12 13 48 49 50 51
3 4 5 6 7 52 53 54
20 21 22 23 24 25 26 27
6 7 8 9 10 20 28 57
19 31 32 33 34 35 36 78
1 2 3 4 54 57 67 68
17 56 57 58 59 60 82 83
36 50 51 52 53 54 55 56
29 52 53 54 58 59 60 61
59 60 61 62 63 64 65 66
