84 84 0 0 12 25920 24960 5 2 2 6
84 84 0 0 0 25920 24960 5 2 2 6
84 84 21 0 0 25920 24960 5 2 2 6
84 0 21 84 12 25920 24960 5 2 2 6
84 84 0 0 0 25920 24960 5 2 2 6
0 84 0 0 0 25920 24960 5 2 2 6
84 84 21 84 0 25920 24960 5 2 2 6
0 84 21 84 12 25920 24960 5 2 2 6
84 84 21 0 0 25920 24960 5 2 2 6
0 84 21 84 12 25920 24960 5 2 2 6
84 0 0 84 12 25920 24960 5 2 2 6
84 84 0 84 0 25920 24960 5 2 2 6
84 0 0 84 12 25920 24960 5 2 2 6
84 84 21 0 12 25920 24960 5 2 2 6
84 84 21 84 0 25920 24960 5 2 2 6
84 84 0 84 0 25920 24960 5 2 2 6
84 0 21 84 12 25920 24960 5 2 2 6
84 0 0 0 12 25920 24960 5 2 2 6
84 84 0 84 12 25920 24960 5 2 2 6
84 84 0 0 0 25920 24960 5 2 2 6
84 84 21 0 0 25920 24960 5 2 2 6
0 84 21 0 0 25920 24960 5 2 2 6
84 0 0 84 0 25920 24960 5 2 2 6
84 84 21 84 0 25920 24960 5 2 2 6
84 84 0 84 12 25920 24960 5 2 2 6
0 84 0 84 12 25920 24960 5 2 2 6
84 84 21 84 12 25920 24960 5 2 2 6
84 84 21 84 0 25920 24960 5 2 2 6
84 84 0 84 0 25920 24960 5 2 2 6
84 0 21 0 0 25920 24960 5 2 2 6
84 84 20 84 12 24300 23340 4 3 2 6
84 0 0 0 0 24300 23340 4 3 2 6
84 0 20 84 12 24300 23340 4 3 2 6
84 84 20 0 12 24300 23340 4 3 2 6
84 84 11 0 0 14220 13260 5 2 2 9
84 84 0 84 0 14220 13260 5 2 2 9
84 84 0 0 7 14220 13260 5 2 2 9
84 84 11 84 7 14220 13260 5 2 2 9
84 84 11 0 0 14220 13260 5 2 2 9
84 84 11 0 0 14220 13260 5 2 2 9
