0 14 4 2
0 15 4 2
0 28 1 3
0 29 1 3
0 30 1 3
0 31 1 3
0 45 1 2
0 46 1 2
0 47 1 2
0 48 1 2
0 49 1 2
1 3 1 3
1 4 1 3
1 5 1 3
1 6 1 3
1 13 0 3
1 14 0 3
1 15 0 3
1 16 0 3
1 21 1 1
1 36 0 2
1 37 0 2
1 38 0 2
1 49 0 3
1 50 0 3
1 51 0 3
2 9 0 3
2 22 0 3
2 26 0 3
2 27 0 3
2 38 2 3
2 39 2 3
2 40 2 3
2 41 2 3
3 2 0 2
3 24 2 1
3 25 2 1
3 26 2 1
3 36 3 1
3 68 2 3
3 69 2 3
3 70 2 3
3 71 2 3
4 3 1 3
4 4 1 3
4 5 1 3
4 9 0 2
4 10 0 2
4 16 0 2
4 17 0 2
4 18 0 2
4 25 1 1
4 26 1 1
4 27 1 1
4 28 1 1
4 29 1 1
4 36 1 1
4 37 1 1
4 60 0 3
4 61 0 3
4 62 0 3
4 71 1 1
4 72 1 1
4 73 1 1
4 74 1 1
4 75 1 1
4 79 1 2
4 80 1 2
4 81 1 2
5 35 1 3
5 36 1 3
5 37 1 3
5 38 1 3
5 39 1 3
5 53 1 1
5 54 1 1
5 55 1 1
5 74 1 3
5 75 1 3
5 76 1 3
5 80 1 2
5 81 1 2
6 39 0 1
6 40 0 1
6 41 0 1
6 42 0 1
6 43 0 1
6 69 0 2
6 70 0 2
6 71 0 2
6 72 0 2
6 73 0 2
6 79 0 3
6 80 0 3
7 3 3 2
7 30 2 3
7 31 2 3
7 82 1 1
7 83 1 1
8 1 0 3
8 2 0 3
8 13 2 2
8 14 2 2
8 15 2 2
8 16 2 2
8 17 2 2
8 44 1 3
8 60 0 2
8 61 0 2
8 75 2 3
8 76 2 3
8 77 2 3
8 78 2 3
8 79 2 3
9 21 2 2
9 22 2 2
9 23 2 2
9 24 2 2
9 25 2 2
9 34 3 3
9 35 3 3
9 42 4 3
9 43 4 3
9 44 4 3
9 45 4 3
9 46 4 3
9 63 1 3
9 64 1 3
9 65 1 3
9 66 1 3
10 26 4 1
10 27 4 1
10 28 4 1
10 29 4 1
10 30 4 1
10 36 0 2
10 37 0 2
11 8 0 2
11 9 0 2
11 10 0 2
11 11 0 2
11 12 0 2
11 24 3 1
11 25 3 1
11 36 0 3
11 37 0 3
11 54 1 3
11 55 1 3
11 56 1 3
11 57 1 3
11 66 1 1
11 67 1 1
11 68 1 1
11 69 1 1
11 70 1 1
12 17 3 3
12 18 3 3
12 19 3 3
12 23 3 3
12 24 3 3
12 44 4 3
12 45 4 3
12 46 4 3
12 47 4 3
12 53 0 2
12 54 0 2
12 55 0 2
12 56 0 2
12 57 0 2
12 82 0 3
13 2 2 2
13 3 2 2
13 4 2 2
13 31 4 2
13 32 4 2
13 75 1 3
13 76 1 3
13 77 1 3
14 28 2 3
14 29 2 3
14 30 2 3
14 35 1 1
14 36 1 1
14 37 1 1
14 38 1 1
14 45 0 1
14 46 0 1
14 47 0 1
14 54 0 1
14 80 1 3
15 0 0 2
15 1 0 2
15 2 0 2
15 3 0 2
15 32 1 2
15 33 1 2
15 34 1 2
15 40 1 1
15 41 1 1
15 42 1 1
15 43 1 1
15 44 1 1
15 50 1 1
15 51 1 1
15 57 1 3
15 58 1 3
15 59 1 3
15 60 1 3
15 61 1 3
15 73 0 2
15 77 0 3
15 78 0 3
15 79 0 3
16 2 0 1
16 3 0 1
16 4 0 1
16 5 0 1
16 28 3 2
16 29 3 2
16 51 2 1
16 52 2 1
16 53 2 1
16 54 2 1
16 59 4 3
16 60 4 3
16 61 4 3
16 62 4 3
17 19 0 2
17 20 0 2
17 21 0 2
17 22 0 2
17 43 4 1
17 44 4 1
17 45 4 1
17 46 4 1
17 47 4 1
18 16 1 1
18 17 1 1
18 18 1 1
18 32 3 3
18 33 3 3
18 34 3 3
18 35 3 3
18 36 3 3
18 66 3 1
18 67 3 1
18 68 3 1
18 69 3 1
18 70 3 1
18 77 3 1
18 78 3 1
18 79 3 1
18 80 3 1
18 81 3 1
19 8 1 2
19 9 1 2
19 10 1 2
19 25 1 2
19 26 1 2
19 27 1 2
19 28 1 2
19 32 1 3
19 33 1 3
19 48 1 2
19 49 1 2
19 54 0 3
19 55 0 3
19 56 0 3
19 57 0 3
19 58 0 3
19 78 1 1
19 79 1 1
20 2 2 3
20 3 2 3
20 4 2 3
20 5 2 3
20 23 2 2
20 24 2 2
20 25 2 2
20 50 1 3
20 51 1 3
20 52 1 3
20 53 1 3
20 54 1 3
20 66 1 1
20 67 1 1
20 68 1 1
21 9 2 1
21 10 2 1
21 11 2 1
21 12 2 1
21 13 2 1
21 28 1 1
21 51 1 2
21 52 1 2
21 53 1 2
21 72 2 3
21 77 2 3
22 1 0 2
22 2 0 2
22 3 0 2
22 27 3 3
22 28 3 3
22 29 3 3
22 35 0 2
22 40 0 2
22 41 0 2
22 42 0 2
22 54 3 2
22 55 3 2
22 56 3 2
22 57 3 2
22 61 3 3
22 82 3 3
22 83 3 3
23 1 3 3
23 2 3 3
23 3 3 3
23 16 0 2
23 17 0 2
23 33 1 1
23 34 1 1
23 39 0 1
23 40 0 1
23 41 0 1
23 42 0 1
23 43 0 1
23 63 1 3
23 64 1 3
23 65 1 3
23 66 1 3
23 81 1 2
23 82 1 2
24 0 1 2
24 1 1 2
24 7 3 3
24 8 3 3
24 9 3 3
24 10 3 3
24 11 3 3
24 27 1 1
24 28 1 1
24 29 1 1
24 30 1 1
24 36 3 3
24 37 3 3
24 38 3 3
24 39 3 3
24 62 4 1
24 70 0 3
24 71 0 3
24 72 0 3
24 77 3 2
24 78 3 2
24 79 3 2
24 80 3 2
25 7 4 1
25 8 4 1
25 9 4 1
25 10 4 1
25 11 4 1
25 39 3 2
25 43 3 1
25 44 3 1
25 45 3 1
25 46 3 1
25 72 4 1
25 73 4 1
25 74 4 1
25 75 4 1
25 76 4 1
26 2 0 2
26 9 0 2
26 10 0 2
26 11 0 2
26 12 0 2
26 24 0 2
26 25 0 2
26 26 0 2
26 27 0 2
26 40 0 2
26 41 0 2
26 49 1 2
26 50 1 2
26 61 1 1
26 62 1 1
26 63 1 1
26 64 1 1
26 65 1 1
27 9 3 1
27 10 3 1
27 11 3 1
27 12 3 1
27 13 3 1
27 31 1 2
27 32 1 2
27 33 1 2
27 34 1 2
27 35 1 2
27 40 0 2
27 41 0 2
27 42 0 2
27 43 0 2
27 44 0 2
27 61 2 2
27 62 2 2
27 63 2 2
27 64 2 2
27 71 2 2
27 72 2 2
27 73 2 2
27 74 2 2
27 78 3 1
27 79 3 1
28 12 3 3
28 13 3 3
28 14 3 3
28 31 1 3
28 38 1 2
28 39 1 2
28 40 1 2
28 41 1 2
28 42 1 2
28 53 0 1
29 9 0 3
29 10 0 3
29 27 0 1
29 28 0 1
29 29 0 1
29 30 0 1
29 47 2 3
29 64 0 2
29 65 0 2
29 66 0 2
29 67 0 2
29 74 0 2
29 75 0 2
30 3 1 3
30 4 1 3
30 5 1 3
30 18 4 2
30 19 4 2
30 20 4 2
30 21 4 2
30 22 4 2
30 30 2 2
30 53 2 3
30 54 2 3
30 55 2 3
30 56 2 3
30 63 4 3
30 71 1 3
30 72 1 3
30 73 1 3
30 74 1 3
30 75 1 3
31 20 0 3
31 21 0 3
31 22 0 3
31 23 0 3
31 31 0 2
31 37 0 2
31 38 0 2
31 39 0 2
31 40 0 2
31 55 0 3
31 56 0 3
31 57 0 3
31 63 0 2
31 64 0 2
31 65 0 2
31 66 0 2
31 67 0 2
32 34 2 1
32 35 2 1
32 36 2 1
32 37 2 1
32 41 4 3
32 45 3 3
32 46 3 3
32 47 3 3
32 54 0 2
32 79 2 1
32 80 2 1
32 81 2 1
32 82 2 1
32 83 2 1
33 11 4 1
33 12 4 1
33 13 4 1
33 14 4 1
33 15 4 1
33 25 0 1
33 39 0 2
33 40 0 2
33 41 0 2
33 42 0 2
33 68 4 2
33 69 4 2
33 70 4 2
33 71 4 2
33 79 2 3
33 80 2 3
33 81 2 3
33 82 2 3
33 83 2 3
34 1 2 3
34 2 2 3
34 9 0 2
34 10 0 2
34 20 1 1
34 21 1 1
34 22 1 1
34 23 1 1
34 73 1 3
34 74 1 3
34 75 1 3
35 21 0 1
35 29 0 2
35 30 0 2
35 31 0 2
35 32 0 2
35 33 0 2
35 41 0 3
35 42 0 3
35 43 0 3
35 44 0 3
35 45 0 3
35 70 0 2
35 71 0 2
35 72 0 2
35 73 0 2
35 74 0 2
35 78 1 1
35 79 1 1
35 80 1 1
35 81 1 1
35 82 1 1
36 2 1 3
36 3 1 3
36 4 1 3
36 5 1 3
36 6 1 3
36 10 0 2
36 11 0 2
36 61 1 3
36 62 1 3
36 63 1 3
36 69 1 3
37 2 3 3
37 3 3 3
37 4 3 3
37 14 1 1
37 21 2 2
37 22 2 2
37 23 2 2
37 29 4 3
37 30 4 3
37 31 4 3
37 32 4 3
37 65 3 3
37 66 3 3
37 67 3 3
37 68 3 3
37 69 3 3
38 1 1 1
38 2 1 1
38 3 1 1
38 4 1 1
38 9 1 2
38 10 1 2
38 11 1 2
38 15 2 3
38 16 2 3
38 17 2 3
38 22 0 3
38 23 0 3
38 24 0 3
38 69 0 3
38 76 2 2
38 77 2 2
38 78 2 2
39 9 0 2
39 10 0 2
39 11 0 2
39 12 0 2
39 17 2 1
