0 1 1 3
0 2 1 3
0 3 1 3
0 4 1 3
0 5 1 3
0 36 0 1
0 37 0 1
1 75 0 3
1 76 0 3
1 77 0 3
1 78 0 3
2 59 1 2
2 74 2 2
2 75 2 2
2 76 2 2
2 77 2 2
3 8 3 2
3 17 2 1
3 18 2 1
3 19 2 1
3 42 3 1
3 43 3 1
3 44 3 1
3 45 3 1
3 49 3 1
3 50 3 1
4 53 0 3
5 15 1 1
5 20 1 2
5 21 1 2
5 60 1 2
5 61 1 2
5 62 1 2
5 63 1 2
5 68 1 1
5 69 1 1
5 70 1 1
6 6 0 1
6 7 0 1
6 8 0 1
6 9 0 1
6 14 1 3
6 15 1 3
6 23 3 2
6 24 3 2
7 9 4 3
7 10 4 3
7 15 4 3
7 16 4 3
7 17 4 3
7 18 4 3
7 46 3 3
7 47 3 3
7 48 3 3
7 49 3 3
7 74 1 3
8 21 1 1
9 0 2 1
9 9 4 2
9 10 4 2
9 11 4 2
9 12 4 2
9 13 4 2
9 71 3 3
9 72 3 3
9 76 1 3
9 77 1 3
9 78 1 3
10 11 0 3
10 12 0 3
10 13 0 3
10 14 0 3
10 15 0 3
10 44 3 2
10 45 3 2
10 52 3 1
10 53 3 1
10 54 3 1
10 55 3 1
10 67 4 2
10 68 4 2
10 69 4 2
10 70 4 2
10 71 4 2
11 46 1 1
11 47 1 1
12 62 3 2
12 63 3 2
12 64 3 2
13 20 4 2
13 21 4 2
13 22 4 2
13 23 4 2
13 43 2 3
13 44 2 3
13 45 2 3
13 46 2 3
13 47 2 3
13 53 1 3
13 54 1 3
13 55 1 3
13 56 1 3
13 57 1 3
14 71 3 2
14 72 3 2
14 73 3 2
14 74 3 2
14 75 3 2
16 17 4 1
16 18 4 1
16 37 4 3
16 41 4 1
16 42 4 1
16 43 4 1
16 67 2 2
17 3 0 1
17 4 0 1
17 5 0 1
17 6 0 1
17 7 0 1
17 35 4 2
17 36 4 2
17 37 4 2
17 38 4 2
17 70 0 2
17 71 0 2
17 72 0 2
17 79 4 2
17 80 4 2
17 81 4 2
18 26 3 1
18 27 3 1
18 28 3 1
18 50 0 3
18 51 0 3
19 38 0 1
19 39 0 1
19 40 0 1
19 41 0 1
19 62 1 2
19 63 1 2
19 64 1 2
19 65 1 2
20 44 1 1
21 64 1 3
21 65 1 3
22 68 0 3
22 69 0 3
22 70 0 3
22 71 0 3
22 72 0 3
23 26 0 2
23 73 0 3
23 74 0 3
23 75 0 3
23 76 0 3
25 19 4 2
25 20 4 2
25 21 4 2
25 61 1 2
25 62 1 2
25 63 1 2
25 64 1 2
25 65 1 2
27 2 3 1
27 3 3 1
27 18 3 2
28 3 1 3
28 4 1 3
28 5 1 3
28 6 1 3
28 7 1 3
28 24 3 2
28 25 3 2
28 58 3 1
28 59 3 1
28 60 3 1
28 61 3 1
28 62 3 1
29 18 0 3
29 19 0 3
29 20 0 3
29 21 0 3
29 22 0 3
29 80 0 2
29 81 0 2
30 42 0 1
30 43 0 1
30 44 0 1
31 0 0 2
31 1 0 2
31 2 0 2
31 8 0 2
31 9 0 2
31 13 0 2
31 14 0 2
32 8 0 3
32 9 0 3
32 10 0 3
32 63 0 2
32 64 0 2
32 65 0 2
33 2 0 1
33 3 0 1
33 29 0 1
33 30 0 1
33 31 0 1
33 46 0 1
33 47 0 1
33 48 0 1
33 49 0 1
33 59 1 2
33 60 1 2
33 61 1 2
33 62 1 2
34 40 0 1
34 41 0 1
34 42 0 1
34 43 0 1
34 44 0 1
35 8 0 3
35 9 0 3
35 10 0 3
35 11 0 3
36 26 1 1
36 41 4 2
36 42 4 2
36 43 4 2
36 44 4 2
37 39 1 2
37 76 0 3
37 77 0 3
37 78 0 3
38 34 1 3
38 42 0 2
38 43 0 2
38 44 0 2
38 45 0 2
38 46 0 2
38 62 0 3
38 63 0 3
39 23 2 1
39 77 2 3
39 78 2 3
39 79 2 3
39 80 2 3
39 81 2 3
