9 0 1
9 1 3
9 4 3
9 5 3
9 6 3
9 7 3
9 8 3
9 11 1
9 12 3
9 13 3
9 14 4
9 17 3
9 18 3
9 21 2
9 22 2
9 23 2
9 26 3
9 27 3
9 28 3
9 29 3
9 35 3
9 36 3
9 37 3
9 38 4
9 39 4
9 42 4
9 43 4
9 44 4
9 45 4
9 46 4
9 51 3
9 52 3
9 53 3
9 54 3
9 55 3
9 63 1
9 64 1
9 65 1
9 66 1
9 67 4
9 73 2
9 74 3
9 75 4
9 76 4
9 77 4
9 80 3
9 81 3
9 82 3
9 83 3
35 5 3
35 6 3
35 12 3
35 13 3
35 19 0
35 20 0
35 21 0
35 22 3
35 30 0
35 31 0
35 32 0
35 33 0
35 34 0
35 40 0
35 41 0
35 42 0
35 43 0
35 44 0
35 47 3
35 48 3
35 61 0
35 62 0
35 72 0
35 73 0
35 74 0
35 75 3
35 76 3
35 82 1
35 83 1
38 1 1
38 2 1
38 5 0
38 6 0
38 9 1
38 10 1
38 11 1
38 12 2
38 13 1
38 16 2
38 17 2
38 22 0
38 23 0
38 26 1
38 27 1
38 33 2
38 34 2
38 40 2
38 41 2
38 47 0
38 48 0
38 55 0
38 56 1
38 68 0
38 69 0
38 75 2
38 76 2
38 77 2
38 78 2
30 1 2
30 2 1
30 3 1
30 4 1
30 7 0
30 8 3
30 9 3
30 14 0
30 15 0
30 16 3
30 19 4
30 20 4
30 21 4
30 22 4
30 26 3
30 27 3
30 28 3
30 29 3
30 32 0
30 33 3
30 34 3
30 35 4
30 38 3
30 39 3
30 40 3
30 41 3
30 44 3
30 45 3
30 46 3
30 53 2
30 54 2
30 55 2
30 56 2
30 59 3
30 60 3
30 61 3
30 62 3
30 65 4
30 66 4
30 67 4
30 71 1
30 72 1
30 73 1
30 74 1
30 78 0
30 79 0
30 80 3
33 1 2
33 2 1
33 3 1
33 4 1
33 12 4
33 13 4
33 14 4
33 15 4
33 22 0
33 23 0
33 24 0
33 25 0
33 29 1
33 30 4
33 31 4
33 32 4
33 35 0
33 36 0
33 37 0
33 40 0
33 41 0
33 42 0
33 43 0
33 46 1
33 47 2
33 48 4
33 51 0
33 52 0
33 53 0
33 58 0
33 59 0
33 60 2
33 63 2
33 64 2
33 65 1
33 68 4
33 69 4
33 70 4
33 71 4
33 74 0
33 75 0
33 76 0
33 80 2
33 81 2
33 82 2
33 83 2
31 0 0
31 1 0
31 8 0
31 9 0
31 10 0
31 11 0
31 14 0
31 15 0
31 16 0
31 19 0
31 20 0
31 21 0
31 22 0
31 25 0
31 26 0
31 27 0
31 28 0
31 31 0
31 32 0
31 33 0
31 34 0
31 37 0
31 38 0
31 39 0
31 40 0
31 43 0
31 44 0
31 45 0
31 46 0
31 49 0
31 50 0
31 51 0
31 55 0
31 56 0
31 57 0
31 58 0
31 64 0
31 65 0
31 66 0
31 67 0
31 71 0
31 72 0
31 73 0
31 74 0
31 77 0
31 78 0
31 79 0
31 82 0
31 83 0
6 0 2
6 1 3
6 4 0
6 5 0
6 6 1
6 7 2
6 8 2
6 11 3
6 12 3
6 13 3
6 14 3
6 17 0
6 18 0
6 19 2
6 20 3
6 23 0
6 24 0
6 25 3
6 26 3
6 27 3
6 30 3
6 31 3
6 32 3
6 35 3
6 36 3
6 37 3
6 38 3
6 39 3
6 42 0
6 43 0
6 44 3
6 45 3
6 50 3
6 51 3
6 56 2
6 57 1
6 58 3
6 59 3
6 60 3
6 63 3
6 64 3
6 65 3
6 68 0
6 69 0
6 70 0
6 71 0
6 72 0
6 79 0
6 80 0
6 81 0
6 82 3
6 83 3
34 1 2
34 2 2
34 5 0
34 6 0
34 9 0
34 10 0
34 11 0
34 12 1
34 13 1
34 20 1
34 21 1
34 22 1
34 26 2
34 27 1
34 40 2
34 41 2
34 47 0
34 48 0
34 51 0
34 52 2
34 61 2
34 62 2
34 68 0
34 69 0
34 73 1
34 74 1
34 75 1
34 76 1
28 0 3
28 1 3
28 2 3
28 3 3
28 4 3
28 7 3
28 8 3
28 11 3
28 12 3
28 13 3
28 14 3
28 17 1
28 18 3
28 19 3
28 20 3
28 23 0
28 24 0
28 25 0
28 28 0
28 29 0
28 30 0
28 31 1
28 32 3
28 36 0
28 37 0
28 38 1
28 39 1
28 42 1
28 43 1
28 44 3
28 47 3
28 48 3
28 53 0
28 54 1
28 55 3
28 56 3
28 59 0
28 60 1
28 63 3
28 64 3
28 65 3
28 66 3
28 67 3
28 70 3
28 71 3
28 72 3
28 75 3
28 76 3
28 80 3
28 81 3
28 82 3
28 83 3
11 0 1
11 1 1
11 2 1
11 3 3
11 4 3
11 8 0
11 9 0
11 12 0
11 13 0
11 14 0
11 17 0
11 18 0
11 21 3
11 22 3
11 23 3
11 24 3
11 25 3
11 28 3
11 29 3
11 30 3
11 31 3
11 32 3
11 35 0
11 36 0
11 37 0
11 38 0
11 39 3
11 42 3
11 43 3
11 44 3
11 45 3
11 50 3
11 51 3
11 54 1
11 55 1
11 56 1
11 57 1
11 60 0
11 61 3
11 62 3
11 66 1
11 67 1
11 68 1
11 69 1
11 70 1
11 75 0
11 76 0
11 77 3
11 78 3
11 81 0
11 82 3
11 83 3
27 0 2
27 3 0
27 4 0
27 5 0
27 6 3
27 9 3
27 10 3
27 11 3
27 12 3
27 13 3
27 16 0
27 17 0
27 18 0
27 19 3
27 20 3
27 23 3
27 24 3
27 31 1
27 32 1
27 33 1
27 34 1
27 35 1
27 38 0
27 39 0
27 40 0
27 41 0
27 44 0
27 45 0
27 46 3
27 49 3
27 50 3
27 51 3
27 52 3
27 53 3
27 56 3
27 57 3
27 58 3
27 61 2
27 62 2
27 63 2
27 64 2
27 65 2
27 70 0
27 71 2
27 72 2
27 73 2
27 74 2
27 77 0
27 78 3
27 79 3
27 80 3
27 81 3
2 0 0
2 1 0
2 2 0
2 3 0
2 7 0
2 8 0
2 9 0
2 12 0
2 13 0
2 14 0
2 18 0
2 19 0
2 20 0
2 21 0
2 22 0
2 25 0
2 26 0
2 27 0
2 30 0
2 31 0
2 32 0
2 35 0
2 36 0
2 37 2
2 38 2
2 39 2
2 42 2
2 43 2
2 44 2
2 45 2
2 46 2
2 52 0
2 53 0
2 54 0
2 55 0
2 56 0
2 59 0
2 60 0
2 63 0
2 64 0
2 65 0
2 66 0
2 70 1
2 71 1
2 72 1
2 75 0
2 76 0
2 79 0
2 80 0
2 81 0
2 82 0
2 83 1
14 0 3
14 6 0
14 7 2
14 8 1
14 9 2
14 10 3
14 15 0
14 16 1
14 17 3
14 18 3
14 19 3
14 22 3
14 23 3
14 24 3
14 25 3
14 28 2
14 29 2
14 30 2
14 33 0
14 34 0
14 35 1
14 36 1
14 37 1
14 40 3
14 41 3
14 42 3
14 45 0
14 46 0
14 47 0
14 48 3
14 49 3
14 52 3
14 53 3
14 54 3
14 55 3
14 56 3
14 59 3
14 60 3
14 63 3
14 64 3
14 65 3
14 66 3
14 67 3
14 71 0
14 72 0
14 73 2
14 74 2
14 77 1
14 78 2
14 79 1
14 80 1
14 81 1
26 1 0
26 2 0
26 3 0
26 4 0
26 7 0
26 8 0
26 9 0
26 10 0
26 11 0
26 14 3
26 15 3
26 16 4
26 17 4
26 18 4
26 21 3
26 22 4
26 25 0
26 26 0
26 27 0
26 28 4
26 31 3
26 32 3
26 33 3
26 34 3
26 35 3
26 40 0
26 41 0
26 42 3
26 43 3
26 49 1
26 50 1
26 51 3
26 52 3
26 53 4
26 56 3
26 57 4
26 58 4
26 61 1
26 62 1
26 63 1
26 64 1
26 65 1
26 68 3
26 69 3
26 73 2
26 74 4
26 81 4
26 82 4
26 83 4
24 0 1
24 1 1
24 2 4
24 3 4
24 7 3
24 8 3
24 9 3
24 10 3
24 11 3
24 14 3
24 15 3
24 16 3
24 17 3
24 22 4
24 23 4
24 24 4
24 25 4
24 28 1
24 29 1
24 30 1
24 31 3
24 32 3
24 37 3
24 38 3
24 39 3
24 40 3
24 41 3
24 47 0
24 48 4
24 49 4
24 50 4
24 53 3
24 54 4
24 57 0
24 58 1
24 61 4
24 62 4
24 66 0
24 67 0
24 70 0
24 71 0
24 72 0
24 75 3
24 76 3
24 77 3
24 78 3
24 79 3
24 82 3
24 83 3
3 1 0
3 2 0
3 3 0
3 4 4
3 7 3
3 8 4
3 9 4
3 16 3
3 17 3
3 18 3
3 19 4
3 20 4
3 24 0
3 25 2
3 26 2
3 27 2
3 28 4
3 31 3
3 32 3
3 33 3
3 34 3
3 37 3
3 38 3
3 43 0
3 44 0
3 45 0
3 46 3
3 49 4
3 50 4
3 51 4
3 52 4
3 56 3
3 57 3
3 58 3
3 59 3
3 60 3
3 64 3
3 65 4
3 68 2
3 69 2
3 70 2
3 71 2
3 72 3
3 75 3
3 76 3
3 77 3
3 78 3
3 82 3
3 83 4
12 3 3
12 4 3
12 5 3
12 6 3
12 12 4
12 13 4
12 16 3
12 17 3
12 18 3
12 19 3
12 20 3
12 23 3
12 24 3
12 25 3
12 28 0
12 29 0
12 30 0
12 31 3
12 32 4
12 35 3
12 36 3
12 37 4
12 44 4
12 45 4
12 46 4
12 47 4
12 48 4
12 52 0
12 53 0
12 56 0
12 57 0
12 58 3
12 59 4
12 60 4
12 63 0
12 64 0
12 65 3
12 66 3
12 67 3
12 70 3
12 71 3
12 74 3
12 75 3
12 76 3
12 77 4
12 80 0
12 81 0
12 82 0
12 83 0
15 0 0
15 1 0
15 2 0
15 3 0
15 4 0
15 7 0
15 8 1
15 9 1
15 12 0
15 13 0
15 14 1
15 15 1
15 16 1
15 19 0
15 20 1
15 21 3
15 22 3
15 23 3
15 32 1
15 33 1
15 34 1
15 35 3
15 36 3
15 39 3
15 40 3
15 41 3
15 44 1
15 45 1
15 46 3
15 49 1
15 50 1
15 51 1
15 52 3
15 53 3
15 58 1
15 59 1
15 60 1
15 61 1
15 62 3
15 65 0
15 66 0
15 67 1
15 68 3
15 69 3
15 72 0
15 73 0
15 74 3
15 77 0
15 78 0
15 79 0
15 80 3
15 81 3
4 0 1
4 3 1
4 4 1
4 5 1
4 6 1
4 9 0
4 10 0
4 11 0
4 12 0
4 13 0
4 16 0
4 17 0
4 18 0
4 21 0
4 22 0
4 23 0
4 24 1
4 25 1
4 28 1
4 29 1
4 30 1
4 35 0
4 36 1
4 37 1
4 38 1
4 39 1
4 46 0
4 47 0
4 48 0
4 49 0
4 50 0
4 53 1
4 54 1
4 55 1
4 58 0
4 59 0
4 60 0
4 61 0
4 62 0
4 65 0
4 66 0
4 67 0
4 70 0
4 71 1
4 72 1
4 73 1
4 74 1
4 78 1
4 79 1
4 80 1
4 81 1
4 82 1
32 0 3
32 1 3
32 5 4
32 6 4
32 7 4
32 8 4
32 11 3
32 12 3
32 13 4
32 16 3
32 17 3
32 18 3
32 28 3
32 29 3
32 30 3
32 31 4
32 34 2
32 35 2
32 36 2
32 37 2
32 40 4
32 41 4
32 42 4
32 43 4
32 46 3
32 47 3
32 48 3
32 49 3
32 52 0
32 53 0
32 54 0
32 55 0
32 58 3
32 59 3
32 60 3
32 64 3
32 65 4
32 66 4
32 70 3
32 71 3
32 72 3
32 73 3
32 78 0
32 79 2
32 80 2
32 81 2
16 2 0
16 3 0
16 4 0
16 5 0
16 6 4
16 10 3
16 11 4
16 14 0
16 15 3
16 16 4
16 19 3
16 20 3
16 21 4
16 26 3
16 27 3
16 28 3
16 29 3
16 30 3
16 37 3
16 38 3
16 39 3
16 40 3
16 41 3
16 44 3
16 45 3
16 46 4
16 49 2
16 50 2
16 51 2
16 52 2
16 55 4
16 56 4
16 59 4
16 60 4
16 61 4
16 62 4
16 63 4
16 66 3
16 67 3
16 70 3
16 71 3
16 72 3
16 73 3
16 74 3
16 77 0
16 78 3
16 79 3
16 80 3
16 81 3
5 0 1
5 1 1
5 4 1
5 5 1
5 6 1
5 7 1
5 8 1
5 11 1
5 12 1
5 13 1
5 14 1
5 17 1
5 18 1
5 19 1
5 20 1
5 23 1
5 24 1
5 25 1
5 35 1
5 36 1
5 37 1
5 38 1
5 39 1
5 42 1
5 43 1
5 44 1
5 45 1
5 46 1
5 49 1
5 50 1
5 51 1
5 52 1
5 53 1
5 56 1
5 57 1
5 58 1
5 59 1
5 65 1
5 66 1
5 67 1
5 68 1
5 69 1
5 72 1
5 73 1
5 74 1
5 75 1
5 76 1
5 79 1
5 80 1
5 81 1
5 82 1
5 83 1
13 2 2
13 3 2
13 4 2
13 5 4
13 6 4
13 9 0
13 10 2
13 11 1
13 14 1
13 15 2
13 16 1
13 17 2
13 18 2
13 21 0
13 22 1
13 30 0
13 31 4
13 32 4
13 33 4
13 34 4
13 38 0
13 39 0
13 40 4
13 41 4
13 44 0
13 45 0
13 46 0
13 49 0
13 50 0
13 51 1
13 52 2
13 56 0
13 57 0
13 58 4
13 61 0
13 62 0
13 63 0
13 64 0
13 65 2
13 68 0
13 69 0
13 70 0
13 71 0
13 72 4
13 75 1
13 76 1
13 77 1
13 78 4
13 79 4
20 1 2
20 2 2
20 3 2
20 4 2
20 5 2
20 8 0
20 9 0
20 10 2
20 11 1
20 14 0
20 15 0
20 16 1
20 17 2
20 18 2
20 22 1
20 23 2
20 24 2
20 25 2
20 28 0
20 29 0
20 30 0
20 31 2
20 32 2
20 35 0
20 36 0
20 37 0
20 38 0
20 39 0
20 44 0
20 45 0
20 46 0
20 47 1
20 48 1
20 51 1
20 52 1
20 53 1
20 54 1
20 55 2
20 58 0
20 59 0
20 60 1
20 65 2
20 66 2
20 67 1
20 68 1
20 69 2
20 75 0
20 76 0
20 80 0
20 81 0
20 82 0
20 83 0
25 0 3
25 1 3
25 2 3
25 3 3
25 4 3
25 7 4
25 8 4
25 9 4
25 10 4
25 11 4
25 14 3
25 15 3
25 19 3
25 20 3
25 21 3
25 22 3
25 23 3
25 26 3
25 27 3
25 28 3
25 29 3
25 32 3
25 33 3
25 34 4
25 37 3
25 38 3
25 39 3
25 42 3
25 43 3
25 44 3
25 45 3
25 46 3
25 50 3
25 51 4
25 54 3
25 55 3
25 56 3
25 57 3
25 58 3
25 61 3
25 62 3
25 63 3
25 64 3
25 65 3
25 72 4
25 73 4
25 74 4
25 75 4
25 76 4
17 0 0
17 1 4
17 2 4
17 5 4
17 6 4
17 7 4
17 8 4
17 9 4
17 12 0
17 13 0
17 14 0
17 15 0
17 16 0
17 19 0
17 20 0
17 21 0
17 22 0
17 23 4
17 26 0
17 27 0
17 28 0
17 29 0
17 32 0
17 33 0
17 34 0
17 35 0
17 38 0
17 39 0
17 43 0
17 44 0
17 45 0
17 46 4
17 50 0
17 51 4
17 58 0
17 59 0
17 60 0
17 61 0
17 62 0
17 65 0
17 66 4
17 67 4
17 73 0
17 74 0
17 77 0
17 78 0
17 79 0
17 80 0
17 81 0
7 0 3
7 1 3
7 2 3
7 3 3
7 4 4
7 7 1
7 8 2
7 12 1
7 13 1
7 14 3
7 15 3
7 16 3
7 21 3
7 22 3
7 23 3
7 24 3
7 25 4
7 28 1
7 29 2
7 30 2
7 33 3
7 34 4
7 35 4
7 36 4
7 37 4
7 43 2
7 44 3
7 45 3
7 50 2
7 51 3
7 52 3
7 53 3
7 60 3
7 61 3
7 62 3
7 63 4
7 64 4
7 68 3
7 69 3
7 70 3
7 71 4
7 72 4
7 75 3
7 76 3
7 77 4
7 78 4
7 81 1
7 82 1
7 83 1
21 0 1
21 1 1
21 4 1
21 5 1
21 6 2
21 7 1
21 8 1
21 11 2
21 12 2
21 13 2
21 14 2
21 15 1
21 21 1
21 22 1
21 23 1
21 24 1
21 30 1
21 31 1
21 32 2
21 33 2
21 34 1
21 37 1
21 38 2
21 39 1
21 40 1
21 41 1
21 44 2
21 45 1
21 46 1
21 49 2
21 50 2
21 51 1
21 52 1
21 53 1
21 56 2
21 57 1
21 58 1
21 59 1
21 60 1
21 64 2
21 65 2
21 66 2
21 67 2
21 71 1
21 72 2
21 75 1
21 76 1
21 77 2
21 78 2
21 81 1
21 82 1
21 83 2
37 2 3
37 3 3
37 4 3
37 5 3
37 6 3
37 12 2
37 13 3
37 19 1
37 20 1
37 21 2
37 22 2
37 26 1
37 27 3
37 28 3
37 29 4
37 30 4
37 33 3
37 34 3
37 40 3
37 41 3
37 61 3
37 62 3
37 65 3
37 66 3
37 67 3
37 68 3
37 69 3
37 75 3
37 76 3
18 7 3
18 8 3
18 9 3
18 10 3
18 15 0
18 16 1
18 17 1
18 18 1
18 21 3
18 22 4
18 23 4
18 24 4
18 25 4
18 28 1
18 29 1
18 32 3
18 33 3
18 34 3
18 35 3
18 36 3
18 39 3
18 40 3
18 41 4
18 45 0
18 46 3
18 47 3
18 48 3
18 49 3
18 52 3
18 53 4
18 54 4
18 55 4
18 56 4
18 59 0
18 60 0
18 61 1
18 62 3
18 63 3
18 66 3
18 67 3
18 68 3
18 69 3
18 70 3
18 73 3
18 74 3
18 77 3
18 78 3
18 79 3
18 80 3
18 81 3
0 0 4
0 1 4
0 2 4
0 3 4
0 7 0
0 8 0
0 9 0
0 12 0
0 13 0
0 14 4
0 15 4
0 16 4
0 19 0
0 20 0
0 24 0
0 25 0
0 28 1
0 29 1
0 30 1
0 31 1
0 32 1
0 35 1
0 36 1
0 39 0
0 40 1
0 41 1
0 42 1
0 45 1
0 46 1
0 47 1
0 48 1
0 49 1
0 52 0
0 53 0
0 56 0
0 57 1
0 60 0
0 61 0
0 62 0
0 63 0
0 64 0
0 68 0
0 69 0
0 70 4
0 71 4
0 72 4
0 78 1
0 79 4
0 80 4
10 0 3
10 1 3
10 2 4
10 3 4
10 10 3
10 11 3
10 12 3
10 13 3
10 14 4
10 17 0
10 18 3
10 21 3
10 22 3
10 23 3
10 26 4
10 27 4
10 28 4
10 29 4
10 30 4
10 33 0
10 34 0
10 35 0
10 36 0
10 37 0
10 40 3
10 41 3
10 42 3
10 43 3
10 44 4
10 50 0
10 51 0
10 52 0
10 57 3
10 58 3
10 59 3
10 60 3
10 63 3
10 64 4
10 65 4
10 68 3
10 69 3
10 70 3
10 71 3
10 72 3
10 78 0
10 79 3
10 80 3
10 81 3
10 82 4
29 0 0
29 1 0
29 2 0
29 3 0
29 4 0
29 7 0
29 8 0
29 9 0
29 10 0
29 11 2
29 14 0
29 15 0
29 16 0
29 19 2
29 20 2
29 21 2
29 22 2
29 23 2
29 26 0
29 27 0
29 28 0
29 29 0
29 30 0
29 33 2
29 34 2
29 35 2
29 36 2
29 47 2
29 48 2
29 51 0
29 52 0
29 53 2
29 56 0
29 57 2
29 58 2
29 59 2
29 60 2
29 63 0
29 64 0
29 65 0
29 66 0
29 67 0
29 70 0
29 71 0
29 74 0
29 75 0
29 76 0
29 77 0
29 80 2
29 81 2
29 82 2
29 83 2
23 0 3
23 1 3
23 2 3
23 3 3
23 4 3
23 7 3
23 8 3
23 9 3
23 10 3
23 16 0
23 17 0
23 18 0
23 19 0
23 20 0
23 25 3
23 26 3
23 29 0
23 30 3
23 31 3
23 32 3
23 35 3
23 36 3
23 39 0
23 40 0
23 41 0
23 42 0
23 43 0
23 47 3
23 48 3
23 49 3
23 50 3
23 53 3
23 54 3
23 55 3
23 56 3
23 59 3
23 60 3
23 63 1
23 64 1
23 65 1
23 66 1
23 67 2
23 70 3
23 71 3
23 72 3
23 73 3
23 74 3
23 78 0
23 79 0
23 80 2
23 81 1
23 82 1
39 5 0
39 6 0
39 9 0
39 10 0
39 11 0
39 12 0
39 13 0
39 19 1
39 20 2
39 23 0
39 24 0
39 25 0
39 32 0
39 33 1
39 34 1
39 40 0
39 41 0
39 42 2
39 43 2
39 46 0
39 47 0
39 48 0
39 68 0
39 69 0
39 75 0
39 76 0
39 82 0
39 83 0
1 0 0
1 3 1
1 4 1
1 5 1
1 6 1
1 9 1
1 10 1
1 13 0
1 14 0
1 15 0
1 16 0
1 17 0
1 21 1
1 22 1
1 23 1
1 24 1
1 25 1
1 29 0
1 30 0
1 31 0
1 32 0
1 35 0
1 36 0
1 37 0
1 38 0
1 39 0
1 42 0
1 43 1
1 44 1
1 47 0
1 48 0
1 49 0
1 50 0
1 51 0
1 54 0
1 55 0
1 58 0
1 59 0
1 60 0
1 61 0
1 62 0
1 66 0
1 67 1
1 71 0
1 72 0
1 73 0
1 74 0
1 77 1
1 78 1
1 81 0
1 82 0
1 83 0
22 0 0
22 1 0
22 2 0
22 3 0
22 4 0
22 7 3
22 8 3
22 9 3
22 10 3
22 11 3
22 14 3
22 15 3
22 16 3
22 17 3
22 18 3
22 25 3
22 26 3
22 27 3
22 28 3
22 29 3
22 32 0
22 33 0
22 34 0
22 35 0
22 36 3
22 39 0
22 40 0
22 41 0
22 42 0
22 43 3
22 49 3
22 50 3
22 51 3
22 54 3
22 55 3
22 56 3
22 57 3
22 60 3
22 61 3
22 62 3
22 63 3
22 64 3
22 70 3
22 71 3
22 72 3
22 73 3
22 74 3
22 77 0
22 78 3
22 79 3
22 82 3
22 83 3
19 0 1
19 1 1
19 2 1
19 7 1
19 8 1
19 9 1
19 10 1
19 11 1
19 14 1
19 15 1
19 16 1
19 20 0
19 21 1
19 22 1
19 25 1
19 26 1
19 27 1
19 28 1
19 31 0
19 32 1
19 33 1
19 34 1
19 35 1
19 39 1
19 40 1
19 41 1
19 42 1
19 43 1
19 46 0
19 47 1
19 48 1
19 49 1
19 50 1
19 54 0
19 55 0
19 56 0
19 57 0
19 58 0
19 63 0
19 64 0
19 65 0
19 66 0
19 67 0
19 70 0
19 71 0
19 72 0
19 73 0
19 74 0
19 77 1
19 78 1
19 79 1
19 80 1
8 0 0
8 1 0
8 2 0
8 5 0
8 6 0
8 7 2
8 8 2
8 9 2
8 14 2
8 15 2
8 16 2
8 17 2
8 18 1
8 21 0
8 22 0
8 23 0
8 24 0
8 25 1
8 28 0
8 29 0
8 30 0
8 31 0
8 32 2
8 36 0
8 37 2
8 38 1
8 44 1
8 45 2
8 46 2
8 47 1
8 48 1
8 51 0
8 52 0
8 57 2
8 58 2
8 61 0
8 62 0
8 63 0
8 64 0
8 65 1
8 68 2
8 69 1
8 70 1
8 71 1
8 72 1
8 75 2
8 76 2
8 77 2
8 78 2
8 79 2
8 82 0
8 83 0
36 2 1
36 3 1
36 4 1
36 5 1
36 6 1
36 10 0
36 11 0
36 12 1
36 13 4
36 19 0
36 20 0
36 24 4
36 25 4
36 26 4
36 27 4
36 28 4
36 33 0
36 34 0
36 40 1
36 41 1
36 61 1
36 62 1
36 63 1
36 68 0
36 69 1
36 75 0
36 76 0
