0 0 2
0 1 2
0 2 2
0 3 2
0 4 2
0 5 3
0 6 3
0 7 2
0 8 2
0 9 2
0 10 2
0 11 3
0 12 3
0 13 2
0 14 2
0 15 2
0 16 3
0 17 3
0 18 2
0 19 2
0 20 2
0 21 2
0 22 2
0 23 3
0 24 3
0 25 1
0 26 1
0 27 2
0 28 2
0 29 2
0 30 3
0 31 3
0 32 3
0 33 3
0 34 3
0 35 3
0 36 3
0 37 3
0 38 3
0 39 1
0 40 1
0 41 2
0 42 2
0 43 2
0 44 3
0 45 3
0 46 3
0 47 3
0 48 2
0 49 2
0 50 2
0 51 2
0 52 2
0 53 3
0 54 3
0 55 3
0 56 1
0 57 1
0 58 2
0 59 2
0 60 2
0 61 3
0 62 3
0 63 1
0 64 1
0 65 2
0 66 2
0 67 2
0 68 3
0 69 3
0 70 2
0 71 2
0 72 2
0 73 2
0 74 2
0 75 3
0 76 3
0 77 1
0 78 2
0 79 2
0 80 2
0 81 3
0 82 3
0 83 2
1 0 0
1 1 0
1 2 0
1 3 0
1 4 0
1 5 3
1 6 3
1 7 2
1 8 2
1 9 3
1 10 3
1 11 2
1 12 2
1 13 2
1 14 2
1 15 3
1 16 3
1 17 0
1 18 0
1 19 0
1 20 2
1 21 2
1 22 3
1 23 3
1 24 0
1 25 0
1 26 2
1 27 2
1 28 2
1 29 3
1 30 3
1 31 0
1 32 2
1 33 3
1 34 3
1 35 0
1 36 0
1 37 2
1 38 3
1 39 3
1 40 3
1 41 3
1 42 2
1 43 2
1 44 3
1 45 3
1 46 0
1 47 0
1 48 3
1 49 3
1 50 0
1 51 0
1 52 0
1 53 0
1 54 3
1 55 3
1 56 3
1 57 0
1 58 2
1 59 2
1 60 3
1 61 3
1 62 3
1 63 0
1 64 2
1 65 2
1 66 2
1 67 2
1 68 3
1 69 3
1 70 2
1 71 2
1 72 2
1 73 3
1 74 3
1 75 0
1 76 2
1 77 2
1 78 2
1 79 2
1 80 3
1 81 3
1 82 0
1 83 0
2 0 0
2 1 0
2 2 0
2 3 0
2 4 0
2 5 3
2 6 3
2 7 1
2 8 1
2 9 1
2 10 1
2 11 2
2 12 3
2 13 3
2 14 0
2 15 0
2 16 3
2 17 3
2 18 0
2 19 0
2 20 0
2 21 0
2 22 3
2 23 3
2 24 1
2 25 1
2 26 3
2 27 3
2 28 0
2 29 0
2 30 1
2 31 2
2 32 3
2 33 3
2 34 1
2 35 2
2 36 2
2 37 2
2 38 2
2 39 3
2 40 3
2 41 0
2 42 2
2 43 2
2 44 3
2 45 3
2 46 0
2 47 0
2 48 0
2 49 1
2 50 3
2 51 3
2 52 2
2 53 2
2 54 2
2 55 3
2 56 3
2 57 3
2 58 3
2 59 3
2 60 3
2 61 3
2 62 3
2 63 0
2 64 0
2 65 0
2 66 0
2 67 0
2 68 3
2 69 3
2 70 0
2 71 1
2 72 2
2 73 2
2 74 2
2 75 3
2 76 3
2 77 0
2 78 2
2 79 3
2 80 3
2 81 2
2 82 2
2 83 2
3 0 1
3 1 1
3 2 3
3 3 3
3 4 0
3 5 0
3 6 0
3 7 0
3 8 3
3 9 3
3 10 0
3 11 0
3 12 0
3 13 0
3 14 1
3 15 3
3 16 3
3 17 3
3 18 3
3 19 3
3 20 3
3 21 3
3 22 3
3 23 0
3 24 0
3 25 0
3 26 1
3 27 1
3 28 3
3 29 3
3 30 0
3 31 0
3 32 0
3 33 3
3 34 3
3 35 1
3 36 1
3 37 1
3 38 1
3 39 1
3 40 3
3 41 3
3 42 0
3 43 0
3 44 0
3 45 1
3 46 1
3 47 3
3 48 3
3 49 0
3 50 0
3 51 0
3 52 3
3 53 3
3 54 0
3 55 0
3 56 0
3 57 0
3 58 3
3 59 3
3 60 0
3 61 0
3 62 0
3 63 3
3 64 3
3 65 0
3 66 1
3 67 1
3 68 3
3 69 3
3 70 0
3 71 0
3 72 0
3 73 0
3 74 0
3 75 3
3 76 3
3 77 3
3 78 0
3 79 0
3 80 0
3 81 0
3 82 0
3 83 3
4 0 2
4 1 3
4 2 3
4 3 1
4 4 1
4 5 2
4 6 2
4 7 2
4 8 3
4 9 3
4 10 1
4 11 1
4 12 1
4 13 1
4 14 3
4 15 3
4 16 2
4 17 2
4 18 2
4 19 3
4 20 3
4 21 1
4 22 2
4 23 3
4 24 3
4 25 3
4 26 3
4 27 3
4 28 2
4 29 2
4 30 2
4 31 2
4 32 2
4 33 3
4 34 3
4 35 2
4 36 2
4 37 2
4 38 2
4 39 2
4 40 3
4 41 3
4 42 1
4 43 1
4 44 2
4 45 2
4 46 3
4 47 3
4 48 1
4 49 1
4 50 1
4 51 2
4 52 2
4 53 3
4 54 3
4 55 3
4 56 2
4 57 2
4 58 2
4 59 2
4 60 2
4 61 3
4 62 3
4 63 3
4 64 1
4 65 2
4 66 2
4 67 3
4 68 3
4 69 1
4 70 1
4 71 1
4 72 1
4 73 1
4 74 3
4 75 3
4 76 3
4 77 3
4 78 3
4 79 1
4 80 2
4 81 2
4 82 2
4 83 2
5 0 2
5 1 2
5 2 2
5 3 2
5 4 2
5 5 3
5 6 3
5 7 1
5 8 1
5 9 2
5 10 2
5 11 2
5 12 3
5 13 3
5 14 2
5 15 2
5 16 2
5 17 3
5 18 3
5 19 1
5 20 1
5 21 2
5 22 2
5 23 2
5 24 3
5 25 3
5 26 1
5 27 2
5 28 2
5 29 2
5 30 3
5 31 3
5 32 1
5 33 2
5 34 2
5 35 2
5 36 2
5 37 3
5 38 3
5 39 3
5 40 3
5 41 3
5 42 1
5 43 1
5 44 1
5 45 3
5 46 3
5 47 1
5 48 2
5 49 2
5 50 2
5 51 3
5 52 3
5 53 2
5 54 2
5 55 2
5 56 2
5 57 2
5 58 3
5 59 3
5 60 3
5 61 2
5 62 2
5 63 2
5 64 2
5 65 3
5 66 3
5 67 3
5 68 3
5 69 3
5 70 1
5 71 1
5 72 1
5 73 1
5 74 1
5 75 3
5 76 3
5 77 2
5 78 2
5 79 2
5 80 2
5 81 3
5 82 3
5 83 3
6 0 0
6 1 0
6 2 0
6 3 0
6 4 1
6 5 3
6 6 3
6 7 0
6 8 0
6 9 0
6 10 1
6 11 1
6 12 3
6 13 3
6 14 3
6 15 3
6 16 3
6 17 3
6 18 3
6 19 0
6 20 0
6 21 3
6 22 3
6 23 0
6 24 1
6 25 2
6 26 3
6 27 3
6 28 0
6 29 0
6 30 2
6 31 3
6 32 3
6 33 0
6 34 1
6 35 3
6 36 3
6 37 0
6 38 2
6 39 2
6 40 2
6 41 3
6 42 3
6 43 1
6 44 2
6 45 2
6 46 2
6 47 2
6 48 3
6 49 3
6 50 0
6 51 1
6 52 2
6 53 2
6 54 3
6 55 3
6 56 2
6 57 2
6 58 2
6 59 2
6 60 3
6 61 3
6 62 0
6 63 0
6 64 0
6 65 0
6 66 0
6 67 3
6 68 3
6 69 0
6 70 0
6 71 0
6 72 1
6 73 2
6 74 3
6 75 3
6 76 3
6 77 0
6 78 2
6 79 2
6 80 2
6 81 2
6 82 3
6 83 3
7 0 0
7 1 2
7 2 3
7 3 3
7 4 3
7 5 0
7 6 2
7 7 2
7 8 2
7 9 2
7 10 3
7 11 3
7 12 3
7 13 3
7 14 0
7 15 0
7 16 0
7 17 3
7 18 3
7 19 1
7 20 1
7 21 2
7 22 2
7 23 2
7 24 3
7 25 3
7 26 2
7 27 2
7 28 2
7 29 3
7 30 3
7 31 1
7 32 1
7 33 3
7 34 3
7 35 0
7 36 0
7 37 1
7 38 1
7 39 2
7 40 3
7 41 3
7 42 0
7 43 0
7 44 0
7 45 0
7 46 0
7 47 3
7 48 3
7 49 3
7 50 3
7 51 3
7 52 0
7 53 0
7 54 0
7 55 0
7 56 2
7 57 3
7 58 3
7 59 0
7 60 0
7 61 0
7 62 1
7 63 1
7 64 3
7 65 3
7 66 0
7 67 1
7 68 3
7 69 3
7 70 0
7 71 0
7 72 0
7 73 0
7 74 1
7 75 3
7 76 3
7 77 1
7 78 1
7 79 1
7 80 3
7 81 3
7 82 0
7 83 0
8 0 0
8 1 3
8 2 3
8 3 0
8 4 0
8 5 0
8 6 0
8 7 0
8 8 3
8 9 3
8 10 0
8 11 0
8 12 3
8 13 3
8 14 1
8 15 2
8 16 2
8 17 2
8 18 2
8 19 3
8 20 3
8 21 1
8 22 2
8 23 2
8 24 2
8 25 2
8 26 3
8 27 3
8 28 1
8 29 1
8 30 3
8 31 3
8 32 3
8 33 3
8 34 3
8 35 3
8 36 3
8 37 3
8 38 1
8 39 2
8 40 2
8 41 2
8 42 2
8 43 3
8 44 3
8 45 0
8 46 0
8 47 0
8 48 0
8 49 0
8 50 3
8 51 3
8 52 0
8 53 0
8 54 0
8 55 2
8 56 3
8 57 3
8 58 0
8 59 0
8 60 0
8 61 0
8 62 0
8 63 3
8 64 3
8 65 0
8 66 0
8 67 1
8 68 3
8 69 3
8 70 0
8 71 2
8 72 2
8 73 2
8 74 2
8 75 3
8 76 3
8 77 3
8 78 3
8 79 0
8 80 2
8 81 2
8 82 2
8 83 2
9 0 1
9 1 1
9 2 1
9 3 2
9 4 3
9 5 3
9 6 3
9 7 3
9 8 3
9 9 3
9 10 3
9 11 0
9 12 0
9 13 1
9 14 3
9 15 3
9 16 0
9 17 0
9 18 3
9 19 3
9 20 0
9 21 0
9 22 3
9 23 3
9 24 0
9 25 0
9 26 1
9 27 1
9 28 3
9 29 3
9 30 0
9 31 0
9 32 0
9 33 0
9 34 0
9 35 3
9 36 3
9 37 0
9 38 0
9 39 0
9 40 0
9 41 0
9 42 3
9 43 3
9 44 0
9 45 1
9 46 2
9 47 3
9 48 3
9 49 0
9 50 0
9 51 0
9 52 2
9 53 3
9 54 3
9 55 3
9 56 0
9 57 2
9 58 2
9 59 2
9 60 2
9 61 3
9 62 3
9 63 0
9 64 0
9 65 1
9 66 1
9 67 2
9 68 3
9 69 3
9 70 0
9 71 0
9 72 0
9 73 0
9 74 0
9 75 3
9 76 3
9 77 0
9 78 0
9 79 3
9 80 3
9 81 1
9 82 1
9 83 2
10 0 0
10 1 0
10 2 3
10 3 3
10 4 0
10 5 0
10 6 1
10 7 3
10 8 3
10 9 2
10 10 2
10 11 2
10 12 2
10 13 2
10 14 3
10 15 3
10 16 0
10 17 0
10 18 1
10 19 3
10 20 3
10 21 1
10 22 1
10 23 1
10 24 1
10 25 2
10 26 3
10 27 3
10 28 0
10 29 0
10 30 3
10 31 3
10 32 0
10 33 1
10 34 1
10 35 2
10 36 2
10 37 3
10 38 3
10 39 3
10 40 3
10 41 3
10 42 0
10 43 0
10 44 0
10 45 1
10 46 2
10 47 3
10 48 3
10 49 0
10 50 1
10 51 1
10 52 1
10 53 2
10 54 3
10 55 3
10 56 0
10 57 0
10 58 0
10 59 3
10 60 3
10 61 0
10 62 0
10 63 1
10 64 1
10 65 3
10 66 3
10 67 1
10 68 1
10 69 1
10 70 1
10 71 3
10 72 3
10 73 0
10 74 0
10 75 3
10 76 3
10 77 3
10 78 0
10 79 0
10 80 3
10 81 3
10 82 2
10 83 2
11 0 3
11 1 2
11 2 2
11 3 2
11 4 2
11 5 3
11 6 3
11 7 0
11 8 0
11 9 0
11 10 2
11 11 2
11 12 3
11 13 3
11 14 0
11 15 0
11 16 0
11 17 0
11 18 2
11 19 3
11 20 3
11 21 3
11 22 3
11 23 0
11 24 0
11 25 0
11 26 0
11 27 0
11 28 3
11 29 3
11 30 2
11 31 2
11 32 2
11 33 3
11 34 3
11 35 0
11 36 0
11 37 0
11 38 1
11 39 1
11 40 3
11 41 3
11 42 3
11 43 3
11 44 3
11 45 3
11 46 3
11 47 2
11 48 2
11 49 2
11 50 2
11 51 3
11 52 3
11 53 0
11 54 0
11 55 0
11 56 0
11 57 3
11 58 3
11 59 0
11 60 1
11 61 3
11 62 3
11 63 1
11 64 1
11 65 1
11 66 3
11 67 3
11 68 1
11 69 2
11 70 2
11 71 2
11 72 2
11 73 3
11 74 3
11 75 0
11 76 0
11 77 0
11 78 1
11 79 2
11 80 3
11 81 3
11 82 0
11 83 1
12 0 2
12 1 3
12 2 3
12 3 1
12 4 1
12 5 1
12 6 2
12 7 3
12 8 3
12 9 1
12 10 1
12 11 1
12 12 2
12 13 2
12 14 3
12 15 3
12 16 2
12 17 2
12 18 2
12 19 3
12 20 3
12 21 2
12 22 2
12 23 2
12 24 2
12 25 2
12 26 3
12 27 3
12 28 1
12 29 2
12 30 2
12 31 2
12 32 2
12 33 3
12 34 3
12 35 2
12 36 2
12 37 2
12 38 3
12 39 3
12 40 3
12 41 3
12 42 2
12 43 2
12 44 2
12 45 2
12 46 2
12 47 3
12 48 3
12 49 2
12 50 2
12 51 2
12 52 3
12 53 3
12 54 3
12 55 1
12 56 1
12 57 1
12 58 1
12 59 3
12 60 3
12 61 2
12 62 2
12 63 2
12 64 3
12 65 3
12 66 3
12 67 1
12 68 1
12 69 2
12 70 3
12 71 3
12 72 2
12 73 2
12 74 2
12 75 3
12 76 3
12 77 2
12 78 2
12 79 2
12 80 3
12 81 3
12 82 2
12 83 2
13 0 3
13 1 3
13 2 0
13 3 0
13 4 0
13 5 1
13 6 2
13 7 3
13 8 3
13 9 0
13 10 0
13 11 0
13 12 0
13 13 0
13 14 3
13 15 3
13 16 0
13 17 0
13 18 0
13 19 0
13 20 2
13 21 3
13 22 3
13 23 3
13 24 1
13 25 1
13 26 1
13 27 1
13 28 2
13 29 3
13 30 3
13 31 0
13 32 1
13 33 3
13 34 3
13 35 0
13 36 0
13 37 0
13 38 0
13 39 0
13 40 3
13 41 3
13 42 0
13 43 1
13 44 1
13 45 3
13 46 3
13 47 0
13 48 0
13 49 0
13 50 0
13 51 0
13 52 3
13 53 3
13 54 3
13 55 3
13 56 3
13 57 0
13 58 0
13 59 0
13 60 0
13 61 3
13 62 3
13 63 2
13 64 2
13 65 2
13 66 2
13 67 2
13 68 3
13 69 3
13 70 3
13 71 3
13 72 0
13 73 0
13 74 1
13 75 1
13 76 1
13 77 3
13 78 3
13 79 0
13 80 1
13 81 2
13 82 3
13 83 3
14 0 3
14 1 0
14 2 0
14 3 0
14 4 0
14 5 3
14 6 3
14 7 0
14 8 0
14 9 0
14 10 0
14 11 0
14 12 3
14 13 3
14 14 0
14 15 0
14 16 1
14 17 1
14 18 1
14 19 3
14 20 3
14 21 0
14 22 0
14 23 1
14 24 3
14 25 3
14 26 0
14 27 0
14 28 0
14 29 3
14 30 3
14 31 0
14 32 0
14 33 0
14 34 0
14 35 1
14 36 3
14 37 3
14 38 0
14 39 0
14 40 0
14 41 0
14 42 0
14 43 3
14 44 3
14 45 0
14 46 0
14 47 0
14 48 1
14 49 3
14 50 3
14 51 3
14 52 3
14 53 3
14 54 3
14 55 3
14 56 0
14 57 0
14 58 1
14 59 1
14 60 1
14 61 3
14 62 3
14 63 1
14 64 1
14 65 3
14 66 3
14 67 0
14 68 0
14 69 0
14 70 3
14 71 3
14 72 0
14 73 0
14 74 0
14 75 0
14 76 0
14 77 3
14 78 3
14 79 0
14 80 0
14 81 0
14 82 3
14 83 3
15 0 0
15 1 0
15 2 1
15 3 2
15 4 2
15 5 3
15 6 3
15 7 3
15 8 3
15 9 0
15 10 0
15 11 1
15 12 2
15 13 2
15 14 3
15 15 3
15 16 1
15 17 1
15 18 1
15 19 3
15 20 3
15 21 0
15 22 2
15 23 2
15 24 2
15 25 2
15 26 3
15 27 3
15 28 0
15 29 2
15 30 2
15 31 2
15 32 3
15 33 3
15 34 3
15 35 0
15 36 0
15 37 0
15 38 0
15 39 0
15 40 3
15 41 3
15 42 0
15 43 0
15 44 0
15 45 1
15 46 3
15 47 3
15 48 0
15 49 1
15 50 3
15 51 3
15 52 0
15 53 1
15 54 1
15 55 1
15 56 2
15 57 3
15 58 3
15 59 3
15 60 1
15 61 1
15 62 2
15 63 2
15 64 2
15 65 3
15 66 3
15 67 0
15 68 0
15 69 0
15 70 3
15 71 3
15 72 3
15 73 3
15 74 1
15 75 2
15 76 2
15 77 2
15 78 3
15 79 3
15 80 0
15 81 0
15 82 3
15 83 3
16 0 2
16 1 2
16 2 2
16 3 2
16 4 2
16 5 3
16 6 3
16 7 0
16 8 0
16 9 2
16 10 2
16 11 2
16 12 3
16 13 3
16 14 2
16 15 2
16 16 2
16 17 2
16 18 2
16 19 3
16 20 3
16 21 0
16 22 0
16 23 2
16 24 3
16 25 3
16 26 0
16 27 0
16 28 3
16 29 3
16 30 0
16 31 0
16 32 0
16 33 2
16 34 2
16 35 3
16 36 3
16 37 0
16 38 2
16 39 2
16 40 2
16 41 2
16 42 3
16 43 3
16 44 2
16 45 2
16 46 2
16 47 3
16 48 3
16 49 2
16 50 2
16 51 2
16 52 2
16 53 3
16 54 3
16 55 3
16 56 3
16 57 3
16 58 2
16 59 2
16 60 2
16 61 2
16 62 2
16 63 3
16 64 3
16 65 3
16 66 3
16 67 0
16 68 0
16 69 0
16 70 0
16 71 0
16 72 3
16 73 3
16 74 3
16 75 2
16 76 2
16 77 2
16 78 3
16 79 3
16 80 0
16 81 0
16 82 3
16 83 3
17 0 0
17 1 0
17 2 2
17 3 2
17 4 2
17 5 3
17 6 3
17 7 3
17 8 0
17 9 0
17 10 0
17 11 0
17 12 3
17 13 3
17 14 1
17 15 1
17 16 2
17 17 2
17 18 2
17 19 3
17 20 3
17 21 0
17 22 0
17 23 1
17 24 2
17 25 2
17 26 3
17 27 3
17 28 3
17 29 3
17 30 3
17 31 3
17 32 3
17 33 3
17 34 0
17 35 0
17 36 0
17 37 0
17 38 0
17 39 3
17 40 3
17 41 3
17 42 0
17 43 0
17 44 0
17 45 0
17 46 1
17 47 3
17 48 3
17 49 1
17 50 1
17 51 3
17 52 3
17 53 0
17 54 0
17 55 2
17 56 3
17 57 3
17 58 0
17 59 0
17 60 0
17 61 0
17 62 0
17 63 3
17 64 3
17 65 0
17 66 0
17 67 3
17 68 3
17 69 1
17 70 2
17 71 2
17 72 3
17 73 3
17 74 0
17 75 0
17 76 0
17 77 0
17 78 0
17 79 3
17 80 3
17 81 0
17 82 1
17 83 1
18 0 3
18 1 1
18 2 1
18 3 1
18 4 1
18 5 3
18 6 3
18 7 1
18 8 1
18 9 1
18 10 3
18 11 3
18 12 1
18 13 1
18 14 3
18 15 3
18 16 1
18 17 1
18 18 1
18 19 1
18 20 3
18 21 3
18 22 1
18 23 1
18 24 1
18 25 1
18 26 3
18 27 3
18 28 1
18 29 1
18 30 1
18 31 3
18 32 3
18 33 3
18 34 3
18 35 3
18 36 3
18 37 3
18 38 3
18 39 1
18 40 1
18 41 1
18 42 1
18 43 3
18 44 3
18 45 1
18 46 1
18 47 1
18 48 1
18 49 3
18 50 3
18 51 1
18 52 1
18 53 1
18 54 1
18 55 3
18 56 3
18 57 1
18 58 1
18 59 1
18 60 1
18 61 3
18 62 3
18 63 3
18 64 1
18 65 1
18 66 1
18 67 1
18 68 3
18 69 3
18 70 3
18 71 1
18 72 1
18 73 1
18 74 1
18 75 3
18 76 3
18 77 1
18 78 1
18 79 3
18 80 3
18 81 1
18 82 1
18 83 1
19 0 1
19 1 1
19 2 1
19 3 3
19 4 3
19 5 1
19 6 1
19 7 1
19 8 3
19 9 3
19 10 0
19 11 0
19 12 3
19 13 3
19 14 3
19 15 1
19 16 1
19 17 1
19 18 1
19 19 3
19 20 3
19 21 0
19 22 1
19 23 3
19 24 3
19 25 0
19 26 0
19 27 3
19 28 3
19 29 0
19 30 0
19 31 1
19 32 3
19 33 3
19 34 0
19 35 1
19 36 1
19 37 1
19 38 3
19 39 3
19 40 3
19 41 3
19 42 1
19 43 1
19 44 1
19 45 1
19 46 3
19 47 3
19 48 3
19 49 0
19 50 0
19 51 0
19 52 3
19 53 3
19 54 3
19 55 3
19 56 0
19 57 0
19 58 0
19 59 0
19 60 3
19 61 3
19 62 3
19 63 0
19 64 0
19 65 1
19 66 1
19 67 3
19 68 3
19 69 1
19 70 1
19 71 1
19 72 3
19 73 3
19 74 0
19 75 1
19 76 1
19 77 1
19 78 3
19 79 3
19 80 0
19 81 0
19 82 0
19 83 0
20 0 1
20 1 2
20 2 2
20 3 3
20 4 3
20 5 0
20 6 0
20 7 0
20 8 1
20 9 3
20 10 3
20 11 3
20 12 3
20 13 3
20 14 0
20 15 0
20 16 1
20 17 3
20 18 3
20 19 2
20 20 2
20 21 3
20 22 3
20 23 0
20 24 0
20 25 1
20 26 3
20 27 3
20 28 0
20 29 0
20 30 0
20 31 1
20 32 3
20 33 3
20 34 0
20 35 1
20 36 1
20 37 1
20 38 3
20 39 3
20 40 1
20 41 1
20 42 1
20 43 3
20 44 3
20 45 0
20 46 0
20 47 3
20 48 3
20 49 3
20 50 3
20 51 0
20 52 0
20 53 0
20 54 3
20 55 3
20 56 0
20 57 0
20 58 0
20 59 0
20 60 3
20 61 3
20 62 3
20 63 3
20 64 0
20 65 0
20 66 0
20 67 0
20 68 3
20 69 3
20 70 1
20 71 1
20 72 2
20 73 3
20 74 3
20 75 0
20 76 2
20 77 2
20 78 2
20 79 3
20 80 3
20 81 0
20 82 0
20 83 0
21 0 2
21 1 2
21 2 2
21 3 2
21 4 3
21 5 3
21 6 2
21 7 2
21 8 2
21 9 2
21 10 3
21 11 3
21 12 2
21 13 2
21 14 2
21 15 2
21 16 3
21 17 3
21 18 1
21 19 1
21 20 1
21 21 1
21 22 3
21 23 3
21 24 2
21 25 2
21 26 3
21 27 3
21 28 1
21 29 1
21 30 1
21 31 1
21 32 3
21 33 3
21 34 3
21 35 3
21 36 1
21 37 2
21 38 2
21 39 2
21 40 3
21 41 3
21 42 2
21 43 2
21 44 2
21 45 2
21 46 3
21 47 3
21 48 3
21 49 3
21 50 3
21 51 3
21 52 3
21 53 2
21 54 2
21 55 2
21 56 3
21 57 3
21 58 1
21 59 2
21 60 2
21 61 3
21 62 3
21 63 2
21 64 2
21 65 2
21 66 3
21 67 3
21 68 2
21 69 2
21 70 2
21 71 2
21 72 3
21 73 3
21 74 1
21 75 2
21 76 2
21 77 3
21 78 3
21 79 1
21 80 1
21 81 2
21 82 3
21 83 3
