0 0 0
0 1 2
0 2 2
0 3 1
0 4 1
0 5 2
0 6 2
0 7 1
0 8 1
0 9 1
0 10 1
0 11 1
0 12 2
0 13 2
0 14 1
0 15 1
0 16 1
0 17 2
0 18 2
0 19 0
0 20 0
0 21 1
0 22 2
0 23 2
0 24 0
0 25 0
0 26 0
0 27 0
1 0 2
1 1 0
1 2 0
1 3 0
1 4 0
1 5 2
1 6 2
1 7 0
1 8 0
1 9 0
1 10 2
1 11 2
1 12 0
1 13 0
1 14 0
1 15 0
1 16 2
1 17 2
1 18 2
1 19 0
1 20 0
1 21 2
1 22 2
1 23 0
1 24 0
1 25 0
1 26 2
1 27 2
2 0 2
2 1 0
2 2 0
2 3 2
2 4 2
2 5 0
2 6 0
2 7 0
2 8 0
2 9 2
2 10 2
2 11 0
2 12 1
2 13 2
2 14 2
2 15 1
2 16 1
2 17 1
2 18 1
2 19 2
2 20 2
2 21 0
2 22 1
2 23 1
2 24 1
2 25 1
2 26 2
2 27 2
3 0 1
3 1 2
3 2 2
3 3 1
3 4 1
3 5 2
3 6 2
3 7 0
3 8 0
3 9 0
3 10 0
3 11 0
3 12 2
3 13 2
3 14 1
3 15 1
3 16 1
3 17 2
3 18 2
3 19 0
3 20 0
3 21 0
3 22 2
3 23 2
3 24 0
3 25 0
3 26 0
3 27 0
4 0 2
4 1 2
4 2 0
4 3 0
4 4 0
4 5 1
4 6 1
4 7 2
4 8 2
4 9 2
4 10 1
4 11 1
4 12 2
4 13 2
4 14 2
4 15 0
4 16 0
4 17 0
4 18 0
4 19 2
4 20 2
4 21 1
4 22 1
4 23 2
4 24 2
4 25 0
4 26 0
4 27 0
5 0 1
5 1 1
5 2 1
5 3 2
5 4 2
5 5 2
5 6 2
5 7 2
5 8 2
5 9 1
5 10 1
5 11 1
5 12 2
5 13 2
5 14 1
5 15 1
5 16 1
5 17 2
5 18 2
5 19 1
5 20 1
5 21 2
5 22 2
5 23 1
5 24 1
5 25 1
5 26 1
5 27 1
6 0 2
6 1 1
6 2 1
6 3 2
6 4 2
6 5 1
6 6 1
6 7 1
6 8 1
6 9 1
6 10 2
6 11 2
6 12 1
6 13 1
6 14 2
6 15 2
6 16 0
6 17 1
6 18 1
6 19 2
6 20 2
6 21 0
6 22 0
6 23 0
6 24 1
6 25 2
6 26 2
6 27 2
7 0 2
7 1 1
7 2 1
7 3 1
7 4 1
7 5 2
7 6 2
7 7 2
7 8 0
7 9 0
7 10 2
7 11 2
7 12 0
7 13 0
7 14 0
7 15 0
7 16 0
7 17 2
7 18 2
7 19 0
7 20 1
7 21 1
7 22 2
7 23 2
7 24 0
7 25 1
7 26 2
7 27 2
8 0 0
8 1 0
8 2 0
8 3 2
8 4 2
8 5 1
8 6 1
8 7 1
8 8 1
8 9 2
8 10 2
8 11 0
8 12 1
8 13 1
8 14 1
8 15 2
8 16 2
8 17 0
8 18 1
8 19 2
8 20 2
8 21 0
8 22 0
8 23 0
8 24 1
8 25 1
8 26 2
8 27 2
9 0 1
9 1 1
9 2 1
9 3 2
9 4 2
9 5 0
9 6 0
9 7 2
9 8 2
9 9 2
9 10 0
9 11 0
9 12 2
9 13 2
9 14 0
9 15 0
9 16 0
9 17 0
9 18 0
9 19 2
9 20 2
9 21 2
9 22 0
9 23 1
9 24 2
9 25 2
9 26 0
9 27 0
