0 0 1
0 1 1
0 2 1
0 3 1
0 4 1
0 5 3
0 6 3
0 7 0
0 8 1
0 9 3
0 10 3
0 11 0
0 12 1
0 13 1
0 14 1
0 15 3
0 16 3
0 17 0
0 18 0
0 19 0
0 20 1
0 21 3
0 22 3
0 23 0
0 24 0
0 25 0
0 26 3
0 27 3
1 0 0
1 1 0
1 2 0
1 3 3
1 4 3
1 5 0
1 6 1
1 7 1
1 8 1
1 9 1
1 10 3
1 11 3
1 12 3
1 13 3
1 14 0
1 15 0
1 16 0
1 17 0
1 18 1
1 19 3
1 20 3
1 21 0
1 22 1
1 23 1
1 24 1
1 25 3
1 26 3
1 27 0
2 0 3
2 1 3
2 2 0
2 3 0
2 4 1
2 5 3
2 6 3
2 7 0
2 8 0
2 9 3
2 10 3
2 11 1
2 12 1
2 13 1
2 14 1
2 15 3
2 16 3
2 17 1
2 18 2
2 19 3
2 20 3
2 21 3
2 22 3
2 23 1
2 24 1
2 25 1
2 26 2
2 27 2
3 0 0
3 1 0
3 2 0
3 3 3
3 4 3
3 5 3
3 6 3
3 7 0
3 8 0
3 9 0
3 10 0
3 11 0
3 12 3
3 13 3
3 14 3
3 15 3
3 16 0
3 17 0
3 18 0
3 19 0
3 20 0
3 21 3
3 22 3
3 23 0
3 24 0
3 25 0
3 26 0
3 27 0
4 0 1
4 1 1
4 2 2
4 3 3
4 4 3
4 5 1
4 6 1
4 7 2
4 8 2
4 9 3
4 10 3
4 11 1
4 12 2
4 13 3
4 14 3
4 15 0
4 16 0
4 17 0
4 18 1
4 19 3
4 20 3
4 21 3
4 22 2
4 23 2
4 24 2
4 25 2
4 26 3
4 27 3
5 0 2
5 1 2
5 2 3
5 3 3
5 4 0
5 5 2
5 6 2
5 7 2
5 8 2
5 9 3
5 10 3
5 11 0
5 12 0
5 13 0
5 14 0
5 15 3
5 16 3
5 17 2
5 18 2
5 19 3
5 20 3
5 21 0
5 22 0
5 23 0
5 24 0
5 25 3
5 26 3
5 27 3
6 0 3
6 1 0
6 2 0
6 3 0
6 4 0
6 5 3
6 6 3
6 7 0
6 8 0
6 9 3
6 10 3
6 11 0
6 12 0
6 13 0
6 14 0
6 15 0
6 16 3
6 17 3
6 18 0
6 19 0
6 20 0
6 21 3
6 22 3
6 23 3
6 24 0
6 25 0
6 26 3
6 27 3
7 0 2
7 1 3
7 2 3
7 3 0
7 4 1
7 5 1
7 6 1
7 7 1
7 8 3
7 9 3
7 10 1
7 11 1
7 12 3
7 13 3
7 14 3
7 15 1
7 16 1
7 17 1
7 18 1
7 19 3
7 20 3
7 21 1
7 22 2
7 23 3
7 24 3
7 25 1
7 26 1
7 27 1
8 0 1
8 1 1
8 2 1
8 3 1
8 4 1
8 5 3
8 6 3
8 7 3
8 8 0
8 9 0
8 10 1
8 11 3
8 12 3
8 13 3
8 14 0
8 15 1
8 16 3
8 17 3
8 18 0
8 19 0
8 20 0
8 21 0
8 22 0
8 23 3
8 24 3
8 25 0
8 26 1
8 27 1
9 0 1
9 1 1
9 2 1
9 3 1
9 4 1
9 5 3
9 6 3
9 7 3
9 8 3
9 9 3
9 10 1
9 11 1
9 12 1
9 13 1
9 14 1
9 15 3
9 16 3
9 17 1
9 18 2
9 19 3
9 20 3
9 21 0
9 22 2
9 23 2
9 24 3
9 25 3
9 26 0
9 27 1
10 0 0
10 1 3
10 2 3
10 3 3
10 4 0
10 5 0
10 6 1
10 7 1
10 8 1
10 9 3
10 10 3
10 11 3
10 12 2
10 13 2
10 14 2
10 15 2
10 16 2
10 17 2
10 18 3
10 19 3
10 20 3
10 21 0
10 22 0
10 23 0
10 24 2
10 25 3
10 26 3
10 27 3
11 0 1
11 1 1
11 2 3
11 3 3
11 4 3
11 5 0
11 6 0
11 7 1
11 8 1
11 9 2
11 10 2
11 11 3
11 12 3
11 13 3
11 14 1
11 15 2
11 16 3
11 17 3
11 18 3
11 19 3
11 20 1
11 21 2
11 22 2
11 23 2
11 24 2
11 25 2
11 26 3
11 27 3
12 0 0
12 1 1
12 2 1
12 3 3
12 4 3
12 5 3
12 6 3
12 7 1
12 8 1
12 9 1
12 10 1
12 11 1
12 12 3
12 13 3
12 14 3
12 15 1
12 16 1
12 17 1
12 18 1
12 19 1
12 20 2
12 21 3
12 22 3
12 23 3
12 24 1
12 25 1
12 26 2
12 27 2
13 0 1
13 1 2
13 2 2
13 3 2
13 4 2
13 5 2
13 6 3
13 7 3
13 8 3
13 9 2
13 10 2
13 11 2
13 12 3
13 13 3
13 14 3
13 15 1
13 16 2
13 17 3
13 18 3
13 19 3
13 20 0
13 21 1
13 22 1
13 23 1
13 24 1
13 25 1
13 26 3
13 27 3
14 0 3
14 1 0
14 2 1
14 3 1
14 4 1
14 5 1
14 6 1
14 7 3
14 8 3
14 9 3
14 10 0
14 11 0
14 12 0
14 13 1
14 14 1
14 15 1
14 16 3
14 17 3
14 18 3
14 19 3
14 20 3
14 21 0
14 22 1
14 23 1
14 24 1
14 25 1
14 26 3
14 27 3
15 0 3
15 1 3
15 2 3
15 3 3
15 4 2
15 5 2
15 6 2
15 7 3
15 8 3
15 9 1
15 10 3
15 11 3
15 12 3
15 13 2
15 14 3
15 15 3
15 16 3
15 17 3
15 18 3
15 19 1
15 20 1
15 21 1
15 22 1
15 23 3
15 24 3
15 25 3
15 26 3
15 27 3
16 0 3
16 1 3
16 2 1
16 3 1
16 4 1
16 5 1
16 6 1
16 7 3
16 8 3
16 9 3
16 10 3
16 11 3
16 12 0
16 13 1
16 14 3
16 15 3
16 16 3
16 17 3
16 18 3
16 19 3
16 20 3
16 21 3
16 22 0
16 23 3
16 24 3
16 25 3
16 26 3
16 27 0
17 0 2
17 1 3
17 2 3
17 3 3
17 4 3
17 5 0
17 6 0
17 7 3
17 8 3
17 9 0
17 10 3
17 11 3
17 12 3
17 13 3
17 14 3
17 15 0
17 16 3
17 17 3
17 18 3
17 19 1
17 20 3
17 21 3
17 22 1
17 23 1
17 24 3
17 25 3
17 26 3
17 27 1
18 0 3
18 1 3
18 2 3
18 3 3
18 4 3
18 5 3
18 6 0
18 7 3
18 8 3
18 9 3
18 10 3
18 11 0
18 12 3
18 13 3
18 14 3
18 15 1
18 16 1
18 17 1
18 18 1
18 19 1
18 20 3
18 21 3
18 22 3
18 23 3
18 24 0
18 25 3
18 26 3
18 27 0
19 0 3
19 1 3
19 2 3
19 3 0
19 4 3
19 5 3
19 6 3
19 7 3
19 8 1
19 9 1
19 10 1
19 11 3
19 12 3
19 13 0
19 14 0
19 15 3
19 16 3
19 17 3
19 18 3
19 19 0
19 20 0
19 21 3
19 22 3
19 23 3
19 24 3
19 25 3
19 26 3
19 27 1
