0 0 1 100 1
0 1 3 100 1
0 2 7 100 1
0 3 5 100 1
0 4 2 100 1
0 5 4 100 1
1 0 3 100 1
1 1 1 100 1
1 2 5 100 1
1 3 7 100 1
1 4 2 100 1
1 5 2 100 1
2 0 2 100 1
2 1 1 100 1
2 2 8 100 1
2 3 9 100 1
2 4 2 100 1
2 5 2 100 1
3 0 2 100 1
3 1 2 100 1
3 2 7 100 1
3 3 8 100 1
3 4 3 100 1
3 5 2 100 1
4 0 2 100 1
4 1 1 100 1
4 2 9 100 1
4 3 7 100 1
4 4 2 100 1
4 5 2 100 1
5 0 2 100 1
5 1 1 100 1
5 2 8 100 1
5 3 7 100 1
5 4 2 100 1
5 5 1 100 1
6 0 2 100 1
6 1 2 100 1
6 2 8 100 1
6 3 7 100 1
6 4 3 100 1
6 5 1 100 1
7 0 3 100 1
7 1 3 100 1
7 2 8 100 1
7 3 5 100 1
7 4 3 100 1
7 5 2 100 1
8 0 1 100 1
8 1 2 100 1
8 2 6 100 1
8 3 7 100 1
8 4 2 100 1
8 5 2 100 1
9 0 1 100 1
9 1 2 100 1
9 2 7 100 1
9 3 7 100 1
9 4 2 100 1
9 5 2 100 1
10 0 2 100 1
10 1 1 100 1
10 2 9 100 1
10 3 7 100 1
10 4 2 100 1
10 5 3 100 1
11 0 4 100 1
11 1 3 100 1
11 2 7 100 1
11 3 6 100 1
11 4 2 100 1
11 5 3 100 1
12 0 2 100 1
12 1 3 100 1
12 2 6 100 1
12 3 7 100 1
12 4 3 100 1
12 5 1 100 1
13 0 2 100 1
13 1 2 100 1
13 2 7 100 1
13 3 7 100 1
13 4 2 100 1
13 5 3 100 1
14 0 2 100 1
14 1 1 100 1
14 2 8 100 1
14 3 8 100 1
14 4 2 100 1
14 5 1 100 1
15 0 2 100 1
15 1 2 100 1
15 2 7 100 1
15 3 9 100 1
15 4 4 100 1
15 5 2 100 1
16 0 2 100 1
16 1 1 100 1
16 2 7 100 1
16 3 7 100 1
16 4 1 100 1
16 5 2 100 1
17 0 3 100 1
17 1 2 100 1
17 2 7 100 1
17 3 5 100 1
17 4 3 100 1
17 5 2 100 1
18 0 2 100 1
18 1 3 100 1
18 2 7 100 1
18 3 8 100 1
18 4 2 100 1
18 5 3 100 1
19 0 3 100 1
19 1 3 100 1
19 2 7 100 1
19 3 9 100 1
19 4 2 100 1
19 5 2 100 1
20 0 3 100 1
20 1 1 100 1
20 2 9 100 1
20 3 7 100 1
20 4 2 100 1
20 5 2 100 1
21 0 1 100 1
21 1 3 100 1
21 2 7 100 1
21 3 6 100 1
21 4 2 100 1
21 5 2 100 1
22 0 2 100 1
22 1 2 100 1
22 2 7 100 1
22 3 7 100 1
22 4 1 100 1
22 5 2 100 1
23 0 1 100 1
23 1 2 100 1
23 2 6 100 1
23 3 7 100 1
23 4 2 100 1
23 5 1 100 1
24 0 3 100 1
24 1 2 100 1
24 2 7 100 1
24 3 7 100 1
24 4 2 100 1
24 5 1 100 1
25 0 2 100 1
25 1 1 100 1
25 2 7 100 1
25 3 7 100 1
25 4 2 100 1
25 5 3 100 1
26 0 3 100 1
26 1 2 100 1
26 2 6 100 1
26 3 8 100 1
26 4 2 100 1
26 5 2 100 1
27 0 3 100 1
27 1 1 100 1
27 2 7 100 1
27 3 9 100 1
27 4 3 100 1
27 5 1 100 1
28 0 2 100 1
28 1 1 100 1
28 2 7 100 1
28 3 6 100 1
28 4 2 100 1
28 5 3 100 1
29 0 4 100 1
29 1 2 100 1
29 2 7 100 1
29 3 6 100 1
29 4 2 100 1
29 5 1 100 1
30 0 3 100 1
30 1 2 100 1
30 2 8 100 1
30 3 7 100 1
30 4 2 100 1
30 5 2 100 1
31 0 2 100 1
31 1 1 100 1
31 2 5 100 1
31 3 7 100 1
31 4 2 100 1
31 5 2 100 1
32 0 2 100 1
32 1 2 100 1
32 2 7 100 1
32 3 7 100 1
32 4 2 100 1
32 5 2 100 1
33 0 3 100 1
33 1 4 100 1
33 2 8 100 1
33 3 8 100 1
33 4 5 100 1
33 5 3 100 1
34 0 2 100 1
34 1 2 100 1
34 2 8 100 1
34 3 7 100 1
34 4 2 100 1
34 5 1 100 1
35 0 1 100 1
35 1 2 100 1
35 2 7 100 1
35 3 7 100 1
35 4 2 100 1
35 5 2 100 1
36 0 2 100 1
36 1 5 100 1
36 2 7 100 1
36 3 8 100 1
36 4 4 100 1
36 5 3 100 1
37 0 2 100 1
37 1 2 100 1
37 2 7 100 1
37 3 7 100 1
37 4 3 100 1
37 5 2 100 1
38 0 4 100 1
38 1 3 100 1
38 2 9 100 1
38 3 9 100 1
38 4 4 100 1
38 5 4 100 1
39 0 4 100 1
39 1 2 100 1
39 2 7 100 1
39 3 6 100 1
39 4 2 100 1
39 5 2 100 1
40 0 1 100 1
40 1 4 100 1
40 2 7 100 1
40 3 7 100 1
40 4 2 100 1
40 5 3 100 1
41 0 2 100 1
41 1 3 100 1
41 2 9 100 1
41 3 6 100 1
41 4 2 100 1
41 5 2 100 1
42 0 3 100 1
42 1 1 100 1
42 2 7 100 1
42 3 7 100 1
42 4 3 100 1
42 5 4 100 1
43 0 2 100 1
43 1 1 100 1
43 2 6 100 1
43 3 7 100 1
43 4 1 100 1
43 5 2 100 1
44 0 2 100 1
44 1 2 100 1
44 2 9 100 1
44 3 8 100 1
44 4 3 100 1
44 5 2 100 1
45 0 3 100 1
45 1 3 100 1
45 2 8 100 1
45 3 6 100 1
45 4 3 100 1
45 5 3 100 1
46 0 5 100 1
46 1 3 100 1
46 2 7 100 1
46 3 10 100 1
46 4 2 100 1
46 5 5 100 1
47 0 3 100 1
47 1 3 100 1
47 2 8 100 1
47 3 7 100 1
47 4 1 100 1
47 5 3 100 1
48 0 2 100 1
48 1 2 100 1
48 2 7 100 1
48 3 6 100 1
48 4 2 100 1
48 5 1 100 1
49 0 3 100 1
49 1 3 100 1
49 2 7 100 1
49 3 7 100 1
49 4 2 100 1
49 5 3 100 1
50 0 2 100 1
50 1 3 100 1
50 2 6 100 1
50 3 7 100 1
50 4 4 100 1
50 5 2 100 1
51 0 2 100 1
51 1 4 100 1
51 2 9 100 1
51 3 6 100 1
51 4 3 100 1
51 5 3 100 1
52 0 1 100 1
52 1 1 100 1
52 2 7 100 1
52 3 7 100 1
52 4 3 100 1
52 5 2 100 1
53 0 3 100 1
53 1 4 100 1
53 2 8 100 1
53 3 8 100 1
53 4 3 100 1
53 5 4 100 1
54 0 1 100 1
54 1 2 100 1
54 2 7 100 1
54 3 7 100 1
54 4 3 100 1
54 5 3 100 1
55 0 3 100 1
55 1 2 100 1
55 2 7 100 1
55 3 5 100 1
55 4 2 100 1
55 5 2 100 1
56 0 5 100 1
56 1 2 100 1
56 2 8 100 1
56 3 8 100 1
56 4 3 100 1
56 5 2 100 1
57 0 4 100 1
57 1 3 100 1
57 2 8 100 1
57 3 10 100 1
57 4 2 100 1
57 5 5 100 1
58 0 2 100 1
58 1 1 100 1
58 2 7 100 1
58 3 8 100 1
58 4 2 100 1
58 5 3 100 1
59 0 2 100 1
59 1 3 100 1
59 2 7 100 1
59 3 7 100 1
59 4 3 100 1
59 5 4 100 1
60 0 2 100 1
60 1 3 100 1
60 2 7 100 1
60 3 8 100 1
60 4 2 100 1
60 5 4 100 1
61 0 3 100 1
61 1 1 100 1
61 2 7 100 1
61 3 6 100 1
61 4 2 100 1
61 5 2 100 1
62 0 2 100 1
62 1 1 100 1
62 2 8 100 1
62 3 7 100 1
62 4 2 100 1
62 5 2 100 1
63 0 4 100 1
63 1 2 100 1
63 2 6 100 1
63 3 7 100 1
63 4 3 100 1
63 5 4 100 1
64 0 3 100 1
64 1 1 100 1
64 2 7 100 1
64 3 7 100 1
64 4 2 100 1
64 5 2 100 1
65 0 3 100 1
65 1 3 100 1
65 2 10 100 1
65 3 8 100 1
65 4 2 100 1
65 5 2 100 1
66 0 2 100 1
66 1 1 100 1
66 2 6 100 1
66 3 8 100 1
66 4 1 100 1
66 5 2 100 1
67 0 4 100 1
67 1 5 100 1
67 2 7 100 1
67 3 6 100 1
67 4 3 100 1
67 5 3 100 1
68 0 3 100 1
68 1 2 100 1
68 2 7 100 1
68 3 8 100 1
68 4 2 100 1
68 5 5 100 1
69 0 3 100 1
69 1 3 100 1
69 2 7 100 1
69 3 7 100 1
69 4 2 100 1
69 5 1 100 1
70 0 3 100 1
70 1 4 100 1
70 2 7 100 1
70 3 8 100 1
70 4 3 100 1
70 5 3 100 1
71 0 1 100 1
71 1 2 100 1
71 2 7 100 1
71 3 7 100 1
71 4 2 100 1
71 5 1 100 1
72 0 4 100 1
72 1 3 100 1
72 2 8 100 1
72 3 8 100 1
72 4 4 100 1
72 5 2 100 1
73 0 1 100 1
73 1 3 100 1
73 2 7 100 1
73 3 7 100 1
73 4 4 100 1
73 5 2 100 1
74 0 3 100 1
74 1 3 100 1
74 2 8 100 1
74 3 7 100 1
74 4 4 100 1
74 5 2 100 1
75 0 2 100 1
75 1 2 100 1
75 2 8 100 1
75 3 9 100 1
75 4 2 100 1
75 5 2 100 1
76 0 2 100 1
76 1 2 100 1
76 2 7 100 1
76 3 5 100 1
76 4 4 100 1
76 5 1 100 1
77 0 5 100 1
77 1 4 100 1
77 2 9 100 1
77 3 7 100 1
77 4 3 100 1
77 5 3 100 1
78 0 3 100 1
78 1 2 100 1
78 2 7 100 1
78 3 7 100 1
78 4 2 100 1
78 5 3 100 1
79 0 2 100 1
79 1 2 100 1
79 2 8 100 1
79 3 7 100 1
79 4 4 100 1
79 5 2 100 1
80 0 2 100 1
80 1 2 100 1
80 2 8 100 1
80 3 6 100 1
80 4 1 100 1
80 5 3 100 1
81 0 4 100 1
81 1 3 100 1
81 2 9 100 1
81 3 8 100 1
81 4 4 100 1
81 5 5 100 1
82 0 3 100 1
82 1 3 100 1
82 2 7 100 1
82 3 6 100 1
82 4 2 100 1
82 5 2 100 1
83 0 2 100 1
83 1 2 100 1
83 2 6 100 1
83 3 6 100 1
83 4 2 100 1
83 5 4 100 1
84 0 2 100 1
84 1 3 100 1
84 2 6 100 1
84 3 7 100 1
84 4 2 100 1
84 5 2 100 1
85 0 2 100 1
85 1 3 100 1
85 2 8 100 1
85 3 8 100 1
85 4 3 100 1
85 5 3 100 1
86 0 3 100 1
86 1 1 100 1
86 2 6 100 1
86 3 7 100 1
86 4 2 100 1
86 5 2 100 1
87 0 4 100 1
87 1 2 100 1
87 2 8 100 1
87 3 8 100 1
87 4 3 100 1
87 5 3 100 1
88 0 1 100 1
88 1 2 100 1
88 2 7 100 1
88 3 9 100 1
88 4 1 100 1
88 5 2 100 1
89 0 2 100 1
89 1 3 100 1
89 2 6 100 1
89 3 6 100 1
89 4 3 100 1
89 5 2 100 1
90 0 4 100 1
90 1 2 100 1
90 2 7 100 1
90 3 7 100 1
90 4 2 100 1
90 5 3 100 1
91 0 3 100 1
91 1 2 100 1
91 2 8 100 1
91 3 7 100 1
91 4 4 100 1
91 5 3 100 1
92 0 3 100 1
92 1 5 100 1
92 2 8 100 1
92 3 7 100 1
92 4 2 100 1
92 5 2 100 1
93 0 2 100 1
93 1 3 100 1
93 2 8 100 1
93 3 8 100 1
93 4 3 100 1
93 5 4 100 1
94 0 1 100 1
94 1 2 100 1
94 2 8 100 1
94 3 7 100 1
94 4 3 100 1
94 5 2 100 1
95 0 3 100 1
95 1 3 100 1
95 2 9 100 1
95 3 9 100 1
95 4 5 100 1
95 5 3 100 1
96 0 1 100 1
96 1 3 100 1
96 2 8 100 1
96 3 7 100 1
96 4 2 100 1
96 5 2 100 1
97 0 2 100 1
97 1 3 100 1
97 2 6 100 1
97 3 7 100 1
97 4 1 100 1
97 5 2 100 1
98 0 1 100 1
98 1 2 100 1
98 2 7 100 1
98 3 7 100 1
98 4 3 100 1
98 5 2 100 1
99 0 3 100 1
99 1 2 100 1
99 2 8 100 1
99 3 8 100 1
99 4 4 100 1
99 5 4 100 1
100 0 1 100 1
100 1 4 100 1
100 2 7 100 1
100 3 8 100 1
100 4 2 100 1
100 5 2 100 1
101 0 2 100 1
101 1 2 100 1
101 2 8 100 1
101 3 7 100 1
101 4 4 100 1
101 5 4 100 1
102 0 3 100 1
102 1 2 100 1
102 2 7 100 1
102 3 8 100 1
102 4 2 100 1
102 5 2 100 1
103 0 1 100 1
103 1 2 100 1
103 2 8 100 1
103 3 8 100 1
103 4 2 100 1
103 5 2 100 1
104 0 4 100 1
104 1 3 100 1
104 2 8 100 1
104 3 7 100 1
104 4 2 100 1
104 5 3 100 1
105 0 2 100 1
105 1 1 100 1
105 2 6 100 1
105 3 8 100 1
105 4 2 100 1
105 5 2 100 1
106 0 3 100 1
106 1 3 100 1
106 2 10 100 1
106 3 8 100 1
106 4 3 100 1
106 5 2 100 1
107 0 2 100 1
107 1 1 100 1
107 2 9 100 1
107 3 7 100 1
107 4 2 100 1
107 5 2 100 1
108 0 3 100 1
108 1 5 100 1
108 2 8 100 1
108 3 8 100 1
108 4 3 100 1
108 5 2 100 1
109 0 2 100 1
109 1 3 100 1
109 2 6 100 1
109 3 5 100 1
109 4 1 100 1
109 5 3 100 1
110 0 3 100 1
110 1 2 100 1
110 2 7 100 1
110 3 6 100 1
110 4 3 100 1
110 5 2 100 1
111 0 4 100 1
111 1 4 100 1
111 2 8 100 1
111 3 8 100 1
111 4 2 100 1
111 5 4 100 1
112 0 1 100 1
112 1 3 100 1
112 2 8 100 1
112 3 6 100 1
112 4 1 100 1
112 5 1 100 1
113 0 3 100 1
113 1 4 100 1
113 2 8 100 1
113 3 7 100 1
113 4 3 100 1
113 5 2 100 1
114 0 2 100 1
114 1 2 100 1
114 2 8 100 1
114 3 8 100 1
114 4 4 100 1
114 5 5 100 1
115 0 2 100 1
115 1 1 100 1
115 2 7 100 1
115 3 7 100 1
115 4 2 100 1
115 5 1 100 1
116 0 3 100 1
116 1 2 100 1
116 2 8 100 1
116 3 9 100 1
116 4 2 100 1
116 5 3 100 1
117 0 3 100 1
117 1 3 100 1
117 2 9 100 1
117 3 8 100 1
117 4 3 100 1
117 5 3 100 1
118 0 3 100 1
118 1 2 100 1
118 2 8 100 1
118 3 6 100 1
118 4 1 100 1
118 5 1 100 1
119 0 4 100 1
119 1 2 100 1
119 2 8 100 1
119 3 8 100 1
119 4 3 100 1
119 5 4 100 1
120 0 2 100 1
120 1 2 100 1
120 2 9 100 1
120 3 7 100 1
120 4 1 100 1
120 5 1 100 1
121 0 1 100 1
121 1 2 100 1
121 2 6 100 1
121 3 7 100 1
121 4 1 100 1
121 5 2 100 1
122 0 3 100 1
122 1 3 100 1
122 2 8 100 1
122 3 9 100 1
122 4 3 100 1
122 5 3 100 1
123 0 3 100 1
123 1 3 100 1
123 2 8 100 1
123 3 9 100 1
123 4 5 100 1
123 5 2 100 1
124 0 1 100 1
124 1 2 100 1
124 2 7 100 1
124 3 7 100 1
124 4 2 100 1
124 5 2 100 1
125 0 2 100 1
125 1 2 100 1
125 2 8 100 1
125 3 8 100 1
125 4 2 100 1
125 5 2 100 1
126 0 3 100 1
126 1 3 100 1
126 2 10 100 1
126 3 7 100 1
126 4 2 100 1
126 5 2 100 1
127 0 2 100 1
127 1 2 100 1
127 2 7 100 1
127 3 7 100 1
127 4 2 100 1
127 5 1 100 1
128 0 3 100 1
128 1 4 100 1
128 2 9 100 1
128 3 8 100 1
128 4 2 100 1
128 5 2 100 1
129 0 3 100 1
129 1 2 100 1
129 2 10 100 1
129 3 8 100 1
129 4 3 100 1
129 5 2 100 1
130 0 3 100 1
130 1 3 100 1
130 2 6 100 1
130 3 9 100 1
130 4 1 100 1
130 5 1 100 1
131 0 3 100 1
131 1 2 100 1
131 2 7 100 1
131 3 7 100 1
131 4 4 100 1
131 5 2 100 1
132 0 2 100 1
132 1 3 100 1
132 2 6 100 1
132 3 6 100 1
132 4 2 100 1
132 5 1 100 1
133 0 2 100 1
133 1 3 100 1
133 2 6 100 1
133 3 9 100 1
133 4 4 100 1
133 5 4 100 1
134 0 4 100 1
134 1 2 100 1
134 2 7 100 1
134 3 9 100 1
134 4 3 100 1
134 5 2 100 1
135 0 2 100 1
135 1 2 100 1
135 2 6 100 1
135 3 7 100 1
135 4 3 100 1
135 5 2 100 1
136 0 3 100 1
136 1 4 100 1
136 2 7 100 1
136 3 6 100 1
136 4 2 100 1
136 5 2 100 1
137 0 3 100 1
137 1 2 100 1
137 2 8 100 1
137 3 8 100 1
137 4 3 100 1
137 5 4 100 1
138 0 2 100 1
138 1 3 100 1
138 2 7 100 1
138 3 8 100 1
138 4 4 100 1
138 5 3 100 1
139 0 3 100 1
139 1 1 100 1
139 2 7 100 1
139 3 5 100 1
139 4 2 100 1
139 5 3 100 1
140 0 3 100 1
140 1 4 100 1
140 2 6 100 1
140 3 10 100 1
140 4 2 100 1
140 5 3 100 1
141 0 1 100 1
141 1 2 100 1
141 2 9 100 1
141 3 6 100 1
141 4 2 100 1
141 5 3 100 1
142 0 3 100 1
142 1 3 100 1
142 2 8 100 1
142 3 6 100 1
142 4 3 100 1
142 5 5 100 1
143 0 2 100 1
143 1 2 100 1
143 2 7 100 1
143 3 6 100 1
143 4 1 100 1
143 5 1 100 1
144 0 2 100 1
144 1 2 100 1
144 2 8 100 1
144 3 8 100 1
144 4 3 100 1
144 5 3 100 1
145 0 3 100 1
145 1 3 100 1
145 2 6 100 1
145 3 8 100 1
145 4 3 100 1
145 5 5 100 1
146 0 4 100 1
146 1 2 100 1
146 2 6 100 1
146 3 7 100 1
146 4 2 100 1
146 5 3 100 1
147 0 3 100 1
147 1 4 100 1
147 2 8 100 1
147 3 6 100 1
147 4 2 100 1
147 5 2 100 1
148 0 3 100 1
148 1 3 100 1
148 2 7 100 1
148 3 8 100 1
148 4 2 100 1
148 5 4 100 1
149 0 1 100 1
149 1 2 100 1
149 2 8 100 1
149 3 7 100 1
149 4 2 100 1
149 5 3 100 1
150 0 2 100 1
150 1 3 100 1
150 2 8 100 1
150 3 9 100 1
150 4 2 100 1
150 5 3 100 1
151 0 3 100 1
151 1 1 100 1
151 2 6 100 1
151 3 5 100 1
151 4 2 100 1
151 5 1 100 1
152 0 2 100 1
152 1 2 100 1
152 2 9 100 1
152 3 8 100 1
152 4 4 100 1
152 5 2 100 1
153 0 3 100 1
153 1 3 100 1
153 2 9 100 1
153 3 8 100 1
153 4 2 100 1
153 5 3 100 1
154 0 3 100 1
154 1 4 100 1
154 2 8 100 1
154 3 7 100 1
154 4 3 100 1
154 5 3 100 1
155 0 2 100 1
155 1 2 100 1
155 2 7 100 1
155 3 7 100 1
155 4 2 100 1
155 5 1 100 1
156 0 3 100 1
156 1 3 100 1
156 2 8 100 1
156 3 8 100 1
156 4 3 100 1
156 5 3 100 1
157 0 2 100 1
157 1 3 100 1
157 2 7 100 1
157 3 5 100 1
157 4 2 100 1
157 5 3 100 1
158 0 3 100 1
158 1 3 100 1
158 2 8 100 1
158 3 10 100 1
158 4 5 100 1
158 5 2 100 1
159 0 2 100 1
159 1 1 100 1
159 2 8 100 1
159 3 8 100 1
159 4 2 100 1
159 5 2 100 1
160 0 3 100 1
160 1 2 100 1
160 2 8 100 1
160 3 8 100 1
160 4 1 100 1
160 5 4 100 1
161 0 4 100 1
161 1 4 100 1
161 2 7 100 1
161 3 7 100 1
161 4 1 100 1
161 5 1 100 1
162 0 2 100 1
162 1 2 100 1
162 2 7 100 1
162 3 8 100 1
162 4 2 100 1
162 5 2 100 1
163 0 3 100 1
163 1 3 100 1
163 2 8 100 1
163 3 9 100 1
163 4 3 100 1
163 5 3 100 1
164 0 2 100 1
164 1 2 100 1
164 2 8 100 1
164 3 9 100 1
164 4 2 100 1
164 5 1 100 1
165 0 1 100 1
165 1 2 100 1
165 2 7 100 1
165 3 8 100 1
165 4 2 100 1
165 5 2 100 1
166 0 2 100 1
166 1 3 100 1
166 2 8 100 1
166 3 7 100 1
166 4 3 100 1
166 5 3 100 1
167 0 2 100 1
167 1 3 100 1
167 2 7 100 1
167 3 5 100 1
167 4 2 100 1
167 5 1 100 1
168 0 2 100 1
168 1 3 100 1
168 2 8 100 1
168 3 8 100 1
168 4 2 100 1
168 5 3 100 1
169 0 2 100 1
169 1 2 100 1
169 2 9 100 1
169 3 8 100 1
169 4 4 100 1
169 5 2 100 1
170 0 3 100 1
170 1 3 100 1
170 2 8 100 1
170 3 7 100 1
170 4 3 100 1
170 5 3 100 1
171 0 4 100 1
171 1 2 100 1
171 2 7 100 1
171 3 6 100 1
171 4 1 100 1
171 5 3 100 1
172 0 3 100 1
172 1 2 100 1
172 2 8 100 1
172 3 9 100 1
172 4 4 100 1
172 5 3 100 1
173 0 2 100 1
173 1 2 100 1
173 2 7 100 1
173 3 7 100 1
173 4 3 100 1
173 5 2 100 1
174 0 4 100 1
174 1 1 100 1
174 2 7 100 1
174 3 7 100 1
174 4 3 100 1
174 5 3 100 1
175 0 2 100 1
175 1 2 100 1
175 2 6 100 1
175 3 6 100 1
175 4 4 100 1
175 5 2 100 1
176 0 3 100 1
176 1 5 100 1
176 2 8 100 1
176 3 8 100 1
176 4 3 100 1
176 5 3 100 1
177 0 3 100 1
177 1 3 100 1
177 2 8 100 1
177 3 6 100 1
177 4 2 100 1
177 5 1 100 1
178 0 2 100 1
178 1 1 100 1
178 2 7 100 1
178 3 7 100 1
178 4 3 100 1
178 5 2 100 1
179 0 5 100 1
179 1 3 100 1
179 2 8 100 1
179 3 8 100 1
179 4 3 100 1
179 5 3 100 1
180 0 2 100 1
180 1 2 100 1
180 2 7 100 1
180 3 7 100 1
180 4 2 100 1
180 5 3 100 1
181 0 2 100 1
181 1 2 100 1
181 2 7 100 1
181 3 8 100 1
181 4 3 100 1
181 5 2 100 1
