19 20 21 22 81 82 83 84 85 86 87 88 89 90 91 92 117 118
16 17 18 19 63 64 65 66 67 68 91 92 93 94 111 112 113 114
7 8 9 10 11 12 13 14 15 16 56 57 58 59 60 61 62 98
11 12 13 14 15 16 47 48 49 50 51 52 53 54 55 126 127 128
79 80 81 82 101 121 122 123 124 125 126 127 128 129 130 131 132 139
35 36 37 38 39 62 63 64 65 131 132 133 134 135 166 178 179 180
21 22 23 24 25 26 27 117 118 119 120 121 122 123 124 125 126 127
57 58 59 60 61 62 63 64 65 66 67 68 94 124 125 126 127 161
34 35 36 37 49 50 51 52 53 54 55 56 57 58 59 161 162 163
15 16 17 18 19 20 21 22 23 24 56 86 109 110 111 112 113 172
3 4 10 11 12 121 122 123 124 125 126 127 128 129 130 131 132 165
66 67 68 69 70 71 72 73 74 75 76 77 78 79 80 81 92 93
43 44 45 46 47 48 49 50 51 52 53 54 67 100 108 162 163 164
19 20 21 68 72 73 74 75 128 129 130 131 132 133 134 135 136 137
8 9 10 11 16 17 38 39 40 54 55 56 132 133 134 146 147 156
55 62 63 64 82 110 111 112 113 114 115 116 117 118 119 120 121 122
50 95 96 97 98 99 100 101 102 103 104 105 106 107 108 131 132 169
1 2 109 110 111 112 127 128 129 130 131 132 133 171 172 173 174 175
7 23 24 25 26 27 28 106 107 108 118 119 120 121 122 123 124 125
57 58 59 60 61 62 63 64 65 139 140 141 142 143 144 145 146 147
33 110 111 112 113 114 144 145 146 147 148 149 150 151 152 153 154 155
54 55 56 57 94 118 119 120 121 122 123 124 125 126 127 147 148 149
58 59 60 61 62 140 141 142 143 144 145 146 147 148 149 150 151 152
11 12 13 14 15 16 17 18 19 20 21 32 33 34 38 64 155 156
48 49 50 51 52 53 54 55 56 57 62 63 64 65 137 138 139 140
33 34 35 78 119 132 133 134 135 136 137 138 139 140 141 142 143 144
34 35 36 37 38 65 66 74 75 76 77 78 79 124 125 126 127 128
21 22 23 24 25 26 27 28 29 30 31 32 33 34 86 87 88 105
18 19 40 41 42 107 108 109 110 111 112 113 114 115 116 117 118 119
43 44 116 117 118 119 120 121 122 123 124 125 126 127 128 129 133 134
14 15 16 17 18 58 59 60 67 68 131 132 133 134 135 136 137 138
23 24 25 26 27 28 48 49 138 146 147 148 149 155 156 157 158 159
22 23 24 25 26 34 35 66 67 68 69 70 71 72 73 74 75 125
49 50 51 52 53 100 101 102 166 167 168 169 170 171 172 173 174 175
33 34 35 36 37 108 109 110 111 112 113 114 122 123 124 141 142 143
0 4 5 46 47 48 49 50 51 52 53 54 55 56 99 100 101 102
47 48 49 50 51 52 80 81 82 83 97 98 99 100 101 102 103 104
114 115 116 117 118 119 120 121 122 123 130 131 132 133 134 135 136 137
36 37 38 39 108 109 110 111 112 113 114 134 135 136 137 138 139 140
25 26 27 28 29 36 46 47 48 49 50 51 52 53 54 60 61 120
35 36 37 38 39 40 41 42 43 44 45 46 47 108 109 110 111 157
7 25 26 27 28 29 30 31 32 107 115 116 117 118 119 120 121 122
32 33 34 35 36 107 108 109 110 111 112 113 114 115 137 138 139 169
34 37 38 39 40 41 42 43 44 45 64 65 66 67 68 69 70 100
0 1 2 3 4 5 6 7 8 9 75 76 116 117 118 119 120 121
16 17 24 25 26 27 28 29 30 31 49 50 51 52 53 82 83 115
23 24 71 82 83 84 85 86 87 88 89 90 91 92 102 103 104 105
8 87 88 89 104 105 115 116 117 118 146 147 148 149 150 151 172 173
18 19 20 21 22 23 24 25 26 27 28 91 92 93 94 95 96 161
16 17 18 52 56 87 88 136 140 141 142 143 144 145 146 147 148 151
