0 0 182 182 182 182 56160 54960 5 2 2 13
182 182 0 182 182 182 56160 54960 5 2 2 13
182 0 182 182 182 0 56160 54960 5 2 2 13
0 182 182 182 182 182 56160 54960 5 2 2 13
182 182 182 182 0 182 56160 54960 5 2 2 13
0 182 0 182 182 0 56160 54960 5 2 2 13
182 182 182 182 0 182 56160 54960 5 2 2 13
0 182 182 0 182 182 56160 54960 5 2 2 13
182 182 182 182 182 182 56160 54960 5 2 2 13
0 0 182 0 182 182 56160 54960 5 2 2 13
182 182 182 182 182 182 56160 54960 5 2 2 13
182 182 0 182 0 182 56160 54960 5 2 2 13
182 0 0 0 182 182 56160 54960 5 2 2 13
182 182 182 0 182 182 56160 54960 5 2 2 13
182 182 182 182 182 182 56160 54960 5 2 2 13
182 182 182 182 0 182 56160 54960 5 2 2 13
182 182 182 182 0 182 56160 54960 5 2 2 13
182 182 182 0 182 0 56160 54960 5 2 2 13
182 0 0 182 182 182 56160 54960 5 2 2 13
0 182 182 182 0 0 56160 54960 5 2 2 13
182 182 0 0 0 182 56160 54960 6 2 2 13
0 0 182 182 0 182 56160 54960 6 2 2 13
182 182 0 0 182 182 56160 54960 6 2 2 13
182 0 182 182 182 182 56160 54960 6 2 2 13
0 0 0 182 0 182 56160 54960 6 2 2 13
182 182 182 182 182 0 56160 54960 6 2 2 13
182 182 0 182 182 182 56160 54960 6 2 2 13
182 0 182 0 182 182 56160 54960 6 2 2 13
182 182 182 182 0 182 56160 54960 6 2 2 13
0 182 182 182 182 0 56160 54960 6 2 2 13
0 182 182 182 182 182 56160 54960 6 2 2 13
182 182 182 182 182 0 56160 54960 6 2 2 13
0 182 182 182 182 182 56160 54960 6 2 2 13
182 182 182 182 182 0 56160 54960 6 2 2 13
182 182 0 182 182 182 56160 54960 6 2 2 13
0 182 0 182 0 182 52620 51420 5 3 2 13
182 182 0 0 182 182 52620 51420 5 3 2 13
182 182 182 0 0 182 52620 51420 5 3 2 13
0 182 182 182 0 182 52620 51420 5 3 2 13
182 0 182 0 182 182 52620 51420 5 3 2 13
182 0 182 182 182 182 30840 29640 5 2 2 13
0 182 182 0 182 182 30840 29640 5 2 2 13
0 182 0 182 182 0 30840 29640 5 2 2 13
182 182 0 182 0 0 30840 29640 5 2 2 13
182 182 182 182 0 0 30840 29640 5 2 2 13
182 182 182 182 182 0 28080 26880 3 1 2 9
182 182 182 0 182 182 28080 26880 3 1 2 9
182 182 182 182 182 0 28080 26880 3 1 2 9
0 182 182 182 182 182 28080 26880 3 1 2 9
182 0 0 182 0 182 28080 26880 3 1 2 9
