0 24 2 1
0 43 3 1
0 44 3 1
0 45 3 1
0 46 3 1
0 47 3 1
0 168 2 2
0 169 2 2
0 170 2 2
0 171 2 2
0 172 2 2
1 34 1 3
1 35 1 3
1 36 1 3
1 102 3 3
1 103 3 3
1 104 3 3
1 138 0 2
1 139 0 2
1 140 0 2
1 141 0 2
1 142 0 2
2 124 3 3
2 125 3 3
2 126 3 3
2 127 3 3
2 128 3 3
2 137 3 3
2 138 3 3
2 161 0 1
3 33 4 2
3 34 4 2
3 35 4 2
3 36 4 2
3 37 4 2
3 76 2 2
3 77 2 2
3 148 1 2
3 149 1 2
4 0 0 1
4 1 0 1
4 2 0 1
4 3 0 1
4 71 2 2
4 75 3 3
4 76 3 3
4 77 3 3
4 91 2 3
4 92 2 3
4 157 0 2
4 158 0 2
5 23 3 1
5 58 3 3
5 59 3 3
5 145 3 1
5 146 3 1
5 159 3 1
5 160 3 1
5 161 3 1
5 162 3 1
5 163 3 1
6 0 5 2
6 1 5 2
6 2 5 2
6 3 5 2
6 51 1 1
6 52 1 1
6 53 1 1
6 54 1 1
6 67 1 1
6 74 3 3
6 75 3 3
6 76 3 3
6 87 2 1
6 88 2 1
6 109 0 1
6 110 0 1
7 15 5 3
7 111 4 3
7 112 4 3
7 113 4 3
7 118 2 1
7 119 2 1
7 120 2 1
7 121 2 1
7 122 2 1
7 169 1 1
7 170 1 1
7 171 1 1
7 172 1 1
8 0 4 3
8 8 5 1
8 9 5 1
8 10 5 1
8 11 5 1
8 12 5 1
8 101 5 1
8 102 5 1
8 103 5 1
8 104 5 1
8 105 5 1
8 142 5 1
8 164 4 3
8 165 4 3
9 115 5 2
9 116 5 2
9 117 5 2
9 118 5 2
9 126 5 2
9 127 5 2
9 128 5 2
9 129 5 2
9 137 2 1
9 138 2 1
9 139 2 1
9 140 2 1
9 141 2 1
9 154 4 3
9 155 4 3
9 156 4 3
9 157 4 3
9 174 5 1
9 175 5 1
9 176 5 1
9 177 5 1
10 43 4 2
10 44 4 2
10 45 4 2
10 50 0 1
10 51 0 1
10 116 0 2
10 162 3 3
10 163 3 3
10 164 3 3
10 172 5 3
10 173 5 3
10 174 5 3
10 175 5 3
11 83 0 1
11 84 0 1
11 85 0 1
11 86 0 1
11 87 0 1
11 95 1 2
11 96 1 2
11 97 1 2
11 98 1 2
11 99 1 2
11 106 5 1
11 107 5 1
11 108 5 1
11 149 3 1
11 150 3 1
11 165 1 1
11 166 1 1
11 167 1 1
11 168 1 1
12 56 5 1
12 60 5 1
12 61 5 1
12 62 5 1
12 85 0 1
12 86 0 1
12 87 0 1
12 92 5 3
12 93 5 3
12 123 5 1
12 124 5 1
12 154 0 3
12 155 0 3
12 156 0 3
13 108 0 3
13 109 0 3
13 110 0 3
13 111 0 3
13 112 0 3
13 138 5 1
13 161 1 3
13 162 1 3
14 21 1 1
14 22 1 1
14 23 1 1
14 24 1 1
14 73 4 3
14 74 4 3
14 75 4 3
14 76 4 3
14 77 4 3
14 84 0 3
14 85 0 3
14 129 0 1
14 130 0 1
14 150 4 1
14 151 4 1
15 3 0 3
15 10 3 1
15 11 3 1
15 12 3 1
15 13 3 1
15 14 3 1
15 57 0 3
15 58 0 3
15 59 0 3
15 67 3 2
15 68 3 2
15 69 3 2
15 70 3 2
15 71 3 2
15 78 1 2
15 79 1 2
15 80 1 2
15 102 5 3
15 103 5 3
15 104 5 3
15 105 5 3
15 106 5 3
16 67 0 1
16 68 0 1
16 69 0 1
16 70 0 1
16 71 0 1
16 86 3 2
16 87 3 2
16 111 3 1
16 112 3 1
16 113 3 1
16 114 3 1
16 125 1 2
16 126 1 2
16 139 5 2
16 140 5 2
16 141 5 2
16 142 5 2
17 57 2 2
17 58 2 2
17 59 2 2
17 60 2 2
17 77 2 2
17 78 2 2
17 118 2 1
17 119 2 1
17 120 2 1
17 121 2 1
18 29 0 3
18 68 4 2
18 69 4 2
18 92 4 1
18 93 4 1
18 94 4 1
18 95 4 1
18 160 0 1
18 161 0 1
18 162 0 1
19 116 2 1
19 117 2 1
19 118 2 1
19 119 2 1
19 150 3 2
20 41 5 1
20 115 0 1
20 116 0 1
20 117 0 1
20 118 0 1
20 119 0 1
20 156 0 2
21 15 2 2
21 16 2 2
21 95 2 2
21 96 2 2
21 97 2 2
21 98 2 2
21 99 2 2
21 115 3 1
21 116 3 1
21 117 3 1
21 131 3 2
22 3 4 3
22 4 4 3
22 5 4 3
22 9 4 2
22 10 4 2
22 11 4 2
22 32 5 2
22 177 0 2
22 178 0 2
22 179 0 2
22 180 0 2
23 50 4 1
23 51 4 1
23 52 4 1
23 53 4 1
23 54 4 1
23 59 5 1
23 60 5 1
23 70 3 1
23 71 3 1
23 89 0 1
23 107 2 2
23 108 2 2
23 113 4 3
23 114 4 3
23 115 4 3
23 116 4 3
23 117 4 3
23 168 4 2
23 169 4 2
24 10 3 1
24 35 5 3
24 36 5 3
24 37 5 3
24 38 5 3
24 39 5 3
24 76 3 1
24 77 3 1
24 78 3 1
24 79 3 1
24 95 5 3
24 96 5 3
24 97 5 3
24 98 5 3
24 102 3 2
24 160 3 2
24 178 3 3
25 3 2 2
25 4 2 2
25 5 2 2
25 6 2 2
25 16 3 3
25 17 3 3
25 18 3 3
25 88 3 1
25 89 3 1
25 90 3 1
25 91 3 1
25 92 3 1
25 112 2 1
25 113 2 1
25 114 2 1
25 115 2 1
25 116 2 1
25 128 0 3
25 129 0 3
26 20 4 3
26 21 4 3
26 22 4 3
26 23 4 3
26 24 4 3
26 67 5 2
26 68 5 2
26 115 5 1
26 116 5 1
26 143 5 3
26 144 5 3
27 3 0 2
27 4 0 2
27 5 0 2
27 12 5 1
27 13 5 1
27 14 5 1
27 15 5 1
27 48 2 3
27 49 2 3
27 50 2 3
27 51 2 3
27 52 2 3
27 73 2 3
27 74 2 3
27 95 2 2
27 157 2 3
27 158 2 3
27 159 2 3
27 173 2 1
27 174 2 1
27 175 2 1
27 176 2 1
28 32 5 3
28 33 5 3
28 39 3 2
28 60 2 1
28 61 2 1
28 62 2 1
28 63 2 1
28 64 2 1
28 130 5 3
28 172 3 3
29 0 4 3
29 18 2 3
29 19 2 3
29 20 2 3
29 21 2 3
29 22 2 3
29 137 2 3
29 138 2 3
29 165 4 3
29 166 4 3
29 167 4 3
29 171 1 3
29 172 1 3
30 39 3 1
30 40 3 1
30 41 3 1
30 80 5 1
30 81 5 1
30 82 5 1
30 89 4 2
30 90 4 2
30 175 2 2
30 176 2 2
30 177 2 2
30 178 2 2
30 179 2 2
31 6 4 1
31 7 4 1
31 8 4 1
31 9 4 1
31 16 1 2
31 36 1 2
31 37 1 2
31 38 1 2
31 39 1 2
31 85 3 2
31 86 3 2
31 87 3 2
31 88 3 2
31 89 3 2
31 141 0 3
31 142 0 3
31 143 0 3
31 160 3 3
31 161 3 3
31 162 3 3
31 163 3 3
31 178 0 3
32 80 5 3
32 81 5 3
32 82 5 3
32 145 5 1
32 146 5 1
33 55 2 3
33 56 2 3
33 57 2 3
33 58 2 3
33 59 2 3
34 14 1 3
34 15 1 3
34 16 1 3
34 61 4 3
34 62 4 3
34 63 4 3
34 64 4 3
34 150 1 3
34 151 1 3
34 152 1 3
34 170 0 1
34 171 0 1
34 172 0 1
35 11 5 2
35 12 5 2
35 13 5 2
35 14 5 2
35 15 5 2
35 20 5 3
35 21 5 3
35 36 3 3
35 37 3 3
35 38 3 3
35 39 3 3
35 40 3 3
35 67 3 1
35 68 3 1
35 69 3 1
35 70 3 1
35 71 3 1
35 112 1 3
35 125 5 1
35 126 5 1
35 127 5 1
35 128 5 1
35 168 1 3
35 169 1 3
36 7 1 3
36 8 1 3
36 9 1 3
36 10 1 3
36 18 1 3
36 19 1 3
36 20 1 3
36 21 1 3
36 76 4 3
36 77 4 3
36 78 4 3
36 91 0 3
36 92 0 3
36 93 0 3
36 106 4 2
36 107 4 2
36 122 1 1
36 123 1 1
36 124 1 1
36 125 1 1
36 126 1 1
36 152 0 3
36 153 0 3
36 154 0 3
36 155 0 3
36 159 4 2
36 160 4 2
36 169 5 2
36 170 5 2
37 1 0 1
37 2 0 1
37 3 0 1
37 4 0 1
37 5 0 1
37 46 5 3
37 47 5 3
37 48 5 3
37 49 5 3
37 50 5 3
37 66 5 3
37 97 2 2
37 98 2 2
37 99 2 2
37 100 2 2
38 70 1 1
38 71 1 1
38 89 1 3
38 101 2 3
38 115 2 1
38 116 2 1
38 117 2 1
38 118 2 1
38 119 2 1
38 173 1 2
38 174 1 2
39 0 5 2
39 56 4 2
39 57 4 2
39 58 4 2
39 79 0 2
39 80 0 2
39 81 0 2
39 82 0 2
39 88 2 2
39 89 2 2
39 129 0 1
39 130 0 1
39 131 0 1
39 137 4 3
39 138 4 3
39 139 4 3
39 140 4 3
40 11 3 2
40 12 3 2
40 13 3 2
40 14 3 2
40 15 3 2
40 28 0 3
40 29 0 3
40 30 0 3
40 31 0 3
40 32 0 3
40 101 2 3
40 178 5 1
40 179 5 1
40 180 5 1
41 9 4 1
41 10 4 1
41 11 4 1
41 12 4 1
41 13 4 1
41 33 2 2
41 34 2 2
41 35 2 2
41 36 2 2
41 41 2 3
41 77 1 3
41 78 1 3
41 157 4 1
41 158 4 1
41 159 4 1
41 160 4 1
42 8 4 1
42 9 4 1
42 38 1 2
42 39 1 2
42 40 1 2
42 41 1 2
42 54 3 2
42 70 1 1
42 71 1 1
42 72 1 1
42 73 1 1
42 74 1 1
42 122 4 3
43 28 1 1
43 47 0 2
43 48 0 2
43 49 0 2
43 93 1 2
43 94 1 2
43 95 1 2
43 96 1 2
43 153 3 3
43 178 0 1
44 31 1 2
44 32 1 2
44 33 1 2
44 34 1 2
44 35 1 2
44 54 1 3
44 55 1 3
44 56 1 3
44 138 2 3
44 139 2 3
45 47 2 1
45 73 2 3
45 74 2 3
45 75 2 3
45 132 0 1
45 133 0 1
46 48 5 3
46 75 4 1
47 14 3 1
47 15 3 1
47 16 3 1
47 17 3 1
47 57 0 3
47 58 0 3
47 59 0 3
47 60 0 3
47 91 1 2
47 138 2 3
47 139 2 3
47 140 2 3
47 141 2 3
47 142 2 3
47 158 4 3
47 159 4 3
47 160 4 3
48 30 1 3
48 31 1 3
48 32 1 3
48 33 1 3
48 34 1 3
48 152 2 3
48 153 2 3
48 154 2 3
49 1 5 3
49 2 5 3
49 3 5 3
49 4 5 3
49 165 3 1
