0 7 3 2
0 8 3 2
0 9 3 2
0 10 3 2
0 28 5 1
0 29 5 1
0 30 5 1
0 31 5 1
0 52 5 3
0 59 5 3
0 60 5 3
0 61 5 3
0 62 5 3
0 63 5 3
0 67 2 3
0 68 2 3
0 111 4 2
0 112 4 2
0 113 4 2
0 125 3 3
0 129 3 2
0 130 3 2
0 131 3 2
0 145 4 2
0 146 4 2
0 147 4 2
0 148 4 2
0 156 3 1
0 157 3 1
0 158 3 1
0 159 3 1
0 160 3 1
0 177 4 3
0 178 4 3
0 179 4 3
0 180 4 3
1 7 1 2
1 8 1 2
1 9 1 2
1 10 1 2
1 11 1 2
1 24 1 1
1 25 1 1
1 26 1 1
1 48 3 1
1 49 3 1
1 50 3 1
1 56 3 2
1 57 3 2
1 70 1 3
1 71 1 3
1 83 3 2
1 90 5 2
1 96 4 1
1 121 4 1
1 122 4 1
1 127 5 2
1 128 5 2
1 129 5 2
1 130 5 2
1 146 3 3
1 147 3 3
1 156 0 2
1 157 0 2
1 158 0 2
1 159 0 2
1 160 0 2
1 167 3 2
1 168 3 2
1 176 0 1
1 177 0 1
1 178 0 1
1 179 0 1
1 180 0 1
2 3 3 1
2 4 3 1
2 18 4 2
2 19 4 2
2 30 3 3
2 31 3 3
2 32 3 3
2 33 3 3
2 47 2 2
2 48 2 2
2 73 4 3
2 74 4 3
2 75 4 3
2 89 2 2
2 90 2 2
2 91 2 2
2 92 2 2
2 105 0 1
2 106 0 1
2 107 0 1
2 119 0 2
2 146 0 1
2 147 0 1
2 151 3 2
2 152 3 2
2 153 3 2
2 166 3 2
2 167 3 2
2 168 3 2
2 169 3 2
2 170 3 2
2 175 0 2
2 176 0 2
2 177 0 2
2 178 0 2
2 179 0 2
3 17 4 2
3 18 4 2
3 19 4 2
3 26 5 3
3 27 5 3
3 28 5 3
3 29 5 3
3 57 1 1
3 58 1 1
3 59 1 1
3 60 1 1
3 61 1 1
3 84 1 3
3 85 1 3
3 86 1 3
3 87 1 3
3 88 1 3
3 98 2 2
3 105 3 1
3 106 3 1
3 107 3 1
3 108 3 1
3 117 5 2
3 118 5 2
3 119 5 2
3 141 5 2
3 142 5 2
3 154 1 1
3 155 1 1
3 156 1 1
3 157 1 1
3 158 1 1
3 162 3 1
3 163 3 1
3 164 3 1
3 172 5 3
3 173 5 3
3 174 5 3
3 175 5 3
3 176 5 3
4 7 2 3
4 8 2 3
4 9 2 3
4 15 0 2
4 16 0 2
4 17 0 2
4 18 0 2
4 25 2 2
4 29 2 3
4 33 2 3
4 34 2 3
4 35 2 3
4 36 2 3
4 37 2 3
4 43 1 1
4 44 1 1
4 45 1 1
4 46 1 1
4 53 5 3
4 61 0 2
4 62 0 2
4 63 0 2
4 83 2 1
4 84 2 1
4 85 2 1
4 86 2 1
4 99 3 2
4 104 1 2
4 105 1 2
4 106 1 2
4 140 2 2
4 141 2 2
4 142 2 2
4 143 2 2
4 144 2 2
4 164 1 2
4 165 1 2
4 166 1 2
4 167 1 2
4 180 1 2
4 181 1 2
5 3 3 3
5 4 3 3
5 5 3 3
5 6 3 3
5 12 3 3
5 13 3 3
5 14 3 3
5 15 3 3
5 16 3 3
5 30 1 3
5 31 1 3
5 32 1 3
5 42 4 1
5 43 4 1
5 44 4 1
5 45 4 1
5 46 4 1
5 51 1 3
5 52 1 3
5 53 1 3
5 54 1 3
5 67 1 1
5 68 1 1
5 69 1 1
5 85 3 3
5 86 3 3
5 87 3 3
5 88 3 3
5 89 3 3
5 107 4 2
5 108 4 2
5 109 4 2
5 115 3 3
5 123 1 3
5 124 1 3
5 125 1 3
5 126 1 3
5 136 3 3
5 137 3 3
5 138 3 3
5 139 3 3
5 140 3 3
5 152 4 1
5 153 4 1
5 154 4 1
5 155 4 1
5 167 4 2
5 173 4 2
5 174 4 2
5 175 4 2
5 176 4 2
6 10 3 1
6 11 3 1
6 12 3 1
6 13 3 1
6 14 3 1
6 36 1 1
6 40 3 1
6 41 3 1
6 42 3 1
6 43 3 1
6 44 3 1
6 101 1 1
6 102 1 1
6 103 1 1
6 129 1 1
6 130 1 1
6 131 1 1
6 132 1 1
6 136 5 1
6 137 5 1
6 138 5 1
6 139 5 1
6 145 1 1
6 146 1 1
6 159 1 2
6 160 1 2
6 161 1 2
6 162 1 2
6 163 1 2
7 3 2 3
7 23 2 1
7 35 4 3
7 36 4 3
7 43 2 2
7 44 2 2
7 45 2 2
7 53 2 2
7 54 2 2
7 70 1 3
7 71 1 3
7 79 2 2
7 80 2 2
7 81 2 2
7 95 2 3
7 96 2 3
7 97 2 3
7 98 2 3
7 99 2 3
7 134 4 3
7 135 4 3
7 136 4 3
7 137 4 3
7 138 4 3
7 148 5 3
7 149 5 3
7 150 5 3
7 164 1 3
7 176 4 3
7 177 4 3
7 178 4 3
7 179 4 3
8 26 2 1
8 27 2 1
8 28 2 1
8 29 2 1
8 30 2 1
8 38 4 3
8 39 4 3
8 40 4 3
8 41 4 3
8 42 4 3
8 63 4 1
8 64 4 1
8 65 4 1
8 71 5 1
8 72 5 1
8 73 5 1
8 79 1 2
8 80 1 2
8 81 1 2
8 82 1 2
8 93 5 2
8 94 5 2
8 95 5 2
8 111 3 3
8 112 3 3
8 113 3 3
8 114 3 3
8 115 3 3
8 129 0 2
8 130 0 2
8 131 0 2
8 136 2 3
8 137 2 3
8 138 2 3
8 157 5 3
8 158 5 3
8 170 0 3
8 171 0 3
8 172 0 3
8 173 0 3
9 2 4 2
9 3 4 2
9 4 4 2
9 9 5 2
9 28 5 3
9 29 5 3
9 30 5 3
9 31 5 3
9 32 5 3
9 44 4 1
9 50 5 1
9 51 5 1
9 57 5 3
9 58 5 3
9 59 5 3
9 60 5 3
9 66 2 1
9 67 2 1
9 68 2 1
9 69 2 1
9 74 4 2
9 75 4 2
9 81 2 1
9 93 4 2
9 94 4 2
9 95 4 2
9 96 4 2
9 164 5 1
10 14 3 1
10 15 3 1
10 27 4 2
10 28 4 2
10 62 1 2
10 63 1 2
10 64 1 2
10 65 1 2
10 66 1 2
10 70 5 1
10 71 5 1
10 79 4 1
10 80 4 1
10 81 4 1
10 95 1 1
10 96 1 1
10 97 1 1
10 98 1 1
10 139 1 3
10 140 1 3
10 141 1 3
10 152 1 1
10 153 1 1
10 154 1 1
10 155 1 1
10 156 1 1
11 17 1 1
11 18 1 1
11 19 1 1
11 20 1 1
11 28 1 3
11 29 1 3
11 30 1 3
11 31 1 3
11 32 1 3
11 40 3 2
11 48 5 1
11 49 5 1
11 50 5 1
11 51 5 1
11 113 3 2
11 114 3 2
11 128 0 3
11 129 0 3
11 130 0 3
11 138 5 1
11 139 5 1
11 140 5 1
11 141 5 1
11 142 5 1
11 176 5 3
12 10 0 3
12 11 0 3
12 12 0 3
12 19 4 1
12 20 4 1
12 21 4 1
12 22 4 1
12 28 4 3
12 29 4 3
12 34 4 3
12 40 0 3
12 41 0 3
12 77 5 2
12 117 5 2
12 118 5 2
12 119 5 2
12 128 4 3
12 134 0 1
12 138 5 2
12 139 5 2
12 140 5 2
12 141 5 2
12 142 5 2
12 166 4 1
12 174 5 2
13 14 1 3
13 15 1 3
13 16 1 3
13 17 1 3
13 18 1 3
13 22 0 3
13 23 0 3
13 24 0 3
13 41 5 2
13 45 1 3
13 51 1 3
13 52 1 3
13 53 1 3
13 66 5 3
13 91 4 1
13 92 4 1
13 93 4 1
13 100 2 3
13 101 2 3
13 102 2 3
13 143 5 1
13 144 5 1
13 145 5 1
13 146 5 1
13 147 5 1
13 168 0 1
13 169 0 1
13 170 0 1
13 171 0 1
13 179 0 1
13 180 0 1
13 181 0 1
14 1 2 3
14 2 2 3
14 3 2 3
14 4 2 3
14 13 0 2
14 48 2 2
14 49 2 2
14 50 2 2
14 51 2 2
14 67 3 3
14 68 3 3
14 90 5 1
14 91 5 1
14 92 5 1
14 93 5 1
14 94 5 1
14 100 1 1
14 101 1 1
14 102 1 1
14 103 1 1
14 104 1 1
14 114 0 3
14 115 0 3
14 116 0 3
14 117 0 3
14 121 2 3
14 142 4 1
14 163 3 2
14 164 3 2
14 165 3 2
14 173 0 2
14 174 0 2
14 175 0 2
15 33 2 3
15 34 2 3
15 49 0 3
15 50 0 3
15 93 2 3
15 94 2 3
15 95 2 3
15 145 1 2
15 146 1 2
15 147 1 2
15 148 1 2
15 149 1 2
15 157 0 1
15 158 0 1
15 165 2 2
15 166 2 2
15 167 2 2
16 7 0 2
16 8 0 2
16 9 0 2
16 10 0 2
16 11 0 2
16 18 5 1
16 19 5 1
16 20 5 1
16 21 5 1
16 22 5 1
16 34 1 3
16 35 1 3
16 36 1 3
16 37 1 3
16 38 1 3
16 52 5 2
16 53 5 2
16 54 5 2
16 55 5 2
16 56 5 2
16 77 3 3
16 78 3 3
16 79 3 3
16 80 3 3
16 81 3 3
16 134 0 1
16 152 1 3
16 153 1 3
16 158 2 1
16 159 2 1
16 160 2 1
16 161 2 1
16 162 2 1
16 171 1 1
16 175 0 1
17 10 4 3
17 11 4 3
17 12 4 3
17 16 4 3
17 17 4 3
17 18 4 3
17 29 2 2
17 42 4 2
17 43 4 2
17 44 4 2
17 50 1 1
17 51 1 1
17 82 4 1
17 83 4 1
17 84 4 1
17 92 0 1
17 93 0 1
17 94 0 1
17 95 0 1
17 96 0 1
17 108 2 2
17 113 0 3
17 125 1 3
17 134 2 3
17 142 4 2
17 143 4 2
17 150 1 3
17 151 1 3
17 152 1 3
17 153 1 3
18 0 0 1
18 1 0 1
18 2 0 1
18 3 0 1
18 4 0 1
18 10 4 1
18 11 4 1
18 46 0 1
18 55 3 3
18 56 3 3
18 57 3 3
18 58 3 3
18 62 4 1
18 63 4 1
18 64 4 1
18 74 3 2
18 75 3 2
18 76 3 2
18 127 5 2
18 128 5 2
18 129 5 2
18 130 5 2
18 134 0 2
18 135 0 2
18 136 0 2
18 137 0 2
18 141 5 2
18 142 5 2
18 143 5 2
18 151 0 2
18 152 0 2
18 153 0 2
18 154 0 2
18 155 0 2
18 170 0 3
18 171 0 3
18 172 0 3
18 173 0 3
18 174 0 3
19 3 3 1
19 4 3 1
19 5 3 1
19 6 3 1
19 7 3 1
19 21 1 1
19 22 1 1
19 26 1 3
19 27 1 3
19 28 1 3
19 36 1 2
19 37 1 2
19 38 1 2
19 45 3 1
19 50 3 3
19 51 3 3
19 52 3 3
19 53 3 3
19 54 3 3
19 66 3 3
19 67 3 3
19 86 1 3
19 99 2 1
19 100 2 1
19 101 2 1
19 132 2 1
19 133 2 1
19 134 2 1
19 135 2 1
19 136 2 1
19 159 3 2
19 160 3 2
19 161 3 2
19 162 3 2
19 167 1 2
19 168 1 2
19 169 1 2
19 174 1 2
19 175 1 2
19 176 1 2
19 177 1 2
19 178 1 2
20 8 5 2
20 9 5 2
20 10 5 2
20 17 0 3
20 18 0 3
20 19 0 3
20 20 0 3
20 45 1 3
20 46 1 3
20 47 1 3
20 48 1 3
20 54 1 3
20 55 1 3
20 56 1 3
20 57 1 3
20 69 5 2
20 70 5 2
20 71 5 2
20 72 5 2
20 84 1 1
20 85 1 1
20 92 1 1
20 93 1 1
20 94 1 1
20 95 1 1
20 96 1 1
20 101 0 3
20 102 0 3
20 103 0 3
20 104 0 3
20 129 5 2
20 130 5 2
20 131 5 2
20 140 5 1
20 141 5 1
20 160 1 1
20 161 1 1
20 162 1 1
20 163 1 1
20 171 5 3
20 172 5 3
21 7 5 2
21 8 5 2
21 9 5 2
21 10 5 2
21 11 5 2
21 31 3 3
21 32 3 3
21 33 3 3
21 34 3 3
21 38 2 3
21 39 2 3
21 46 3 3
21 47 3 3
21 48 3 3
21 49 3 3
21 60 5 2
21 61 5 2
21 67 2 1
21 68 2 1
21 69 2 1
21 70 2 1
21 75 5 1
21 76 5 1
21 77 5 1
21 78 5 1
21 79 5 1
21 88 5 3
21 107 2 2
21 108 2 2
21 135 5 3
21 136 5 3
21 137 5 3
21 138 5 3
21 139 5 3
21 146 2 2
21 154 5 2
21 155 5 2
21 156 5 2
21 171 5 3
21 172 5 3
21 173 5 3
22 36 0 3
22 37 0 3
22 38 0 3
22 39 0 3
22 40 0 3
22 51 4 1
22 52 4 1
22 64 4 2
22 65 4 2
22 66 4 2
22 67 4 2
22 68 4 2
22 81 5 2
22 82 5 2
22 83 5 2
22 84 5 2
22 97 4 1
22 103 1 1
22 104 1 1
22 105 1 1
22 111 1 1
22 112 1 1
22 135 0 2
22 136 0 2
22 137 0 2
22 138 0 2
22 157 1 2
22 158 1 2
22 159 1 2
22 167 0 2
22 168 0 2
22 169 0 2
23 0 5 3
23 1 5 3
23 2 5 3
23 3 5 3
23 4 5 3
23 24 0 3
23 25 0 3
23 26 0 3
23 27 0 3
23 35 0 2
23 75 2 2
23 79 3 1
23 80 3 1
23 81 3 1
23 82 3 1
23 126 3 2
23 127 3 2
23 128 3 2
23 129 3 2
23 136 2 3
23 137 2 3
23 138 2 3
23 146 3 2
23 147 3 2
23 148 3 2
23 149 3 2
23 158 0 1
23 159 0 1
23 160 0 1
23 161 0 1
23 174 2 1
23 175 2 1
23 176 2 1
23 177 2 1
23 178 2 1
24 28 5 3
24 29 5 3
24 30 5 3
24 59 5 2
24 67 5 3
24 68 5 3
24 69 5 3
24 70 5 3
24 71 5 3
24 84 5 3
24 85 5 3
24 86 5 3
24 87 5 3
24 88 5 3
24 107 5 1
24 108 5 1
24 109 5 1
24 110 5 1
24 111 5 1
24 125 5 3
24 126 5 3
24 127 5 3
24 128 5 3
24 142 5 1
24 143 5 1
24 144 5 1
24 151 5 2
25 10 1 1
25 23 4 1
25 24 4 1
25 25 4 1
25 26 4 1
25 36 0 2
25 37 0 2
25 38 0 2
25 44 2 1
25 45 2 1
25 50 0 3
25 51 0 3
25 52 0 3
25 53 0 3
25 61 4 1
25 68 4 2
25 69 4 2
25 70 4 2
25 71 4 2
25 80 1 1
25 81 1 1
25 104 1 2
25 105 1 2
25 106 1 2
25 107 1 2
25 108 1 2
25 145 1 3
25 146 1 3
25 147 1 3
25 148 1 3
25 157 0 3
25 158 0 3
25 159 0 3
25 160 0 3
25 161 0 3
25 166 4 3
25 167 4 3
26 0 4 1
26 6 5 3
26 7 5 3
26 8 5 3
26 39 0 2
26 45 5 3
26 46 5 3
26 47 5 3
26 48 5 3
26 56 0 1
26 57 0 1
26 92 1 2
26 96 0 2
26 97 0 2
26 98 0 2
26 99 0 2
26 129 1 1
26 130 1 1
26 131 1 1
26 132 1 1
26 136 4 3
26 137 4 3
26 138 4 3
26 139 4 3
26 150 0 3
26 151 0 3
26 152 0 3
26 153 0 3
26 157 0 3
26 158 0 3
26 162 4 3
26 163 4 3
26 177 0 3
26 178 0 3
26 179 0 3
27 40 2 2
27 41 2 2
27 42 2 2
27 66 0 1
27 67 0 1
27 68 0 1
27 69 0 1
27 81 5 3
27 89 0 2
27 101 4 3
27 102 4 3
27 103 4 3
27 115 4 3
27 116 4 3
27 122 5 1
27 123 5 1
27 127 0 1
27 139 0 1
27 147 4 1
27 148 4 1
27 149 4 1
27 163 2 2
27 164 2 2
27 165 2 2
28 7 5 2
28 8 5 2
28 9 5 2
28 10 5 2
28 11 5 2
28 15 0 3
28 16 0 3
28 17 0 3
28 25 1 2
28 26 1 2
28 43 2 3
28 44 2 3
28 45 2 3
28 46 2 3
28 50 2 2
28 51 2 2
28 52 2 2
28 53 2 2
28 54 2 2
28 72 5 3
28 73 5 3
28 79 3 1
28 134 5 1
28 135 5 1
28 136 5 1
28 137 5 1
28 149 1 3
28 150 1 3
28 151 1 3
28 152 1 3
28 153 1 3
28 158 0 2
28 159 0 2
28 176 2 1
28 177 2 1
28 178 2 1
28 179 2 1
28 180 2 1
29 4 4 3
29 5 4 3
29 6 4 3
29 14 4 2
29 26 2 1
29 27 2 1
29 28 2 1
29 29 2 1
29 30 2 1
29 35 3 3
29 36 3 3
29 37 3 3
29 38 3 3
29 39 3 3
29 50 4 3
29 51 4 3
29 52 4 3
29 53 4 3
29 54 4 3
29 59 3 2
29 60 3 2
29 61 3 2
29 62 3 2
29 63 3 2
29 75 4 2
29 76 4 2
29 77 4 2
29 78 4 2
29 79 4 2
29 87 1 2
29 88 1 2
29 112 2 3
29 113 2 3
29 114 2 3
29 115 2 3
29 130 1 2
29 131 1 2
29 145 2 1
29 151 4 2
29 152 4 2
29 159 2 2
29 160 2 2
29 176 1 3
29 177 1 3
29 178 1 3
29 179 1 3
29 180 1 3
30 3 2 3
30 4 2 3
30 5 2 3
30 6 2 3
30 7 2 3
30 13 3 3
30 26 4 2
30 27 4 2
30 28 4 2
30 29 4 2
30 30 4 2
30 46 3 2
30 52 3 1
30 62 1 1
30 63 1 1
30 109 2 2
30 115 3 1
30 116 3 1
30 117 3 1
30 118 3 1
30 125 5 2
30 146 4 2
30 147 4 2
30 153 3 2
30 154 3 2
30 155 3 2
30 156 3 2
30 157 3 2
30 161 2 3
30 162 2 3
30 167 5 2
30 168 5 2
31 30 3 1
31 50 0 2
31 51 0 2
31 52 0 2
31 53 0 2
31 66 0 1
31 67 0 1
31 68 0 1
31 69 0 1
31 70 0 1
31 74 0 3
31 75 0 3
31 76 0 3
31 93 0 2
31 94 0 2
31 95 0 2
31 96 0 2
31 97 0 2
31 104 0 1
31 105 0 1
31 106 0 1
31 114 4 3
31 115 4 3
31 116 4 3
31 117 4 3
31 118 4 3
31 129 3 3
31 130 3 3
31 151 0 2
31 152 0 2
31 169 1 1
31 170 1 1
31 171 1 1
31 172 1 1
32 12 5 3
32 13 5 3
32 19 4 2
32 20 4 2
32 28 2 2
32 29 2 2
32 30 2 2
32 31 2 2
32 32 2 2
32 36 1 2
32 37 1 2
32 38 1 2
32 39 1 2
32 57 5 2
32 86 1 2
32 87 1 2
32 88 1 2
32 96 2 1
32 97 2 1
32 101 1 1
32 102 1 1
32 108 2 1
32 109 2 1
32 110 2 1
32 111 2 1
32 126 5 2
32 127 5 2
32 128 5 2
32 129 5 2
32 136 1 1
32 137 1 1
32 161 2 1
32 162 2 1
32 163 2 1
32 164 2 1
32 165 2 1
32 172 3 2
32 173 3 2
32 174 3 2
32 175 3 2
33 2 3 1
33 3 3 1
33 4 3 1
33 5 3 1
33 6 3 1
33 16 2 3
33 17 2 3
33 18 2 3
33 19 2 3
33 20 2 3
33 32 2 1
33 37 0 3
33 38 0 3
33 39 0 3
33 40 0 3
33 44 0 2
33 45 0 2
33 46 0 2
33 47 0 2
33 73 1 1
33 74 1 1
33 80 3 3
33 81 3 3
33 82 3 3
33 83 3 3
33 84 3 3
33 90 3 1
33 105 3 2
33 106 3 2
33 113 0 3
33 114 0 3
33 115 0 3
33 116 0 3
33 117 0 3
33 128 3 1
33 129 3 1
33 136 0 3
33 137 0 3
33 138 0 3
33 139 0 3
33 153 4 1
33 154 4 1
33 155 4 1
33 178 1 3
34 6 4 2
34 7 4 2
34 8 4 2
34 9 4 2
34 10 4 2
34 39 4 1
34 40 4 1
34 41 4 1
34 47 4 2
34 48 4 2
34 49 4 2
34 56 3 2
34 70 0 1
34 71 0 1
34 72 0 1
34 78 1 1
34 103 3 3
34 104 3 3
34 105 3 3
34 106 3 3
34 156 1 1
34 157 1 1
34 158 1 1
34 159 1 1
35 58 1 1
35 59 1 1
35 60 1 1
35 76 5 2
35 77 5 2
35 78 5 2
35 85 5 1
35 86 5 1
35 94 5 2
35 95 5 2
35 96 5 2
35 97 5 2
35 98 5 2
35 117 5 2
35 118 5 2
35 119 5 2
35 132 3 3
35 133 3 3
35 134 3 3
35 135 3 3
35 141 5 3
35 142 5 3
35 143 5 3
35 144 5 3
35 152 5 2
35 159 3 1
35 160 3 1
35 161 3 1
35 162 3 1
35 180 1 2
36 27 0 3
36 28 0 3
36 29 0 3
36 30 0 3
36 31 0 3
36 46 1 1
36 60 1 2
36 67 5 1
36 68 5 1
36 69 5 1
36 70 5 1
36 86 1 1
36 87 1 1
36 113 0 1
36 114 0 1
36 115 0 1
36 132 5 1
36 133 5 1
36 134 5 1
36 135 5 1
36 139 0 3
36 140 0 3
36 175 4 3
36 176 4 3
36 177 4 3
37 9 2 2
37 10 2 2
37 11 2 2
37 19 2 2
37 20 2 2
37 21 2 2
37 25 5 3
37 26 5 3
37 41 0 2
37 42 0 2
37 58 5 3
37 62 0 2
37 70 5 2
37 71 5 2
37 72 5 2
37 73 5 2
37 74 5 2
37 81 5 2
37 82 5 2
37 90 1 1
37 108 2 3
37 109 2 3
37 110 2 3
37 111 2 3
37 112 2 3
37 139 5 2
37 147 1 3
37 148 1 3
37 149 1 3
37 150 1 3
37 157 5 2
37 158 5 2
37 162 0 3
37 180 1 1
38 0 1 3
38 10 5 1
38 11 5 1
38 19 5 2
38 20 5 2
38 21 5 2
38 22 5 2
38 23 5 2
38 28 1 3
38 29 1 3
38 30 1 3
38 31 1 3
38 32 1 3
38 46 3 1
38 47 3 1
38 48 3 1
38 49 3 1
38 50 3 1
38 79 2 3
38 80 2 3
38 81 2 3
38 95 1 3
38 96 1 3
38 97 1 3
38 127 1 3
38 128 1 3
38 129 1 3
38 130 1 3
38 131 1 3
38 141 3 2
38 142 3 2
38 143 3 2
38 147 1 2
38 148 1 2
38 149 1 2
38 154 1 2
38 155 1 2
38 165 5 3
38 166 5 3
39 4 2 2
39 5 2 2
39 10 0 1
39 11 0 1
39 12 0 1
39 19 5 3
39 30 0 2
39 37 4 3
39 38 4 3
39 39 4 3
39 40 4 3
39 72 4 3
39 73 4 3
39 94 4 2
39 102 2 2
39 103 2 2
39 104 2 2
39 105 2 2
39 146 2 1
39 147 2 1
39 158 2 3
39 159 2 3
39 160 2 3
39 170 0 3
39 171 0 3
39 179 5 2
39 180 5 2
39 181 5 2
40 0 5 1
40 1 5 1
40 2 5 1
40 3 5 1
40 4 5 1
40 57 5 3
40 58 5 3
40 59 5 3
40 69 2 2
40 70 2 2
40 71 2 2
40 72 2 2
40 82 4 2
40 83 4 2
40 94 0 3
40 95 0 3
40 96 0 3
40 97 0 3
40 135 4 2
40 136 4 2
40 140 3 3
40 141 3 3
40 142 3 3
40 143 3 3
40 144 3 3
40 155 5 2
40 163 0 2
40 164 0 2
40 170 5 3
40 171 5 3
40 172 5 3
40 173 5 3
40 174 5 3
41 19 4 3
41 50 2 2
41 51 2 2
41 52 2 2
41 53 2 2
41 63 1 2
41 64 1 2
41 65 1 2
41 66 1 2
41 71 1 1
41 72 1 1
41 73 1 1
41 83 5 3
41 90 5 1
41 91 5 1
41 92 5 1
41 100 4 3
41 101 4 3
41 126 4 3
41 127 4 3
41 128 4 3
41 129 4 3
41 136 5 1
41 137 5 1
41 141 2 2
41 149 4 1
41 166 1 3
41 167 1 3
41 168 1 3
41 178 4 3
41 179 4 3
42 15 3 1
42 22 4 3
42 23 4 3
42 49 3 1
42 50 3 1
42 61 3 2
42 62 3 2
42 81 1 2
42 82 1 2
42 83 1 2
42 84 1 2
42 85 1 2
42 93 3 3
42 128 4 3
42 140 3 1
42 147 4 3
42 148 4 3
42 149 4 3
42 150 4 3
42 151 4 3
42 157 3 3
42 158 3 3
42 159 3 3
42 160 3 3
43 3 3 2
43 4 3 2
43 5 3 2
43 13 0 1
43 14 0 1
43 55 0 1
43 74 1 1
43 75 1 1
43 76 1 1
43 84 3 1
43 85 3 1
43 86 3 1
43 102 1 1
43 103 1 1
43 104 1 1
43 105 1 1
43 111 0 2
43 112 0 2
43 113 0 2
43 114 0 2
43 115 0 2
43 119 3 2
43 120 3 2
43 121 3 2
43 140 0 1
43 141 0 1
43 146 1 2
43 161 0 3
44 11 2 3
44 22 0 2
44 23 0 2
44 24 0 2
44 25 0 2
44 42 0 3
44 43 0 3
44 44 0 3
44 49 1 2
44 50 1 2
44 62 1 2
44 77 0 2
44 78 0 2
44 79 0 2
44 80 0 2
44 81 0 2
44 88 2 2
44 89 2 2
44 90 2 2
44 91 2 2
44 92 2 2
44 105 3 3
44 106 3 3
44 129 1 1
44 130 1 1
44 131 1 1
44 132 1 1
44 147 2 1
44 148 2 1
44 149 2 1
44 150 2 1
44 157 2 1
44 158 2 1
44 159 2 1
44 160 2 1
44 161 2 1
44 176 3 1
45 5 2 1
45 6 2 1
45 20 4 3
45 21 4 3
45 22 4 3
45 23 4 3
45 36 4 1
45 37 4 1
45 38 4 1
45 39 4 1
45 40 4 1
45 55 2 3
45 56 2 3
45 57 2 3
45 58 2 3
45 64 4 2
45 85 0 3
45 86 0 3
45 87 0 3
45 88 0 3
45 101 2 3
45 121 1 1
45 122 1 1
45 123 1 1
45 124 1 1
45 125 1 1
45 141 4 3
45 142 4 3
45 143 4 3
45 151 2 2
45 152 2 2
45 153 2 2
45 160 3 1
45 161 3 1
45 162 3 1
45 168 2 3
45 169 2 3
46 40 0 3
46 41 0 3
46 56 0 3
46 57 0 3
46 112 0 3
46 113 0 3
46 120 5 1
46 121 5 1
46 122 5 1
46 123 5 1
46 124 5 1
46 131 0 2
46 132 0 2
46 133 0 2
46 134 0 2
46 146 0 2
46 147 0 2
46 172 2 2
46 173 2 2
46 174 2 2
47 21 4 3
47 25 2 1
47 26 2 1
47 27 2 1
47 39 2 3
47 43 2 3
47 44 2 3
47 45 2 3
47 49 4 1
47 70 4 1
47 71 4 1
47 72 4 1
47 113 3 3
47 126 2 3
47 127 2 3
47 128 2 3
47 129 2 3
47 130 2 3
47 165 4 3
47 170 0 2
47 175 3 3
48 2 3 3
48 3 3 3
48 4 3 3
48 9 4 1
48 10 4 1
48 11 4 1
48 12 4 1
48 42 4 2
48 43 4 2
48 44 4 2
48 45 4 2
48 46 4 2
48 64 1 3
48 65 1 3
48 66 1 3
48 79 4 2
48 80 4 2
48 102 4 2
48 103 4 2
48 104 4 2
48 105 4 2
48 106 4 2
48 113 2 3
48 114 2 3
48 121 1 1
48 122 1 1
48 137 3 1
48 138 3 1
48 139 3 1
48 145 4 1
48 146 4 1
48 147 4 1
48 148 4 1
48 163 1 2
48 164 1 2
48 169 2 1
48 170 2 1
48 171 2 1
48 172 2 1
49 9 5 1
49 14 3 3
49 22 0 1
49 26 0 2
49 27 0 2
49 28 0 2
49 33 3 3
49 34 3 3
49 35 3 3
49 36 3 3
49 37 3 3
49 57 0 1
49 58 0 1
49 59 0 1
49 60 0 1
49 71 0 2
49 72 0 2
49 83 5 2
49 84 5 2
49 89 5 2
49 95 0 3
49 96 0 3
49 97 0 3
49 98 0 3
49 99 0 3
49 127 5 1
49 128 5 1
49 158 0 3
49 172 3 3
49 173 3 3
49 174 3 3
49 175 3 3
49 176 3 3
