0	10	3
0	111	4
0	112	4
0	113	4
0	125	3
0	129	3
0	130	3
0	131	3
0	145	4
0	146	4
0	147	4
0	148	4
0	156	3
0	157	3
0	158	3
0	159	3
0	160	3
0	177	4
0	178	4
0	179	4
0	180	4
0	28	5
0	29	5
0	30	5
0	31	5
0	59	5
0	60	5
0	61	5
0	62	5
0	63	5
0	67	2
0	68	2
0	7	3
0	8	3
0	9	3
1	10	1
1	11	1
1	121	4
1	122	4
1	127	5
1	128	5
1	129	5
1	130	5
1	147	3
1	156	0
1	157	0
1	158	0
1	159	0
1	160	0
1	167	3
1	168	3
1	177	0
1	178	0
1	179	0
1	180	0
1	24	1
1	25	1
1	48	3
1	49	3
1	50	3
1	56	3
1	57	3
1	7	1
1	70	1
1	71	1
1	8	1
1	83	3
1	9	1
1	90	5
1	96	4
10	139	1
10	14	3
10	140	1
10	141	1
10	15	3
10	154	1
10	155	1
10	156	1
10	27	4
10	28	4
10	63	1
10	64	1
10	65	1
10	66	1
10	70	5
10	71	5
10	79	4
10	80	4
10	81	4
10	95	1
10	96	1
10	97	1
10	98	1
11	113	3
11	114	3
11	128	0
11	129	0
11	130	0
11	139	5
11	140	5
11	141	5
11	142	5
11	17	1
11	176	5
11	18	1
11	19	1
11	28	1
11	29	1
11	30	1
11	31	1
11	32	1
11	40	3
11	48	5
11	49	5
11	50	5
11	51	5
12	10	0
12	11	0
12	117	5
12	118	5
12	119	5
12	12	0
12	128	4
12	134	0
12	138	5
12	139	5
12	140	5
12	141	5
12	142	5
12	166	4
12	174	5
12	21	4
12	22	4
12	28	4
12	29	4
12	34	4
12	40	0
12	41	0
12	77	5
13	100	2
13	101	2
13	102	2
13	14	1
13	143	5
13	144	5
13	145	5
13	146	5
13	147	5
13	15	1
13	16	1
13	168	0
13	169	0
13	17	1
13	170	0
13	171	0
13	179	0
13	18	1
13	180	0
13	181	0
13	22	0
13	23	0
13	24	0
13	45	1
13	51	1
13	52	1
13	53	1
13	66	5
13	91	4
13	92	4
13	93	4
14	1	2
14	100	1
14	101	1
14	102	1
14	114	0
14	115	0
14	116	0
14	117	0
14	121	2
14	13	0
14	142	4
14	163	3
14	164	3
14	165	3
14	173	0
14	174	0
14	175	0
14	2	2
14	3	2
14	4	2
14	48	2
14	49	2
14	50	2
14	51	2
14	67	3
14	68	3
14	91	5
14	92	5
14	93	5
14	94	5
15	145	1
15	146	1
15	147	1
15	148	1
15	149	1
15	157	0
15	158	0
15	165	2
15	166	2
15	167	2
15	33	2
15	34	2
15	49	0
15	50	0
15	93	2
15	94	2
15	95	2
16	10	0
16	11	0
16	134	0
16	152	1
16	153	1
16	158	2
16	159	2
16	160	2
16	161	2
16	162	2
16	171	1
16	175	0
16	18	5
16	21	5
16	22	5
16	34	1
16	35	1
16	36	1
16	37	1
16	52	5
16	53	5
16	54	5
16	55	5
16	56	5
16	7	0
16	77	3
16	78	3
16	79	3
16	8	0
16	80	3
16	81	3
16	9	0
17	10	4
17	108	2
17	11	4
17	113	0
17	12	4
17	125	1
17	134	2
17	142	4
17	143	4
17	150	1
17	151	1
17	16	4
17	17	4
17	18	4
17	29	2
17	42	4
17	43	4
17	44	4
17	50	1
17	51	1
17	82	4
17	83	4
17	84	4
17	92	0
17	93	0
17	94	0
17	95	0
18	0	0
18	1	0
18	10	4
18	11	4
18	127	5
18	128	5
18	129	5
18	130	5
18	134	0
18	135	0
18	136	0
18	137	0
18	141	5
18	142	5
18	143	5
18	151	0
18	152	0
18	153	0
18	154	0
18	155	0
18	170	0
18	171	0
18	172	0
18	173	0
18	174	0
18	2	0
18	3	0
18	4	0
18	46	0
18	55	3
18	56	3
18	57	3
18	58	3
18	62	4
18	63	4
18	64	4
18	74	3
18	75	3
18	76	3
19	100	2
19	101	2
19	133	2
19	134	2
19	135	2
19	136	2
19	159	3
19	160	3
19	161	3
19	162	3
19	167	1
19	168	1
19	169	1
19	174	1
19	175	1
19	176	1
19	177	1
19	21	1
19	22	1
19	26	1
19	27	1
19	28	1
19	36	1
19	37	1
19	45	3
19	5	3
19	50	3
19	51	3
19	52	3
19	53	3
19	54	3
19	6	3
19	66	3
19	67	3
19	7	3
19	86	1
19	99	2
2	105	0
2	106	0
2	107	0
2	119	0
2	146	0
2	147	0
2	151	3
2	152	3
2	153	3
2	168	3
2	169	3
2	170	3
2	175	0
2	176	0
2	177	0
2	178	0
2	179	0
2	3	3
2	30	3
2	31	3
2	32	3
2	33	3
2	4	3
2	47	2
2	48	2
2	73	4
2	74	4
2	89	2
2	90	2
2	91	2
2	92	2
20	10	5
20	101	0
20	102	0
20	103	0
20	104	0
20	129	5
20	130	5
20	131	5
20	140	5
20	141	5
20	161	1
20	162	1
20	163	1
20	17	0
20	171	5
20	172	5
20	18	0
20	19	0
20	20	0
20	45	1
20	46	1
20	47	1
20	48	1
20	54	1
20	55	1
20	56	1
20	69	5
20	70	5
20	71	5
20	72	5
20	8	5
20	84	1
20	85	1
20	9	5
20	92	1
20	93	1
20	94	1
20	95	1
20	96	1
21	10	5
21	107	2
21	108	2
21	11	5
21	135	5
21	136	5
21	137	5
21	138	5
21	139	5
21	146	2
21	154	5
21	155	5
21	156	5
21	171	5
21	172	5
21	31	3
21	32	3
21	33	3
21	34	3
21	38	2
21	39	2
21	46	3
21	47	3
21	48	3
21	49	3
21	60	5
21	61	5
21	67	2
21	68	2
21	69	2
21	7	5
21	70	2
21	75	5
21	76	5
21	77	5
21	78	5
21	79	5
21	8	5
21	88	5
21	9	5
22	103	1
22	105	1
22	111	1
22	112	1
22	135	0
22	136	0
22	137	0
22	138	0
22	157	1
22	158	1
22	159	1
22	167	0
22	168	0
22	169	0
22	36	0
22	37	0
22	38	0
22	39	0
22	51	4
22	52	4
22	64	4
22	65	4
22	66	4
22	67	4
22	68	4
22	81	5
22	82	5
22	83	5
22	84	5
22	97	4
23	0	5
23	1	5
23	126	3
23	127	3
23	128	3
23	129	3
23	136	2
23	137	2
23	138	2
23	146	3
23	147	3
23	148	3
23	149	3
23	158	0
23	159	0
23	160	0
23	161	0
23	174	2
23	175	2
23	176	2
23	177	2
23	178	2
23	2	5
23	24	0
23	25	0
23	26	0
23	27	0
23	3	5
23	35	0
23	4	5
23	75	2
23	79	3
23	80	3
23	81	3
23	82	3
24	107	5
24	108	5
24	109	5
24	110	5
24	111	5
24	125	5
24	126	5
24	127	5
24	128	5
24	142	5
24	143	5
24	144	5
24	151	5
24	28	5
24	29	5
24	30	5
24	59	5
24	67	5
24	68	5
24	69	5
24	70	5
24	71	5
24	84	5
24	85	5
24	86	5
24	87	5
24	88	5
25	10	1
25	104	1
25	105	1
25	106	1
25	107	1
25	108	1
25	145	1
25	146	1
25	147	1
25	148	1
25	157	0
25	158	0
25	159	0
25	160	0
25	161	0
25	166	4
25	167	4
25	23	4
25	24	4
25	25	4
25	36	0
25	37	0
25	38	0
25	44	2
25	45	2
25	50	0
25	51	0
25	52	0
25	53	0
25	61	4
25	68	4
25	69	4
25	70	4
25	71	4
25	80	1
25	81	1
26	0	4
26	129	1
26	130	1
26	131	1
26	132	1
26	136	4
26	137	4
26	138	4
26	139	4
26	150	0
26	151	0
26	152	0
26	153	0
26	157	0
26	158	0
26	162	4
26	163	4
26	177	0
26	178	0
26	179	0
26	39	0
26	45	5
26	46	5
26	47	5
26	48	5
26	56	0
26	57	0
26	6	5
26	7	5
26	8	5
26	92	1
26	98	0
26	99	0
27	101	4
27	102	4
27	103	4
27	115	4
27	116	4
27	122	5
27	123	5
27	127	0
27	147	4
27	148	4
27	149	4
27	163	2
27	164	2
27	165	2
27	40	2
27	41	2
27	42	2
27	66	0
27	67	0
27	68	0
27	69	0
27	81	5
27	89	0
28	10	5
28	11	5
28	134	5
28	135	5
28	136	5
28	137	5
28	149	1
28	15	0
28	150	1
28	151	1
28	152	1
28	153	1
28	158	0
28	159	0
28	16	0
28	17	0
28	176	2
28	177	2
28	178	2
28	179	2
28	180	2
28	25	1
28	26	1
28	43	2
28	44	2
28	45	2
28	46	2
28	50	2
28	51	2
28	52	2
28	53	2
28	54	2
28	7	5
28	72	5
28	73	5
28	79	3
28	8	5
28	9	5
29	112	2
29	113	2
29	114	2
29	115	2
29	130	1
29	14	4
29	145	2
29	151	4
29	152	4
29	159	2
29	160	2
29	176	1
29	177	1
29	178	1
29	179	1
29	180	1
29	26	2
29	27	2
29	28	2
29	29	2
29	30	2
29	35	3
29	36	3
29	37	3
29	38	3
29	39	3
29	4	4
29	5	4
29	50	4
29	51	4
29	52	4
29	53	4
29	54	4
29	59	3
29	6	4
29	60	3
29	61	3
29	62	3
29	63	3
29	75	4
29	76	4
29	77	4
29	78	4
29	79	4
29	87	1
29	88	1
3	105	3
3	106	3
3	107	3
3	108	3
3	117	5
3	118	5
3	119	5
3	141	5
3	142	5
3	154	1
3	155	1
3	156	1
3	157	1
3	158	1
3	162	3
3	163	3
3	164	3
3	172	5
3	173	5
3	174	5
3	175	5
3	176	5
3	26	5
3	28	5
3	29	5
3	57	1
3	58	1
3	59	1
3	60	1
3	84	1
3	85	1
3	86	1
3	87	1
3	88	1
3	98	2
30	109	2
30	115	3
30	116	3
30	117	3
30	118	3
30	125	5
30	13	3
30	146	4
30	147	4
30	153	3
30	154	3
30	155	3
30	156	3
30	157	3
30	161	2
30	162	2
30	167	5
30	168	5
30	26	4
30	27	4
30	28	4
30	29	4
30	3	2
30	30	4
30	4	2
30	46	3
30	5	2
30	52	3
30	6	2
30	63	1
30	7	2
31	104	0
31	105	0
31	106	0
31	114	4
31	115	4
31	116	4
31	117	4
31	118	4
31	129	3
31	130	3
31	151	0
31	152	0
31	169	1
31	170	1
31	171	1
31	172	1
31	30	3
31	50	0
31	51	0
31	52	0
31	53	0
31	66	0
31	67	0
31	68	0
31	69	0
31	70	0
31	74	0
31	75	0
31	76	0
31	93	0
31	94	0
31	95	0
31	96	0
31	97	0
32	101	1
32	102	1
32	108	2
32	109	2
32	110	2
32	111	2
32	12	5
32	126	5
32	127	5
32	128	5
32	129	5
32	13	5
32	136	1
32	137	1
32	161	2
32	162	2
32	163	2
32	164	2
32	165	2
32	172	3
32	173	3
32	174	3
32	175	3
32	19	4
32	20	4
32	28	2
32	29	2
32	30	2
32	31	2
32	32	2
32	36	1
32	37	1
32	38	1
32	39	1
32	57	5
32	86	1
32	87	1
32	88	1
32	96	2
32	97	2
33	105	3
33	106	3
33	113	0
33	114	0
33	115	0
33	116	0
33	117	0
33	128	3
33	129	3
33	136	0
33	137	0
33	138	0
33	139	0
33	153	4
33	154	4
33	155	4
33	16	2
33	17	2
33	178	1
33	18	2
33	19	2
33	2	3
33	20	2
33	3	3
33	32	2
33	37	0
33	38	0
33	39	0
33	4	3
33	44	0
33	45	0
33	46	0
33	47	0
33	5	3
33	6	3
33	73	1
33	74	1
33	80	3
33	81	3
33	82	3
33	83	3
33	84	3
33	90	3
34	10	4
34	103	3
34	104	3
34	105	3
34	106	3
34	156	1
34	157	1
34	158	1
34	39	4
34	41	4
34	47	4
34	48	4
34	49	4
34	56	3
34	6	4
34	7	4
34	70	0
34	71	0
34	72	0
34	78	1
34	8	4
34	9	4
35	117	5
35	118	5
35	119	5
35	132	3
35	133	3
35	134	3
35	135	3
35	141	5
35	142	5
35	143	5
35	144	5
35	152	5
35	159	3
35	160	3
35	161	3
35	162	3
35	180	1
35	58	1
35	59	1
35	60	1
35	76	5
35	77	5
35	78	5
35	85	5
35	86	5
35	94	5
35	95	5
35	96	5
35	97	5
35	98	5
36	113	0
36	114	0
36	115	0
36	132	5
36	133	5
36	134	5
36	135	5
36	139	0
36	140	0
36	175	4
36	176	4
36	177	4
36	28	0
36	29	0
36	30	0
36	31	0
36	46	1
36	60	1
36	67	5
36	68	5
36	69	5
36	70	5
36	86	1
36	87	1
37	10	2
37	108	2
37	109	2
37	11	2
37	110	2
37	111	2
37	112	2
37	139	5
37	147	1
37	148	1
37	149	1
37	150	1
37	157	5
37	158	5
37	162	0
37	19	2
37	20	2
37	21	2
37	25	5
37	26	5
37	42	0
37	58	5
37	62	0
37	70	5
37	71	5
37	72	5
37	73	5
37	74	5
37	81	5
37	82	5
37	9	2
37	90	1
38	0	1
38	10	5
38	11	5
38	127	1
38	128	1
38	129	1
38	130	1
38	141	3
38	142	3
38	143	3
38	147	1
38	148	1
38	149	1
38	154	1
38	155	1
38	165	5
38	166	5
38	19	5
38	20	5
38	21	5
38	22	5
38	23	5
38	28	1
38	29	1
38	30	1
38	31	1
38	32	1
38	46	3
38	47	3
38	48	3
38	49	3
38	50	3
38	79	2
38	80	2
38	81	2
38	95	1
38	96	1
38	97	1
39	10	0
39	102	2
39	103	2
39	104	2
39	105	2
39	11	0
39	12	0
39	146	2
39	147	2
39	158	2
39	159	2
39	160	2
39	170	0
39	171	0
39	179	5
39	180	5
39	181	5
39	19	5
39	30	0
39	37	4
39	38	4
39	39	4
39	4	2
39	40	4
39	5	2
39	72	4
39	73	4
39	94	4
4	104	1
4	105	1
4	106	1
4	140	2
4	141	2
4	142	2
4	143	2
4	144	2
4	15	0
4	16	0
4	164	1
4	165	1
4	166	1
4	167	1
4	17	0
4	18	0
4	180	1
4	181	1
4	25	2
4	29	2
4	33	2
4	34	2
4	35	2
4	36	2
4	37	2
4	43	1
4	44	1
4	45	1
4	46	1
4	53	5
4	61	0
4	62	0
4	63	0
4	7	2
4	8	2
4	84	2
4	85	2
4	86	2
4	9	2
4	99	3
40	0	5
40	1	5
40	135	4
40	136	4
40	140	3
40	141	3
40	142	3
40	143	3
40	144	3
40	155	5
40	163	0
40	164	0
40	170	5
40	171	5
40	172	5
40	173	5
40	174	5
40	2	5
40	3	5
40	4	5
40	57	5
40	58	5
40	59	5
40	69	2
40	70	2
40	71	2
40	72	2
40	82	4
40	83	4
40	94	0
40	95	0
40	96	0
40	97	0
41	100	4
41	101	4
41	126	4
41	127	4
41	128	4
41	129	4
41	136	5
41	137	5
41	141	2
41	149	4
41	166	1
41	167	1
41	168	1
41	178	4
41	179	4
41	19	4
41	50	2
41	51	2
41	52	2
41	53	2
41	63	1
41	64	1
41	65	1
41	66	1
41	71	1
41	72	1
41	73	1
41	83	5
41	90	5
41	91	5
41	92	5
42	128	4
42	140	3
42	147	4
42	148	4
42	149	4
42	15	3
42	150	4
42	151	4
42	157	3
42	158	3
42	159	3
42	160	3
42	22	4
42	23	4
42	49	3
42	50	3
42	61	3
42	62	3
42	81	1
42	82	1
42	83	1
42	84	1
42	85	1
42	93	3
43	102	1
43	103	1
43	104	1
43	105	1
43	111	0
43	112	0
43	113	0
43	114	0
43	115	0
43	119	3
43	120	3
43	121	3
43	13	0
43	14	0
43	140	0
43	141	0
43	161	0
43	3	3
43	4	3
43	5	3
43	55	0
43	74	1
43	75	1
43	76	1
43	84	3
43	85	3
43	86	3
44	105	3
44	106	3
44	11	2
44	129	1
44	130	1
44	131	1
44	132	1
44	147	2
44	148	2
44	149	2
44	150	2
44	157	2
44	158	2
44	159	2
44	160	2
44	161	2
44	176	3
44	22	0
44	23	0
44	24	0
44	25	0
44	42	0
44	43	0
44	44	0
44	49	1
44	50	1
44	62	1
44	77	0
44	78	0
44	79	0
44	80	0
44	81	0
44	88	2
44	89	2
44	90	2
44	91	2
44	92	2
45	101	2
45	121	1
45	122	1
45	123	1
45	141	4
45	142	4
45	143	4
45	151	2
45	152	2
45	153	2
45	160	3
45	161	3
45	162	3
45	168	2
45	169	2
45	21	4
45	22	4
45	23	4
45	36	4
45	37	4
45	38	4
45	5	2
45	56	2
45	57	2
45	58	2
45	6	2
45	64	4
45	85	0
45	86	0
45	87	0
46	112	0
46	113	0
46	121	5
46	122	5
46	123	5
46	131	0
46	132	0
46	133	0
46	146	0
46	147	0
46	172	2
46	173	2
46	174	2
46	41	0
46	56	0
46	57	0
47	113	3
47	126	2
47	129	2
47	130	2
47	165	4
47	170	0
47	175	3
47	21	4
47	25	2
47	26	2
47	27	2
47	39	2
47	43	2
47	44	2
47	45	2
47	49	4
47	70	4
47	71	4
47	72	4
48	10	4
48	103	4
48	104	4
48	105	4
48	11	4
48	113	2
48	114	2
48	121	1
48	122	1
48	137	3
48	138	3
48	139	3
48	145	4
48	146	4
48	147	4
48	163	1
48	164	1
48	170	2
48	171	2
48	172	2
48	2	3
48	3	3
48	4	3
48	42	4
48	43	4
48	44	4
48	64	1
48	65	1
48	66	1
48	79	4
48	80	4
48	9	4
49	127	5
49	128	5
49	14	3
49	158	0
49	172	3
49	175	3
49	176	3
49	22	0
49	26	0
49	27	0
49	28	0
49	33	3
49	34	3
49	37	3
49	57	0
49	58	0
49	59	0
49	71	0
49	72	0
49	83	5
49	84	5
49	89	5
49	9	5
49	95	0
49	98	0
49	99	0
5	107	4
5	108	4
5	109	4
5	115	3
5	12	3
5	123	1
5	124	1
5	125	1
5	126	1
5	13	3
5	136	3
5	137	3
5	138	3
5	139	3
5	140	3
5	154	4
5	155	4
5	16	3
5	173	4
5	174	4
5	175	4
5	176	4
5	3	3
5	30	1
5	31	1
5	32	1
5	4	3
5	42	4
5	43	4
5	44	4
5	45	4
5	46	4
5	5	3
5	51	1
5	52	1
5	53	1
5	6	3
5	67	1
5	68	1
5	69	1
5	86	3
5	87	3
5	88	3
5	89	3
6	10	3
6	101	1
6	102	1
6	11	3
6	12	3
6	129	1
6	13	3
6	130	1
6	132	1
6	136	5
6	137	5
6	138	5
6	139	5
6	14	3
6	145	1
6	159	1
6	160	1
6	161	1
6	162	1
6	163	1
6	36	1
6	40	3
6	41	3
6	42	3
6	43	3
6	44	3
7	134	4
7	135	4
7	136	4
7	137	4
7	138	4
7	148	5
7	149	5
7	150	5
7	164	1
7	176	4
7	177	4
7	178	4
7	179	4
7	23	2
7	3	2
7	35	4
7	36	4
7	43	2
7	44	2
7	45	2
7	53	2
7	54	2
7	70	1
7	71	1
7	79	2
7	80	2
7	81	2
7	95	2
7	96	2
7	97	2
7	98	2
7	99	2
8	111	3
8	112	3
8	113	3
8	114	3
8	115	3
8	129	0
8	130	0
8	131	0
8	136	2
8	137	2
8	138	2
8	157	5
8	158	5
8	170	0
8	171	0
8	172	0
8	173	0
8	28	2
8	29	2
8	30	2
8	38	4
8	39	4
8	40	4
8	41	4
8	42	4
8	63	4
8	64	4
8	65	4
8	71	5
8	72	5
8	73	5
8	79	1
8	80	1
8	81	1
8	82	1
8	93	5
8	94	5
8	95	5
9	2	4
9	28	5
9	29	5
9	3	4
9	30	5
9	31	5
9	32	5
9	4	4
9	44	4
9	50	5
9	51	5
9	57	5
9	58	5
9	59	5
9	60	5
9	66	2
9	67	2
9	74	4
9	75	4
9	81	2
9	9	5
9	93	4
9	94	4
9	95	4
9	96	4
0	0	2
0	99	2
5	90	3
41	169	2
0	77	2
41	173	2
41	174	2
41	175	4
0	78	2
5	93	3
42	12	3
42	13	3
42	14	3
5	94	3
0	79	4
5	95	3
42	26	3
42	27	3
0	80	5
5	96	3
42	38	3
42	39	3
5	97	3
42	53	3
42	54	4
42	55	4
0	100	2
42	56	4
42	57	4
5	100	3
42	67	1
42	68	3
42	69	3
42	70	3
5	101	3
42	75	3
42	76	3
5	102	3
42	94	3
42	103	3
42	104	3
5	105	4
5	106	4
42	116	3
42	117	3
42	118	3
42	119	3
42	124	3
42	125	3
42	126	3
42	127	3
42	131	4
42	132	4
42	133	4
42	134	4
0	101	3
42	141	3
42	142	3
0	93	3
42	156	3
0	94	2
5	112	1
42	166	3
42	167	3
0	95	2
5	113	1
5	114	3
43	6	3
43	12	1
43	15	3
5	116	3
0	98	3
43	26	3
43	27	3
0	102	2
5	119	3
43	46	0
43	47	3
43	48	3
5	120	3
43	54	0
43	82	0
43	83	3
0	105	3
43	89	3
43	90	3
43	96	3
43	97	3
0	106	2
0	107	2
43	124	3
43	125	3
5	129	3
43	126	3
43	127	3
43	128	3
43	133	3
5	130	3
43	134	3
43	142	0
43	145	3
43	146	3
0	110	4
43	149	3
43	150	3
43	155	3
43	156	3
43	162	3
43	163	3
43	171	0
43	172	3
43	178	3
43	179	3
0	114	4
44	12	2
44	13	3
44	33	3
44	34	3
44	47	1
44	48	1
0	119	3
44	54	3
44	55	2
44	56	2
44	57	2
0	120	3
44	61	0
5	143	1
44	68	3
44	69	3
5	144	1
0	123	2
5	147	4
0	124	2
44	103	2
5	148	4
44	104	3
44	110	0
44	111	1
5	149	4
44	112	1
44	113	3
0	126	3
5	150	4
44	124	3
44	125	2
5	151	4
44	133	2
5	156	4
44	173	2
44	174	3
44	175	2
5	157	4
0	132	3
45	2	2
5	158	4
45	7	2
45	10	3
45	13	1
0	133	5
5	161	1
45	32	3
0	136	2
5	162	1
5	163	1
0	137	3
45	47	3
45	48	2
5	164	1
0	138	3
5	165	3
0	139	2
45	68	2
45	69	2
45	72	3
45	73	3
0	140	3
45	81	0
5	168	1
45	95	3
5	169	3
45	100	1
5	170	4
45	110	3
45	111	2
45	114	3
0	144	2
45	117	3
45	118	2
45	127	2
45	130	2
45	131	2
45	132	2
45	148	3
45	156	4
5	177	4
45	179	2
0	151	2
46	14	2
0	152	3
46	17	4
6	0	1
0	153	2
46	26	2
46	27	2
46	28	2
6	1	1
46	36	2
46	40	1
46	42	5
46	46	2
46	47	2
46	48	2
46	51	2
46	52	2
6	4	0
46	60	2
46	64	2
46	65	2
6	5	3
46	72	0
6	6	3
46	75	2
46	76	2
46	77	4
6	7	2
46	93	5
46	99	5
46	100	5
46	101	5
46	106	2
46	107	2
46	114	5
0	163	2
46	126	2
46	127	2
46	128	2
0	164	3
46	138	2
46	139	2
46	145	0
0	165	2
46	150	2
46	155	2
46	156	2
0	166	3
46	162	5
0	167	2
6	17	2
6	18	3
46	179	2
46	180	5
6	19	3
47	4	1
47	5	2
47	6	2
6	20	2
47	11	1
47	12	3
47	13	2
0	170	3
0	171	3
47	33	2
0	172	3
47	38	2
0	173	2
0	174	3
47	61	2
47	62	2
47	65	3
47	75	3
47	76	2
6	28	1
47	77	3
47	81	2
47	85	2
6	29	0
47	92	1
6	30	1
47	99	0
47	100	1
47	101	0
47	108	3
47	109	3
47	114	2
6	33	1
47	120	2
47	121	2
47	124	2
47	125	3
6	34	0
47	133	3
47	134	2
6	35	0
1	1	3
47	137	3
47	144	3
1	2	3
6	37	5
47	152	3
47	153	3
1	3	3
47	158	3
47	161	2
47	166	4
47	171	3
1	4	5
48	14	2
48	33	2
48	34	3
48	38	1
48	47	5
48	48	4
48	51	2
6	47	2
48	59	2
6	48	3
6	49	2
48	75	3
48	76	2
48	89	4
48	90	4
1	14	5
6	52	3
48	99	4
1	15	4
6	53	2
48	108	3
48	117	2
48	118	2
48	126	2
48	127	3
48	128	2
6	56	2
48	131	3
48	132	2
48	133	4
6	57	2
6	58	2
1	21	1
6	59	2
48	155	3
1	22	0
48	158	4
6	60	3
1	23	1
49	5	0
49	6	0
6	63	3
6	64	3
6	65	2
6	66	2
49	38	3
6	67	2
1	28	3
49	49	3
49	50	3
1	29	3
49	53	3
1	30	3
6	70	3
49	65	3
6	71	2
1	31	3
49	79	3
6	72	3
49	82	3
1	32	3
6	73	2
49	90	5
6	74	2
49	103	3
49	104	5
49	110	3
49	111	3
1	35	3
49	114	5
49	117	3
49	118	3
49	119	3
49	122	3
6	77	1
1	36	3
49	123	3
49	131	3
6	78	3
49	132	3
1	37	3
49	133	3
6	79	3
1	38	3
6	80	2
49	149	5
49	155	3
6	81	3
1	39	4
49	163	3
49	164	3
49	171	0
49	179	5
6	84	1
0	11	2
0	14	2
0	23	2
0	36	2
0	37	2
0	39	2
0	43	2
0	44	2
0	45	2
0	49	2
0	50	2
0	69	2
0	72	2
0	74	2
0	1	3
0	15	3
0	16	3
0	17	3
0	18	3
0	2	3
0	24	3
0	25	3
0	35	3
0	38	3
0	42	3
0	51	3
0	66	3
0	73	3
0	181	4
0	3	4
0	32	4
0	4	5
0	46	5
0	54	5
0	55	5
0	56	5
1	105	0
1	164	0
1	181	0
1	80	0
1	86	0
1	87	0
1	0	1
1	126	1
1	171	1
1	60	1
1	61	1
1	69	1
1	79	1
1	115	3
1	116	3
1	117	3
1	120	3
1	133	3
1	134	3
1	135	3
1	136	3
1	137	3
1	140	3
1	141	3
1	142	3
1	143	3
1	144	3
1	148	3
1	149	3
1	150	3
1	151	3
1	165	3
1	166	3
1	172	3
1	173	3
1	47	3
1	54	3
1	55	3
1	62	3
1	72	3
1	81	3
1	82	3
1	88	3
1	95	3
1	100	4
1	102	4
1	106	4
1	107	4
1	108	4
1	109	4
1	123	4
1	174	4
1	44	4
1	51	4
1	76	4
1	99	4
1	101	5
1	42	5
1	43	5
1	75	5
1	89	5
2	108	0
2	144	0
2	145	0
2	148	0
2	17	0
2	18	0
2	19	0
2	20	0
2	21	0
2	24	0
2	25	0
2	26	0
2	27	0
2	70	0
2	77	0
2	0	2
2	1	2
2	101	2
2	102	2
2	109	2
2	112	2
2	116	2
2	121	2
2	122	2
2	123	2
2	126	2
2	127	2
2	128	2
2	134	2
2	137	2
2	138	2
2	140	2
2	141	2
2	158	2
2	159	2
2	164	2
2	2	2
2	34	2
2	37	2
2	38	2
2	39	2
2	44	2
2	45	2
2	51	2
2	52	2
2	54	2
2	55	2
2	63	2
2	64	2
2	65	2
2	66	2
2	78	2
2	81	2
2	82	2
2	83	2
2	100	3
2	113	3
2	114	3
2	115	3
2	120	3
2	129	3
2	130	3
2	133	3
2	139	3
2	154	3
2	157	3
2	160	3
2	163	3
2	165	3
2	171	3
2	40	3
2	41	3
2	46	3
2	53	3
2	67	3
2	71	3
2	72	3
2	84	3
2	85	3
2	88	3
2	95	3
2	96	3
2	97	3
2	172	4
3	18	1
3	19	1
3	20	1
3	56	1
3	6	1
3	79	1
3	0	2
3	10	2
3	100	2
3	102	2
3	111	2
3	113	2
3	123	2
3	124	2
3	125	2
3	130	2
3	131	2
3	133	2
3	137	2
3	147	2
3	148	2
3	149	2
3	168	2
3	179	2
3	181	2
3	21	2
3	22	2
3	35	2
3	38	2
3	40	2
3	41	2
3	42	2
3	45	2
3	72	2
3	75	2
3	8	2
3	81	2
3	9	2
3	99	2
3	1	3
3	101	3
3	112	3
3	122	3
3	129	3
3	132	3
3	136	3
3	140	3
3	150	3
3	161	3
3	165	3
3	169	3
3	180	3
3	25	3
3	32	3
3	33	3
3	34	3
3	39	3
3	46	3
3	63	3
3	64	3
3	65	3
3	68	3
3	69	3
3	7	3
3	73	3
3	74	3
3	80	3
3	91	3
3	92	3
3	114	4
3	143	4
3	144	4
3	151	4
3	27	4
3	76	4
3	95	4
3	2	5
3	3	5
3	93	5
3	94	5
4	109	0
4	14	0
4	163	0
4	178	0
4	60	0
4	103	1
4	133	1
4	177	1
4	179	1
4	28	1
4	42	1
4	67	1
4	0	2
4	1	2
4	100	2
4	11	2
4	113	2
4	116	2
4	117	2
4	118	2
4	119	2
4	120	2
4	137	2
4	147	2
4	148	2
4	157	2
4	160	2
4	171	2
4	172	2
4	2	2
4	22	2
4	3	2
4	30	2
4	4	2
4	50	2
4	52	2
4	56	2
4	68	2
4	69	2
4	74	2
4	75	2
4	76	2
4	77	2
4	96	2
4	98	2
4	10	3
4	110	3
4	111	3
4	112	3
4	134	3
4	135	3
4	136	3
4	151	3
4	152	3
4	153	3
4	156	3
4	158	3
4	159	3
4	170	3
4	173	3
4	174	3
4	21	3
4	23	3
4	24	3
4	49	3
4	51	3
4	57	3
4	64	3
4	70	3
4	71	3
4	78	3
4	87	3
4	91	3
4	92	3
4	97	3
5	23	1
5	49	1
5	50	1
5	66	1
5	70	1
5	73	1
5	74	1
5	80	1
5	81	1
5	82	1
5	83	1
5	0	3
5	10	3
5	11	3
5	17	3
5	18	3
5	19	3
5	20	3
5	24	3
5	25	3
5	26	3
5	27	3
5	56	3
5	57	3
5	75	3
5	76	3
5	77	3
5	33	4
5	34	4
5	58	4
5	59	4
5	60	4
5	7	4
6	108	0
6	128	0
6	131	0
6	144	0
6	146	0
6	100	1
6	105	1
6	106	1
6	107	1
6	109	1
6	113	1
6	142	1
6	143	1
6	178	1
6	98	1
6	99	1
6	114	2
6	115	2
6	116	2
6	135	2
6	149	2
6	154	2
6	155	2
6	167	2
6	168	2
6	174	2
6	175	2
6	86	2
6	92	2
6	93	2
6	95	2
6	150	3
6	156	3
6	166	3
6	171	3
6	172	3
6	173	3
6	179	3
6	180	3
6	181	3
6	85	3
6	87	3
6	91	3
6	94	3
6	151	5
6	88	5
7	0	1
7	10	1
7	108	1
7	109	1
7	128	1
7	141	1
7	162	1
7	163	1
7	165	1
7	28	1
7	29	1
7	77	1
7	84	1
7	102	2
7	103	2
7	104	2
7	105	2
7	11	2
7	110	2
7	111	2
7	112	2
7	129	2
7	130	2
7	142	2
7	143	2
7	144	2
7	145	2
7	155	2
7	156	2
7	157	2
7	158	2
7	159	2
7	16	2
7	168	2
7	17	2
7	18	2
7	19	2
7	20	2
7	24	2
7	25	2
7	30	2
7	31	2
7	32	2
7	4	2
7	42	2
7	46	2
7	49	2
7	5	2
7	50	2
7	55	2
7	72	2
7	73	2
7	74	2
7	78	2
7	85	2
7	86	2
7	89	2
7	90	2
7	91	2
7	92	2
7	115	4
7	119	4
7	12	4
7	120	4
7	123	4
7	152	4
7	169	4
7	171	4
7	172	4
7	175	4
7	37	4
7	39	4
7	6	4
7	7	4
7	116	5
7	121	5
7	122	5
7	13	5
7	131	5
7	151	5
7	170	5
7	38	5
7	56	5
8	132	0
8	174	0
8	46	0
8	7	0
8	0	1
8	105	1
8	119	1
8	177	1
8	21	1
8	22	1
8	45	1
8	47	1
8	78	1
8	10	2
8	11	2
8	123	2
8	125	2
8	139	2
8	14	2
8	142	2
8	143	2
8	146	2
8	15	2
8	151	2
8	152	2
8	154	2
8	164	2
8	165	2
8	166	2
8	178	2
8	18	2
8	23	2
8	24	2
8	25	2
8	32	2
8	8	2
8	85	2
8	87	2
8	88	2
8	99	2
8	106	3
8	107	3
8	108	3
8	120	3
8	124	3
8	144	3
8	145	3
8	150	3
8	153	3
8	16	3
8	167	3
8	17	3
8	179	3
8	180	3
8	181	3
8	31	3
8	48	3
8	70	3
8	86	3
8	9	3
8	98	3
8	100	4
8	101	4
8	102	4
8	126	4
8	133	4
8	159	4
8	160	4
8	2	4
8	66	4
8	67	4
8	91	4
8	92	4
8	1	5
8	3	5
8	4	5
8	74	5
9	0	2
9	1	2
9	114	2
9	115	2
9	116	2
9	117	2
9	118	2
9	121	2
9	122	2
9	123	2
9	128	2
9	133	2
9	134	2
9	135	2
9	145	2
9	146	2
9	147	2
9	152	2
9	153	2
9	154	2
9	155	2
9	156	2
9	159	2
9	160	2
9	161	2
9	162	2
9	163	2
9	166	2
9	173	2
9	174	2
9	175	2
9	176	2
9	177	2
9	180	2
9	181	2
9	35	2
9	36	2
9	37	2
9	38	2
9	39	2
9	42	2
9	43	2
9	49	2
9	63	2
9	64	2
9	65	2
9	7	2
9	70	2
9	80	2
9	82	2
9	83	2
9	84	2
9	87	2
9	88	2
9	89	2
9	90	2
9	105	4
9	106	4
9	108	4
9	12	4
9	124	4
9	125	4
9	129	4
9	130	4
9	136	4
9	137	4
9	140	4
9	141	4
9	149	4
9	169	4
9	170	4
9	45	4
9	52	4
9	71	4
9	76	4
9	8	4
9	100	5
9	101	5
9	102	5
9	107	5
9	13	5
9	14	5
9	142	5
9	148	5
9	167	5
9	168	5
9	46	5
9	53	5
9	77	5
9	97	5
10	142	0
10	161	0
10	32	0
10	44	0
10	45	0
10	84	0
10	85	0
10	86	0
10	91	0
10	102	1
10	109	1
10	138	1
10	162	1
10	33	1
10	46	1
10	5	1
10	67	1
10	0	2
10	112	2
10	116	2
10	117	2
10	118	2
10	119	2
10	120	2
10	133	2
10	135	2
10	147	2
10	149	2
10	151	2
10	157	2
10	166	2
10	167	2
10	168	2
10	174	2
10	175	2
10	178	2
10	180	2
10	21	2
10	24	2
10	25	2
10	34	2
10	35	2
10	38	2
10	40	2
10	41	2
10	49	2
10	50	2
10	58	2
10	6	2
10	60	2
10	7	2
10	77	2
10	78	2
10	8	2
10	87	2
10	9	2
10	1	3
10	103	3
10	104	3
10	105	3
10	106	3
10	110	3
10	111	3
10	134	3
10	148	3
10	150	3
10	158	3
10	16	3
10	169	3
10	173	3
10	179	3
10	181	3
10	19	3
10	2	3
10	20	3
10	39	3
10	51	3
10	56	3
10	57	3
10	59	3
10	88	3
10	92	3
10	99	3
10	113	4
10	170	4
10	26	4
10	72	4
10	163	5
10	52	5
10	53	5
10	73	5
10	74	5
11	119	0
11	126	0
11	16	0
11	164	0
11	165	0
11	23	0
11	7	0
11	0	1
11	100	1
11	127	1
11	15	1
11	22	1
11	1	3
11	10	3
11	101	3
11	102	3
11	103	3
11	104	3
11	107	3
11	108	3
11	109	3
11	11	3
11	112	3
11	120	3
11	121	3
11	122	3
11	123	3
11	133	3
11	134	3
11	138	3
11	145	3
11	146	3
11	147	3
11	148	3
11	157	3
11	158	3
11	159	3
11	160	3
11	168	3
11	169	3
11	170	3
11	171	3
11	172	3
11	175	3
11	2	3
11	24	3
11	35	3
11	36	3
11	37	3
11	41	3
11	42	3
11	43	3
11	47	3
11	54	3
11	55	3
11	56	3
11	57	3
11	58	3
11	61	3
11	62	3
11	63	3
11	64	3
11	65	3
11	8	3
11	82	3
11	83	3
11	84	3
11	85	3
11	88	3
11	89	3
11	9	3
11	90	3
11	94	3
11	95	3
11	96	3
11	97	3
11	115	5
11	116	5
11	135	5
11	151	5
11	152	5
11	153	5
11	154	5
11	161	5
11	177	5
11	178	5
11	179	5
11	25	5
11	3	5
11	4	5
11	44	5
11	91	5
12	102	0
12	109	0
12	115	0
12	116	0
12	126	0
12	127	0
12	133	0
12	16	0
12	165	0
12	17	0
12	39	0
12	56	0
12	57	0
12	63	0
12	64	0
12	70	0
12	71	0
12	72	0
12	84	0
12	9	0
12	122	4
12	123	4
12	129	4
12	13	4
12	130	4
12	135	4
12	152	4
12	158	4
12	159	4
12	161	4
12	167	4
12	168	4
12	169	4
12	173	4
12	178	4
12	179	4
12	180	4
12	181	4
12	2	4
12	24	4
12	25	4
12	3	4
12	32	4
12	36	4
12	4	4
12	42	4
12	58	4
12	59	4
12	60	4
12	73	4
12	78	4
12	79	4
12	81	4
12	85	4
12	86	4
12	92	4
12	93	4
12	94	4
12	98	4
12	99	4
12	0	5
12	1	5
12	103	5
12	104	5
12	105	5
12	106	5
12	110	5
12	111	5
12	112	5
12	145	5
12	146	5
12	147	5
12	148	5
12	151	5
12	153	5
12	154	5
12	155	5
12	160	5
12	172	5
12	175	5
12	18	5
12	23	5
12	33	5
12	35	5
12	65	5
12	66	5
12	74	5
12	80	5
12	87	5
12	88	5
12	91	5
12	95	5
13	0	0
13	156	0
13	161	0
13	162	0
13	175	0
13	29	0
13	30	0
13	31	0
13	32	0
13	44	0
13	50	0
13	56	0
13	77	0
13	78	0
13	82	0
13	83	0
13	110	1
13	172	1
13	25	1
13	43	1
13	7	1
13	79	1
13	10	2
13	105	2
13	106	2
13	107	2
13	117	2
13	118	2
13	119	2
13	120	2
13	124	2
13	125	2
13	126	2
13	127	2
13	150	2
13	151	2
13	152	2
13	153	2
13	163	2
13	164	2
13	165	2
13	176	2
13	36	2
13	37	2
13	46	2
13	47	2
13	57	2
13	58	2
13	59	2
13	60	2
13	63	2
13	64	2
13	65	2
13	8	2
13	9	2
13	96	2
13	97	2
13	1	4
13	111	4
13	121	4
13	138	4
13	139	4
13	140	4
13	157	4
13	158	4
13	3	4
13	33	4
13	4	4
13	67	4
13	70	4
13	84	4
13	86	4
13	89	4
13	90	4
13	11	5
13	112	5
13	113	5
13	114	5
13	2	5
13	38	5
13	39	5
13	40	5
13	71	5
13	85	5
14	0	0
14	105	0
14	106	0
14	157	0
14	168	0
14	179	0
14	33	0
14	58	0
14	65	0
14	77	0
14	98	0
14	99	0
14	107	1
14	108	1
14	113	1
14	12	1
14	120	1
14	135	1
14	136	1
14	176	1
14	18	1
14	34	1
14	35	1
14	41	1
14	78	1
14	109	2
14	123	2
14	129	2
14	14	2
14	140	2
14	141	2
14	149	2
14	150	2
14	152	2
14	169	2
14	170	2
14	180	2
14	19	2
14	20	2
14	21	2
14	26	2
14	27	2
14	42	2
14	60	2
14	61	2
14	62	2
14	72	2
14	79	2
14	80	2
14	81	2
14	86	2
14	122	3
14	126	3
14	127	3
14	128	3
14	130	3
14	137	3
14	151	3
14	153	3
14	158	3
14	181	3
14	22	3
14	25	3
14	28	3
14	36	3
14	37	3
14	43	3
14	44	3
14	47	3
14	59	3
14	66	3
14	69	3
14	73	3
14	74	3
14	84	3
14	85	3
14	87	3
14	88	3
14	144	4
14	143	5
14	15	5
14	159	5
14	160	5
14	29	5
14	95	5
15	123	0
15	65	0
15	66	0
15	67	0
15	11	1
15	163	1
15	1	2
15	100	2
15	106	2
15	107	2
15	12	2
15	124	2
15	129	2
15	13	2
15	134	2
15	139	2
15	14	2
15	152	2
15	154	2
15	159	2
15	171	2
15	173	2
15	179	2
15	2	2
15	20	2
15	24	2
15	27	2
15	30	2
15	32	2
15	37	2
15	44	2
15	45	2
15	5	2
15	53	2
15	57	2
15	6	2
15	7	2
15	70	2
15	71	2
15	73	2
15	74	2
15	77	2
15	78	2
15	86	2
15	87	2
15	91	2
15	0	3
15	101	3
15	102	3
15	105	3
15	108	3
15	109	3
15	125	3
15	128	3
15	130	3
15	133	3
15	135	3
15	138	3
15	140	3
15	141	3
15	142	3
15	153	3
15	164	3
15	170	3
15	172	3
15	174	3
15	177	3
15	178	3
15	18	3
15	19	3
15	23	3
15	25	3
15	26	3
15	31	3
15	38	3
15	39	3
15	40	3
15	41	3
15	46	3
15	51	3
15	52	3
15	56	3
15	58	3
15	59	3
15	60	3
15	72	3
15	79	3
15	8	3
15	80	3
15	84	3
15	85	3
15	88	3
15	92	3
15	98	3
15	99	3
15	15	5
15	160	5
15	81	5
16	0	0
16	109	0
16	110	0
16	172	0
16	176	0
16	33	0
16	84	0
16	1	1
16	111	1
16	116	1
16	128	1
16	133	1
16	170	1
16	40	1
16	59	1
16	70	1
16	112	2
16	113	2
16	117	2
16	118	2
16	119	2
16	122	2
16	125	2
16	129	2
16	136	2
16	141	2
16	142	2
16	148	2
16	149	2
16	15	2
16	155	2
16	16	2
16	166	2
16	167	2
16	17	2
16	177	2
16	2	2
16	28	2
16	29	2
16	3	2
16	41	2
16	42	2
16	43	2
16	47	2
16	48	2
16	60	2
16	62	2
16	63	2
16	72	2
16	85	2
16	86	2
16	87	2
16	88	2
16	123	3
16	124	3
16	130	3
16	135	3
16	14	3
16	140	3
16	145	3
16	146	3
16	147	3
16	154	3
16	165	3
16	178	3
16	26	3
16	27	3
16	30	3
16	4	3
16	44	3
16	49	3
16	61	3
16	66	3
16	67	3
16	71	3
16	73	3
16	74	3
16	91	3
16	92	3
16	93	3
16	94	3
16	179	5
16	23	5
17	105	0
17	120	0
17	121	0
17	124	0
17	148	0
17	154	0
17	21	0
17	47	0
17	48	0
17	49	0
17	74	0
17	81	0
17	91	0
17	100	1
17	101	1
17	114	1
17	140	1
17	147	1
17	149	1
17	155	1
17	22	1
17	3	1
17	33	1
17	9	1
17	98	1
17	99	1
17	106	2
17	107	2
17	115	2
17	116	2
17	117	2
17	126	2
17	135	2
17	136	2
17	137	2
17	141	2
17	156	2
17	157	2
17	158	2
17	162	2
17	163	2
17	164	2
17	165	2
17	168	2
17	169	2
17	170	2
17	176	2
17	177	2
17	178	2
17	179	2
17	26	2
17	27	2
17	28	2
17	30	2
17	34	2
17	35	2
17	36	2
17	37	2
17	4	2
17	40	2
17	41	2
17	5	2
17	54	2
17	55	2
17	6	2
17	61	2
17	62	2
17	63	2
17	64	2
17	65	2
17	68	2
17	69	2
17	70	2
17	71	2
17	75	2
17	76	2
17	0	4
17	102	4
17	13	4
17	144	4
17	23	4
17	56	4
17	57	4
17	58	4
17	77	4
17	78	4
17	87	4
17	88	4
18	109	0
18	133	0
18	147	0
18	35	0
18	42	0
18	43	0
18	44	0
18	45	0
18	80	0
18	91	0
18	92	0
18	93	0
18	102	3
18	103	3
18	104	3
18	110	3
18	111	3
18	126	3
18	14	3
18	140	3
18	148	3
18	15	3
18	158	3
18	159	3
18	16	3
18	160	3
18	161	3
18	165	3
18	166	3
18	167	3
18	177	3
18	178	3
18	179	3
18	180	3
18	181	3
18	19	3
18	20	3
18	21	3
18	22	3
18	29	3
18	36	3
18	37	3
18	38	3
18	54	3
18	67	3
18	68	3
18	69	3
18	70	3
18	71	3
18	77	3
18	8	3
18	81	3
18	84	3
18	85	3
18	86	3
18	96	3
18	97	3
18	105	4
18	162	4
18	30	4
18	39	4
18	50	4
18	61	4
18	87	4
18	98	4
18	114	5
18	115	5
18	116	5
18	144	5
18	31	5
18	32	5
18	49	5
18	51	5
18	88	5
18	9	5
18	99	5
19	0	1
19	166	1
19	173	1
19	19	1
19	20	1
19	29	1
19	30	1
19	33	1
19	34	1
19	35	1
19	84	1
19	85	1
19	91	1
19	106	2
19	109	2
19	112	2
19	114	2
19	115	2
19	12	2
19	120	2
19	122	2
19	123	2
19	126	2
19	127	2
19	129	2
19	13	2
19	148	2
19	15	2
19	150	2
19	154	2
19	156	2
19	16	2
19	170	2
19	181	2
19	44	2
19	47	2
19	68	2
19	72	2
19	73	2
19	74	2
19	77	2
19	78	2
19	8	2
19	92	2
19	93	2
19	94	2
19	98	2
19	1	3
19	102	3
19	105	3
19	107	3
19	108	3
19	113	3
19	116	3
19	119	3
19	121	3
19	128	3
19	130	3
19	137	3
19	14	3
19	149	3
19	151	3
19	155	3
19	163	3
19	180	3
19	2	3
19	23	3
19	40	3
19	41	3
19	46	3
19	69	3
19	79	3
19	80	3
19	81	3
19	87	3
19	88	3
19	9	3
19	95	3
20	1	0
20	107	0
20	122	0
20	125	0
20	128	0
20	135	0
20	16	0
20	168	0
20	177	0
20	178	0
20	2	0
20	30	0
20	36	0
20	37	0
20	49	0
20	59	0
20	75	0
20	76	0
20	82	0
20	83	0
20	86	0
20	87	0
20	0	1
20	100	1
20	115	1
20	116	1
20	117	1
20	118	1
20	119	1
20	123	1
20	124	1
20	134	1
20	136	1
20	137	1
20	15	1
20	164	1
20	165	1
20	169	1
20	170	1
20	175	1
20	176	1
20	179	1
20	28	1
20	29	1
20	31	1
20	32	1
20	38	1
20	39	1
20	40	1
20	41	1
20	44	1
20	52	1
20	53	1
20	6	1
20	60	1
20	67	1
20	7	1
20	77	1
20	78	1
20	79	1
20	97	1
20	108	5
20	109	5
20	11	5
20	142	5
20	143	5
20	156	5
20	157	5
20	158	5
20	23	5
20	24	5
20	25	5
20	3	5
20	63	5
20	64	5
20	68	5
21	0	2
21	1	2
21	101	2
21	106	2
21	110	2
21	111	2
21	114	2
21	115	2
21	116	2
21	117	2
21	128	2
21	131	2
21	132	2
21	143	2
21	150	2
21	162	2
21	163	2
21	169	2
21	17	2
21	177	2
21	18	2
21	2	2
21	22	2
21	23	2
21	24	2
21	25	2
21	40	2
21	59	2
21	82	2
21	83	2
21	84	2
21	91	2
21	100	3
21	102	3
21	109	3
21	129	3
21	130	3
21	142	3
21	144	3
21	145	3
21	15	3
21	151	3
21	16	3
21	161	3
21	164	3
21	168	3
21	170	3
21	175	3
21	176	3
21	178	3
21	179	3
21	26	3
21	27	3
21	3	3
21	30	3
21	35	3
21	41	3
21	45	3
21	52	3
21	53	3
21	58	3
21	66	3
21	71	3
21	74	3
21	92	3
21	93	3
21	98	3
21	99	3
21	157	5
21	165	5
21	4	5
21	42	5
21	62	5
21	63	5
21	87	5
22	0	0
22	104	0
22	108	0
22	109	0
22	110	0
22	118	0
22	122	0
22	123	0
22	139	0
22	14	0
22	156	0
22	166	0
22	170	0
22	174	0
22	175	0
22	2	0
22	21	0
22	23	0
22	28	0
22	29	0
22	30	0
22	73	0
22	74	0
22	9	0
22	90	0
22	1	1
22	10	1
22	116	1
22	117	1
22	155	1
22	160	1
22	165	1
22	173	1
22	22	1
22	24	1
22	3	1
22	31	1
22	35	1
22	4	1
22	42	1
22	43	1
22	49	1
22	7	1
22	71	1
22	72	1
22	77	1
22	8	1
22	89	1
22	91	1
22	100	4
22	113	4
22	124	4
22	125	4
22	127	4
22	131	4
22	132	4
22	15	4
22	177	4
22	178	4
22	25	4
22	32	4
22	50	4
22	53	4
22	56	4
22	78	4
22	92	4
22	95	4
22	98	4
22	11	5
22	119	5
22	126	5
22	130	5
22	16	5
22	17	5
22	176	5
22	18	5
22	44	5
22	45	5
22	46	5
22	57	5
22	63	5
22	85	5
22	86	5
22	96	5
22	99	5
23	157	0
23	22	0
23	23	0
23	91	0
23	92	0
23	98	0
23	10	2
23	101	2
23	110	2
23	111	2
23	112	2
23	113	2
23	114	2
23	115	2
23	119	2
23	120	2
23	122	2
23	130	2
23	135	2
23	139	2
23	153	2
23	154	2
23	162	2
23	167	2
23	169	2
23	173	2
23	30	2
23	40	2
23	41	2
23	49	2
23	51	2
23	52	2
23	59	2
23	61	2
23	62	2
23	65	2
23	66	2
23	7	2
23	72	2
23	73	2
23	74	2
23	76	2
23	83	2
23	87	2
23	88	2
23	93	2
23	99	2
23	100	3
23	102	3
23	105	3
23	106	3
23	107	3
23	121	3
23	123	3
23	134	3
23	145	3
23	152	3
23	165	3
23	166	3
23	168	3
23	170	3
23	42	3
23	45	3
23	46	3
23	50	3
23	53	3
23	57	3
23	58	3
23	60	3
23	8	3
23	86	3
23	9	3
23	94	3
23	31	4
23	36	4
23	69	4
23	95	4
23	37	5
23	67	5
23	68	5
24	0	3
24	100	3
24	114	3
24	115	3
24	116	3
24	117	3
24	118	3
24	119	3
24	12	3
24	123	3
24	13	3
24	131	3
24	132	3
24	133	3
24	134	3
24	135	3
24	136	3
24	14	3
24	141	3
24	149	3
24	15	3
24	150	3
24	154	3
24	155	3
24	156	3
24	157	3
24	158	3
24	161	3
24	172	3
24	173	3
24	174	3
24	175	3
24	176	3
24	179	3
24	18	3
24	180	3
24	181	3
24	19	3
24	20	3
24	21	3
24	26	3
24	27	3
24	33	3
24	34	3
24	35	3
24	36	3
24	37	3
24	38	3
24	42	3
24	43	3
24	44	3
24	45	3
24	46	3
24	5	3
24	58	3
24	6	3
24	66	3
24	7	3
24	8	3
24	91	3
24	92	3
24	93	3
24	94	3
24	95	3
24	98	3
24	99	3
24	1	5
24	101	5
24	102	5
24	106	5
24	124	5
24	145	5
24	146	5
24	162	5
24	163	5
24	164	5
24	165	5
24	168	5
24	169	5
24	2	5
24	22	5
24	23	5
24	60	5
24	78	5
24	79	5
24	80	5
24	81	5
24	9	5
25	1	0
25	11	0
25	121	0
25	170	0
25	2	0
25	60	0
25	67	0
25	7	0
25	0	1
25	109	1
25	113	1
25	14	1
25	151	1
25	171	1
25	66	1
25	8	1
25	9	1
25	100	2
25	101	2
25	118	2
25	123	2
25	128	2
25	129	2
25	130	2
25	15	2
25	152	2
25	153	2
25	165	2
25	172	2
25	174	2
25	179	2
25	22	2
25	28	2
25	29	2
25	30	2
25	31	2
25	32	2
25	56	2
25	74	2
25	76	2
25	77	2
25	82	2
25	83	2
25	88	2
25	89	2
25	90	2
25	93	2
25	94	2
25	95	2
25	98	2
25	114	3
25	115	3
25	116	3
25	117	3
25	122	3
25	124	3
25	125	3
25	154	3
25	162	3
25	173	3
25	177	3
25	178	3
25	21	3
25	3	3
25	39	3
25	4	3
25	42	3
25	43	3
25	57	3
25	75	3
25	86	3
25	87	3
25	99	3
25	16	4
25	17	4
25	18	4
25	46	4
25	62	4
25	63	4
26	109	0
26	11	0
26	118	0
26	119	0
26	121	0
26	142	0
26	156	0
26	175	0
26	176	0
26	58	0
26	69	0
26	81	0
26	91	0
26	117	1
26	120	1
26	68	1
26	80	1
26	110	3
26	111	3
26	112	3
26	113	3
26	114	3
26	12	3
26	122	3
26	13	3
26	143	3
26	144	3
26	145	3
26	146	3
26	168	3
26	19	3
26	20	3
26	21	3
26	22	3
26	23	3
26	27	3
26	28	3
26	29	3
26	44	3
26	51	3
26	52	3
26	63	3
26	64	3
26	70	3
26	71	3
26	72	3
26	73	3
26	85	3
26	86	3
26	87	3
26	93	3
26	94	3
26	95	3
26	1	4
26	100	4
26	101	4
26	102	4
26	105	4
26	106	4
26	133	4
26	14	4
26	15	4
26	16	4
26	164	4
26	172	4
26	2	4
26	30	4
26	31	4
26	5	4
26	53	4
26	59	4
26	147	5
26	161	5
26	165	5
26	169	5
26	170	5
26	171	5
26	32	5
26	40	5
26	41	5
26	60	5
26	88	5
27	107	0
27	126	0
27	154	0
27	155	0
27	171	0
27	45	0
27	46	0
27	47	0
27	48	0
27	7	0
27	8	0
27	84	0
27	90	0
27	95	0
27	10	2
27	108	2
27	109	2
27	110	2
27	111	2
27	119	2
27	120	2
27	128	2
27	129	2
27	133	2
27	134	2
27	135	2
27	136	2
27	137	2
27	140	2
27	141	2
27	142	2
27	143	2
27	15	2
27	156	2
27	16	2
27	166	2
27	167	2
27	17	2
27	172	2
27	177	2
27	178	2
27	179	2
27	18	2
27	180	2
27	181	2
27	19	2
27	20	2
27	37	2
27	38	2
27	39	2
27	53	2
27	54	2
27	55	2
27	58	2
27	59	2
27	60	2
27	61	2
27	62	2
27	63	2
27	77	2
27	78	2
27	79	2
27	80	2
27	9	2
27	96	2
27	97	2
27	1	4
27	104	4
27	11	4
27	114	4
27	130	4
27	144	4
27	168	4
27	173	4
27	174	4
27	50	4
27	72	4
27	73	4
27	74	4
27	85	4
27	91	4
27	0	5
27	121	5
27	150	5
27	157	5
27	158	5
27	2	5
27	3	5
27	4	5
27	49	5
27	92	5
27	98	5
28	102	0
28	157	0
28	64	0
28	78	0
28	1	1
28	126	1
28	14	1
28	141	1
28	142	1
28	154	1
28	63	1
28	94	1
28	103	2
28	104	2
28	105	2
28	106	2
28	120	2
28	129	2
28	130	2
28	143	2
28	144	2
28	145	2
28	146	2
28	160	2
28	169	2
28	170	2
28	171	2
28	172	2
28	181	2
28	2	2
28	21	2
28	33	2
28	35	2
28	36	2
28	38	2
28	4	2
28	47	2
28	55	2
28	58	2
28	68	2
28	70	2
28	80	2
28	81	2
28	82	2
28	87	2
28	89	2
28	95	2
28	121	3
28	122	3
28	123	3
28	127	3
28	128	3
28	164	3
28	165	3
28	168	3
28	22	3
28	27	3
28	28	3
28	29	3
28	3	3
28	34	3
28	37	3
28	59	3
28	60	3
28	65	3
28	69	3
28	71	3
28	83	3
28	86	3
28	88	3
28	90	3
28	96	3
28	97	3
28	98	3
28	99	3
28	133	5
28	91	5
29	105	1
29	135	1
29	136	1
29	84	1
29	85	1
29	86	1
29	91	1
29	92	1
29	93	1
29	10	2
29	102	2
29	106	2
29	107	2
29	108	2
29	11	2
29	13	2
29	131	2
29	140	2
29	143	2
29	147	2
29	150	2
29	157	2
29	161	2
29	168	2
29	170	2
29	171	2
29	3	2
29	31	2
29	45	2
29	46	2
29	66	2
29	71	2
29	94	2
29	98	2
29	99	2
29	1	3
29	100	3
29	101	3
29	12	3
29	132	3
29	137	3
29	138	3
29	139	3
29	144	3
29	146	3
29	158	3
29	164	3
29	165	3
29	169	3
29	172	3
29	18	3
29	181	3
29	19	3
29	2	3
29	20	3
29	21	3
29	22	3
29	23	3
29	58	3
29	67	3
29	70	3
29	72	3
29	95	3
29	109	4
29	15	4
29	153	4
29	154	4
29	55	4
29	80	4
30	114	1
30	140	1
30	10	2
30	106	2
30	108	2
30	110	2
30	119	2
30	12	2
30	128	2
30	129	2
30	141	2
30	144	2
30	19	2
30	20	2
30	21	2
30	22	2
30	23	2
30	33	2
30	34	2
30	42	2
30	44	2
30	51	2
30	56	2
30	57	2
30	71	2
30	73	2
30	77	2
30	79	2
30	84	2
30	85	2
30	88	2
30	92	2
30	93	2
30	94	2
30	99	2
30	0	3
30	100	3
30	101	3
30	102	3
30	107	3
30	11	3
30	111	3
30	122	3
30	130	3
30	152	3
30	174	3
30	175	3
30	176	3
30	35	3
30	36	3
30	43	3
30	45	3
30	50	3
30	53	3
30	64	3
30	65	3
30	66	3
30	70	3
30	72	3
30	74	3
30	78	3
30	86	3
30	87	3
30	91	3
30	95	3
30	98	3
30	123	4
30	163	4
30	169	4
30	170	4
30	177	4
30	179	4
30	37	4
30	38	4
30	80	4
30	81	4
30	124	5
30	145	5
30	148	5
30	149	5
30	166	5
30	171	5
30	178	5
30	47	5
31	0	0
31	1	0
31	140	0
31	150	0
31	153	0
31	161	0
31	162	0
31	168	0
31	175	0
31	29	0
31	3	0
31	65	0
31	73	0
31	8	0
31	86	0
31	92	0
31	107	1
31	108	1
31	122	1
31	2	1
31	10	2
31	101	2
31	12	2
31	124	2
31	125	2
31	13	2
31	131	2
31	132	2
31	137	2
31	163	2
31	164	2
31	177	2
31	179	2
31	18	2
31	19	2
31	20	2
31	21	2
31	22	2
31	31	2
31	38	2
31	39	2
31	4	2
31	41	2
31	57	2
31	60	2
31	61	2
31	82	2
31	83	2
31	87	2
31	88	2
31	9	2
31	100	3
31	109	3
31	11	3
31	123	3
31	133	3
31	136	3
31	141	3
31	142	3
31	143	3
31	144	3
31	154	3
31	165	3
31	17	3
31	176	3
31	178	3
31	32	3
31	36	3
31	37	3
31	40	3
31	44	3
31	45	3
31	46	3
31	58	3
31	59	3
31	62	3
31	77	3
31	78	3
31	81	3
31	119	4
31	126	4
32	134	1
32	135	1
32	16	1
32	168	1
32	49	1
32	50	1
32	51	1
32	56	1
32	1	2
32	10	2
32	104	2
32	112	2
32	113	2
32	120	2
32	122	2
32	139	2
32	142	2
32	144	2
32	150	2
32	154	2
32	156	2
32	158	2
32	169	2
32	17	2
32	176	2
32	180	2
32	181	2
32	2	2
32	3	2
32	4	2
32	41	2
32	45	2
32	46	2
32	62	2
32	63	2
32	64	2
32	79	2
32	80	2
32	81	2
32	94	2
32	95	2
32	103	3
32	11	3
32	119	3
32	121	3
32	123	3
32	138	3
32	143	3
32	145	3
32	146	3
32	149	3
32	155	3
32	157	3
32	177	3
32	18	3
32	40	3
32	44	3
32	5	3
32	52	3
32	53	3
32	6	3
32	60	3
32	61	3
32	65	3
32	77	3
32	78	3
32	89	3
32	9	3
32	90	3
32	98	3
32	151	4
32	21	4
32	91	4
32	105	5
32	130	5
33	1	0
33	10	0
33	11	0
33	118	0
33	134	0
33	135	0
33	143	0
33	148	0
33	149	0
33	177	0
33	179	0
33	142	1
33	147	1
33	161	1
33	176	1
33	35	1
33	36	1
33	43	1
33	63	1
33	71	1
33	72	1
33	9	1
33	103	2
33	104	2
33	107	2
33	126	2
33	127	2
33	144	2
33	15	2
33	164	2
33	23	2
33	25	2
33	26	2
33	48	2
33	54	2
33	64	2
33	65	2
33	67	2
33	75	2
33	79	2
33	91	2
33	95	2
33	97	2
33	98	2
33	108	3
33	121	3
33	122	3
33	130	3
33	162	3
33	163	3
33	24	3
33	27	3
33	30	3
33	31	3
33	55	3
33	56	3
33	57	3
33	58	3
33	59	3
33	66	3
33	76	3
33	87	3
33	88	3
33	89	3
33	92	3
33	96	3
33	123	4
33	152	4
33	156	4
33	157	4
33	165	4
33	99	4
34	116	0
34	117	0
34	119	0
34	120	0
34	126	0
34	128	0
34	129	0
34	130	0
34	14	0
34	145	0
34	146	0
34	161	0
34	168	0
34	21	0
34	68	0
34	77	0
34	118	1
34	127	1
34	133	1
34	138	1
34	144	1
34	162	1
34	52	1
34	53	1
34	69	1
34	84	1
34	89	1
34	0	3
34	107	3
34	134	3
34	135	3
34	139	3
34	140	3
34	147	3
34	15	3
34	150	3
34	151	3
34	152	3
34	153	3
34	16	3
34	163	3
34	164	3
34	169	3
34	17	3
34	170	3
34	171	3
34	172	3
34	176	3
34	177	3
34	178	3
34	179	3
34	18	3
34	180	3
34	181	3
34	22	3
34	23	3
34	24	3
34	28	3
34	29	3
34	30	3
34	31	3
34	32	3
34	38	3
34	54	3
34	55	3
34	60	3
34	61	3
34	62	3
34	63	3
34	73	3
34	90	3
34	93	3
34	94	3
34	95	3
34	98	3
34	99	3
34	121	4
34	42	4
34	45	4
34	79	4
34	81	4
34	85	4
34	1	5
34	165	5
34	2	5
34	40	5
34	46	5
34	5	5
34	57	5
34	64	5
34	65	5
34	80	5
34	86	5
35	1	1
35	110	1
35	14	1
35	140	1
35	181	1
35	57	1
35	70	1
35	71	1
35	89	1
35	90	1
35	10	3
35	103	3
35	104	3
35	105	3
35	106	3
35	11	3
35	111	3
35	112	3
35	116	3
35	124	3
35	125	3
35	126	3
35	127	3
35	128	3
35	131	3
35	147	3
35	148	3
35	149	3
35	15	3
35	16	3
35	166	3
35	167	3
35	168	3
35	169	3
35	170	3
35	175	3
35	176	3
35	177	3
35	2	3
35	21	3
35	22	3
35	23	3
35	24	3
35	25	3
35	28	3
35	29	3
35	3	3
35	30	3
35	31	3
35	42	3
35	43	3
35	44	3
35	63	3
35	64	3
35	65	3
35	75	3
35	8	3
35	82	3
35	83	3
35	84	3
35	9	3
35	91	3
35	113	5
35	120	5
35	153	5
35	154	5
35	155	5
35	156	5
35	163	5
35	17	5
35	18	5
35	32	5
35	36	5
35	37	5
35	38	5
35	45	5
35	72	5
35	79	5
36	0	0
36	105	0
36	106	0
36	107	0
36	125	0
36	126	0
36	143	0
36	163	0
36	164	0
36	165	0
36	166	0
36	167	0
36	171	0
36	19	0
36	20	0
36	21	0
36	42	0
36	43	0
36	5	0
36	53	0
36	55	0
36	58	0
36	59	0
36	6	0
36	66	0
36	77	0
36	78	0
36	79	0
36	84	0
36	85	0
36	88	0
36	108	1
36	112	1
36	12	1
36	127	1
36	128	1
36	13	1
36	138	1
36	14	1
36	148	1
36	153	1
36	170	1
36	22	1
36	23	1
36	44	1
36	45	1
36	54	1
36	75	1
36	76	1
36	91	1
36	92	1
36	93	1
36	116	4
36	119	4
36	120	4
36	121	4
36	122	4
36	131	4
36	144	4
36	149	4
36	158	4
36	172	4
36	178	4
36	35	4
36	37	4
36	8	4
36	9	4
36	95	4
36	1	5
36	109	5
36	145	5
36	15	5
36	150	5
36	154	5
36	155	5
36	159	5
36	16	5
36	160	5
36	2	5
36	36	5
36	38	5
36	39	5
36	7	5
36	94	5
37	0	0
37	100	0
37	151	0
37	163	0
37	38	0
37	39	0
37	56	0
37	61	0
37	63	0
37	79	0
37	86	0
37	87	0
37	89	0
37	98	0
37	99	0
37	1	1
37	161	1
37	2	1
37	3	1
37	4	1
37	40	1
37	41	1
37	45	1
37	57	1
37	88	1
37	103	2
37	104	2
37	105	2
37	124	2
37	125	2
37	126	2
37	127	2
37	128	2
37	138	2
37	14	2
37	15	2
37	155	2
37	156	2
37	16	2
37	168	2
37	169	2
37	170	2
37	171	2
37	172	2
37	175	2
37	176	2
37	22	2
37	32	2
37	33	2
37	34	2
37	35	2
37	46	2
37	47	2
37	48	2
37	51	2
37	52	2
37	53	2
37	64	2
37	65	2
37	8	2
37	80	2
37	93	2
37	94	2
37	95	2
37	140	5
37	141	5
37	142	5
37	164	5
37	165	5
37	177	5
37	180	5
37	181	5
37	27	5
37	28	5
37	29	5
37	83	5
38	1	1
38	115	1
38	14	1
38	15	1
38	98	1
38	103	2
38	104	2
38	105	2
38	106	2
38	107	2
38	121	2
38	122	2
38	131	2
38	144	2
38	151	2
38	157	2
38	158	2
38	16	2
38	170	2
38	171	2
38	176	2
38	180	2
38	181	2
38	2	2
38	40	2
38	41	2
38	53	2
38	55	2
38	56	2
38	61	2
38	62	2
38	67	2
38	69	2
38	73	2
38	84	2
38	85	2
38	90	2
38	91	2
38	92	2
38	116	3
38	117	3
38	118	3
38	123	3
38	150	3
38	156	3
38	162	3
38	163	3
38	169	3
38	175	3
38	177	3
38	3	3
38	4	3
38	54	3
38	57	3
38	60	3
38	66	3
38	68	3
38	7	3
38	72	3
38	74	3
38	77	3
38	78	3
38	8	3
38	86	3
38	89	3
38	164	5
38	42	5
38	43	5
38	9	5
38	99	5
39	0	0
39	101	0
39	114	0
39	168	0
39	169	0
39	17	0
39	31	0
39	32	0
39	63	0
39	64	0
39	108	2
39	109	2
39	115	2
39	116	2
39	121	2
39	122	2
39	123	2
39	126	2
39	13	2
39	131	2
39	132	2
39	138	2
39	139	2
39	14	2
39	140	2
39	141	2
39	142	2
39	145	2
39	148	2
39	149	2
39	152	2
39	153	2
39	154	2
39	155	2
39	172	2
39	177	2
39	178	2
39	18	2
39	33	2
39	34	2
39	56	2
39	57	2
39	58	2
39	59	2
39	6	2
39	65	2
39	66	2
39	67	2
39	70	2
39	71	2
39	77	2
39	78	2
39	79	2
39	80	2
39	84	2
39	85	2
39	86	2
39	91	2
39	92	2
39	93	2
39	110	4
39	134	4
39	163	4
39	164	4
39	165	4
39	20	4
39	7	4
39	74	4
39	81	4
39	87	4
39	88	4
39	1	5
39	111	5
39	127	5
39	128	5
39	133	5
39	135	5
39	21	5
39	41	5
39	95	5
40	122	0
40	123	0
40	33	0
40	34	0
40	103	2
40	104	2
40	113	2
40	117	2
40	119	2
40	132	2
40	149	2
40	153	2
40	160	2
40	24	2
40	27	2
40	75	2
40	118	3
40	131	3
40	148	3
40	152	3
40	154	3
40	159	3
40	19	3
40	20	3
40	25	3
40	26	3
40	68	3
40	76	3
40	114	5
41	12	2
41	13	2
41	142	2
41	145	2
41	146	2
41	147	2
41	148	2
41	152	2
41	153	2
41	23	2
41	24	2
41	5	2
41	6	2
41	82	2
41	96	2
41	97	2
41	110	4
41	33	4
41	89	4
41	102	5
41	103	5
41	104	5
41	111	5
41	20	5
41	34	5
41	35	5
41	36	5
46	181	4
49	0	0
