4 4 0
4 5 0
4 6 0
4 7 0
4 10 0
4 11 0
4 14 0
4 15 0
4 16 0
4 17 0
4 18 0
4 21 0
4 22 0
4 23 0
4 24 0
4 25 0
4 28 0
4 29 0
4 30 0
4 31 0
4 32 0
4 35 0
4 36 0
4 37 0
4 38 0
4 39 0
4 42 0
4 43 0
4 44 0
4 45 0
4 46 0
4 49 0
4 50 0
4 51 0
4 52 0
4 53 0
4 56 0
4 57 0
4 58 0
4 61 0
4 62 0
4 63 0
4 64 0
4 65 0
4 68 0
4 69 0
4 70 0
4 71 0
4 72 0
4 75 0
4 76 0
4 77 0
4 78 0
4 84 0
4 85 0
4 86 0
4 87 0
4 88 0
4 91 0
4 92 0
4 93 0
4 94 0
4 95 0
4 98 0
4 99 0
4 100 0
4 103 0
4 104 0
4 105 0
4 106 0
4 109 0
4 110 0
4 111 0
4 112 0
4 113 0
4 116 0
4 117 0
4 118 0
4 119 0
4 120 0
4 133 0
4 134 0
4 135 0
4 136 0
4 137 0
4 140 0
4 141 0
4 142 0
4 143 0
4 144 0
4 147 0
4 148 0
4 149 0
4 150 0
4 151 0
4 154 0
4 155 0
4 156 0
4 159 0
4 160 0
4 161 0
4 162 0
4 163 0
4 166 0
4 167 0
4 168 0
4 169 0
4 170 0
4 173 0
4 174 0
4 175 0
4 176 0
4 177 0
4 180 0
4 181 0
0 0 2
0 1 2
0 2 2
0 5 2
0 6 2
0 7 2
0 10 3
0 11 2
0 14 2
0 15 2
0 16 3
0 17 2
0 18 2
0 23 2
0 24 3
0 25 2
0 26 2
0 27 2
0 30 2
0 31 2
0 32 2
0 33 3
0 34 2
0 37 2
0 38 3
0 39 3
0 40 2
0 41 2
0 44 2
0 45 2
0 46 2
0 47 2
0 48 2
0 51 2
0 52 2
0 53 2
0 54 3
0 55 2
0 59 2
0 60 2
0 61 2
0 62 3
0 65 3
0 66 2
0 67 2
0 68 2
0 69 2
0 72 2
0 73 2
0 74 2
0 75 2
0 76 2
0 79 2
0 80 2
0 93 2
0 94 2
0 95 2
0 96 2
0 97 2
0 101 2
0 102 2
0 103 3
0 104 3
0 105 2
0 108 4
0 109 5
0 112 2
0 113 2
0 114 2
0 115 2
0 116 2
0 119 3
0 120 2
0 121 2
0 122 2
0 123 2
0 126 2
0 127 2
0 128 2
0 129 3
0 130 3
0 133 2
0 134 2
0 135 2
0 136 2
0 137 2
0 140 2
0 141 2
0 142 2
0 143 2
0 144 2
0 147 2
0 148 2
0 149 2
0 150 2
0 151 2
0 154 2
0 155 2
0 156 2
0 157 3
0 158 2
0 162 2
0 163 2
0 164 2
0 165 5
0 168 3
0 169 3
0 170 2
0 171 3
0 174 2
0 175 3
0 176 2
0 177 4
0 178 4
0 181 3
38 0 3
38 1 3
38 2 2
38 3 2
38 4 2
38 7 2
38 8 2
38 9 3
38 10 2
38 11 3
38 23 3
38 24 3
38 25 3
38 26 2
38 27 3
38 31 1
38 32 3
38 33 3
38 34 3
38 35 5
38 40 1
38 41 3
38 42 3
38 43 3
38 46 3
38 47 3
38 48 3
38 49 3
38 50 3
38 53 1
38 54 3
38 55 2
38 56 2
38 57 5
38 60 2
38 61 5
38 62 5
38 65 2
38 66 2
38 67 3
38 70 3
38 71 3
38 72 3
38 73 2
38 74 2
38 77 2
38 78 2
38 79 2
38 80 2
38 81 2
38 84 2
38 85 2
38 86 2
38 87 2
38 88 3
38 91 3
38 92 2
38 93 3
38 98 1
38 99 1
38 100 1
38 101 1
38 102 5
38 105 1
38 106 2
38 107 2
38 117 1
38 118 1
38 119 3
38 120 3
38 121 3
38 124 2
38 125 2
38 126 2
38 129 1
38 130 1
38 131 2
38 132 2
38 133 3
38 141 3
38 142 3
38 143 3
38 144 2
38 147 1
38 148 5
38 149 5
38 150 5
38 151 5
38 154 2
38 155 2
38 156 3
38 159 1
38 160 1
38 161 3
38 162 3
38 165 1
38 166 1
38 167 3
38 168 2
38 169 5
38 172 1
38 173 2
38 174 2
38 175 3
38 178 3
38 179 3
38 180 3
38 181 3
9 0 2
9 1 2
9 2 4
9 3 4
9 4 4
9 7 2
9 8 2
9 9 2
9 10 2
9 13 2
9 14 2
9 25 2
9 26 2
9 27 2
9 28 2
9 29 2
9 32 2
9 33 2
9 34 2
9 35 5
9 36 4
9 40 2
9 41 2
9 42 2
9 46 2
9 47 2
9 48 2
9 49 2
9 50 2
9 53 2
9 54 5
9 55 4
9 58 2
9 59 2
9 60 2
9 61 2
9 62 2
9 65 2
9 66 2
9 67 2
9 68 2
9 69 2
9 72 2
9 73 2
9 74 2
9 75 2
9 76 2
9 80 2
9 81 2
9 82 2
9 83 4
9 84 5
9 87 2
9 88 2
9 91 2
9 92 2
9 93 2
9 94 2
9 95 2
9 99 2
9 100 2
9 101 2
9 102 2
9 103 5
9 106 2
9 107 2
9 108 2
9 114 2
9 115 2
9 116 2
9 119 2
9 120 2
9 121 2
9 122 2
9 123 2
9 126 2
9 127 2
9 128 2
9 129 2
9 130 2
9 133 2
9 134 2
9 135 2
9 136 2
9 137 4
9 140 2
9 141 2
9 142 2
9 143 2
9 144 2
9 147 2
9 148 2
9 149 2
9 150 2
9 151 2
9 154 2
9 155 2
9 156 2
9 157 2
9 158 2
9 161 2
9 162 2
9 163 2
9 164 2
9 165 2
9 168 2
9 169 2
9 170 2
9 173 2
9 174 2
9 175 2
9 176 2
9 177 2
9 180 2
9 181 2
25 0 0
25 1 3
25 2 2
25 5 3
25 6 3
25 7 3
25 8 3
25 9 2
25 10 2
25 14 0
25 15 0
25 16 2
25 17 2
25 18 2
25 22 1
25 23 0
25 24 2
25 25 4
25 28 3
25 29 3
25 30 3
25 31 3
25 32 2
25 36 2
25 37 2
25 38 2
25 39 2
25 42 2
25 43 3
25 44 2
25 45 2
25 46 2
25 49 2
25 50 3
25 51 3
25 52 3
25 53 3
25 56 2
25 57 2
25 58 3
25 59 2
25 60 3
25 61 4
25 64 0
25 65 3
25 68 4
25 69 4
25 70 4
25 71 4
25 72 4
25 75 2
25 76 2
25 77 2
25 80 2
25 81 2
25 82 2
25 83 2
25 84 2
25 85 2
25 89 1
25 90 2
25 91 2
25 92 2
25 93 2
25 94 2
25 98 2
25 99 2
25 100 2
25 101 3
25 102 3
25 105 1
25 106 1
25 107 1
25 108 2
25 109 3
25 113 1
25 114 3
25 115 3
25 116 3
25 117 2
25 118 2
25 121 3
25 122 2
25 123 3
25 124 3
25 125 3
25 128 2
25 129 4
25 145 1
25 146 1
25 147 1
25 150 2
25 151 2
25 152 3
25 153 3
25 156 2
25 157 2
25 158 2
25 161 0
25 162 3
25 163 3
25 164 2
25 165 2
25 166 4
25 169 2
25 170 2
25 171 2
25 172 2
25 173 4
25 176 2
25 177 3
25 178 2
25 179 2
25 180 2
25 181 2
26 0 3
26 1 3
26 2 3
26 5 3
26 6 5
26 9 3
26 10 3
26 11 3
26 12 4
26 13 4
26 16 3
26 17 3
26 18 3
26 21 3
26 22 3
26 23 3
26 24 3
26 25 5
26 28 3
26 29 3
26 30 3
26 31 3
26 32 3
26 39 0
26 40 3
26 41 3
26 42 3
26 43 5
26 46 5
26 47 5
26 48 4
26 49 4
26 50 4
26 51 4
26 54 3
26 55 3
26 56 3
26 57 3
26 58 3
26 59 3
26 63 3
26 64 3
26 70 3
26 71 3
26 72 3
26 73 4
26 80 0
26 81 0
26 82 3
26 83 3
26 84 3
26 85 3
26 89 4
26 90 4
26 91 4
26 92 4
26 93 4
26 94 4
26 97 0
26 98 0
26 99 0
26 100 3
26 101 3
26 102 3
26 105 0
26 106 3
26 107 3
26 108 3
26 109 3
26 112 0
26 113 3
26 114 5
26 115 4
26 116 4
26 119 0
26 120 3
26 121 3
26 122 3
26 123 4
26 129 1
26 130 3
26 131 3
26 132 3
26 133 4
26 136 4
26 137 4
26 138 4
26 139 4
26 140 4
26 143 3
26 144 3
26 145 3
26 146 3
26 149 0
26 150 3
26 153 0
26 154 3
26 155 3
26 156 3
26 157 4
26 158 4
26 162 4
26 163 4
26 164 4
26 165 4
26 166 4
26 167 4
26 170 0
26 171 0
26 172 4
26 175 0
26 176 3
26 177 3
26 178 3
26 179 3
7 0 1
7 3 2
7 4 2
7 5 2
7 6 2
7 7 4
7 10 1
7 11 1
7 12 4
7 13 5
7 14 4
7 17 1
7 18 1
7 19 2
7 20 2
7 23 1
7 24 1
7 25 1
7 26 4
7 27 4
7 30 1
7 31 1
7 32 1
7 35 1
7 36 1
7 37 1
7 38 1
7 39 1
7 42 1
7 43 2
7 44 4
7 45 4
7 46 4
7 49 1
7 50 1
7 51 2
7 54 2
7 55 5
7 56 5
7 70 1
7 71 1
7 72 1
7 73 1
7 74 2
7 77 1
7 78 1
7 79 1
7 80 1
7 81 1
7 84 1
7 85 1
7 86 5
7 87 4
7 90 1
7 91 1
7 92 1
7 93 2
7 96 2
7 97 2
7 98 2
7 99 5
7 100 5
7 103 2
7 104 2
7 107 1
7 108 1
7 109 4
7 112 1
7 113 1
7 114 1
7 115 1
7 116 2
7 119 1
7 120 1
7 121 1
7 122 1
7 123 1
7 128 1
7 129 1
7 130 1
7 131 1
7 132 1
7 135 1
7 136 1
7 137 2
7 138 4
7 139 5
7 142 1
7 143 1
7 144 1
7 145 4
7 146 5
7 149 1
7 150 1
7 151 1
7 152 2
7 153 2
7 156 1
7 157 1
7 158 1
7 159 4
7 160 4
7 163 1
7 164 1
7 165 1
7 168 1
7 169 5
7 170 4
7 171 4
7 172 4
7 175 1
7 176 4
7 177 4
7 178 4
7 179 4
18 0 5
18 3 0
18 4 0
18 5 3
18 6 3
18 9 4
18 10 4
18 11 4
18 14 0
18 15 3
18 16 5
18 17 5
18 18 5
18 21 4
18 22 5
18 29 4
18 30 4
18 31 4
18 32 4
18 35 3
18 36 3
18 37 4
18 40 3
18 41 3
18 42 3
18 45 0
18 46 0
18 47 0
18 48 3
18 49 5
18 52 3
18 53 3
18 56 3
18 57 3
18 58 3
18 59 3
18 60 3
18 63 4
18 64 4
18 65 4
18 66 5
18 67 4
18 70 3
18 71 3
18 72 3
18 73 3
18 74 3
18 77 0
18 78 3
18 79 3
18 80 3
18 81 3
18 84 3
18 85 3
18 86 3
18 87 3
18 88 3
18 91 3
18 92 3
18 93 3
18 94 3
18 95 3
18 98 3
18 99 3
18 100 3
18 101 3
18 104 3
18 105 3
18 109 3
18 110 3
18 111 3
18 114 3
18 115 3
18 116 3
18 117 4
18 126 3
18 127 3
18 128 3
18 129 5
18 130 5
18 133 3
18 134 3
18 137 3
18 138 3
18 139 3
18 140 3
18 141 5
18 144 3
18 145 3
18 146 3
18 147 5
18 148 5
18 151 0
18 152 3
18 153 3
18 156 3
18 157 3
18 158 3
18 159 3
18 160 3
18 163 3
18 164 3
18 165 3
18 166 3
18 167 3
18 170 0
18 171 0
18 172 3
18 173 3
18 174 3
18 177 4
18 178 4
18 179 4
18 180 4
18 181 4
49 5 0
49 6 3
49 9 3
49 10 3
49 14 3
49 22 3
49 23 3
49 26 0
49 27 0
49 28 0
49 33 3
49 34 3
49 35 3
49 38 5
49 44 3
49 47 0
49 48 0
49 49 3
49 53 5
49 57 3
49 58 3
49 59 3
49 64 3
49 65 3
49 66 3
49 71 3
49 72 3
49 73 3
49 84 5
49 89 5
49 90 5
49 95 0
49 98 3
49 105 3
49 106 3
49 110 3
49 111 3
49 112 3
49 117 3
49 118 3
49 119 5
49 122 3
49 126 3
49 127 3
49 128 5
49 131 3
49 132 3
49 150 3
49 154 3
49 155 3
49 158 3
49 168 3
49 173 3
49 174 3
49 175 5
49 179 3
28 1 0
28 2 3
28 3 2
28 4 2
28 7 3
28 8 3
28 9 5
28 12 3
28 13 2
28 14 2
28 15 2
28 16 3
28 17 2
28 21 2
28 22 2
28 25 1
28 26 0
28 27 3
28 28 5
28 29 5
28 30 5
28 33 1
28 34 3
28 35 2
28 36 2
28 37 2
28 38 2
28 43 2
28 44 2
28 45 2
28 46 2
28 47 3
28 48 3
28 51 2
28 52 2
28 53 2
28 54 2
28 55 2
28 56 2
28 59 3
28 60 5
28 63 3
28 64 5
28 65 5
28 68 2
28 69 3
28 70 3
28 71 5
28 72 5
28 73 5
28 79 3
28 80 2
28 81 2
28 82 3
28 83 3
28 86 0
28 87 3
28 88 2
28 89 2
28 90 3
28 91 3
28 94 0
28 95 2
28 96 2
28 97 2
28 101 2
28 102 3
28 103 2
28 104 2
28 105 5
28 106 5
28 120 2
28 121 2
28 122 2
28 123 2
28 126 2
28 127 2
28 128 2
28 129 2
28 130 2
28 133 5
28 134 5
28 135 5
28 136 5
28 137 5
28 140 3
28 141 3
28 142 2
28 143 2
28 144 2
28 145 5
28 148 3
28 149 2
28 150 3
28 151 3
28 152 5
28 153 5
28 156 3
28 157 2
28 158 3
28 159 2
28 160 2
28 163 5
28 164 5
28 165 5
28 168 3
28 169 2
28 170 2
28 171 2
28 172 2
28 175 2
28 176 2
28 177 2
28 178 2
28 179 2
33 1 0
33 2 3
33 3 3
33 4 3
33 5 3
33 6 3
33 9 3
33 10 3
33 11 3
33 15 3
33 16 2
33 17 2
33 18 2
33 19 2
33 20 2
33 23 0
33 24 2
33 25 3
33 26 3
33 27 2
33 28 4
33 31 0
33 32 2
33 36 1
33 37 0
33 38 2
33 39 3
33 40 3
33 41 2
33 44 0
33 45 0
33 46 0
33 47 0
33 48 0
33 54 1
33 55 0
33 56 3
33 57 3
33 58 3
33 61 3
33 62 2
33 63 3
33 64 3
33 65 3
33 68 1
33 69 1
33 70 4
33 73 1
33 74 3
33 75 2
33 76 2
33 77 2
33 78 2
33 81 3
33 82 3
33 83 3
33 84 3
33 85 2
33 86 3
33 89 3
33 90 3
33 91 2
33 92 4
33 95 3
33 96 2
33 97 3
33 98 2
33 99 3
33 103 3
33 104 2
33 105 3
33 106 3
33 107 2
33 108 2
33 112 0
33 113 3
33 114 3
33 115 2
33 116 3
33 119 3
33 120 2
33 121 3
33 122 3
33 123 2
33 126 3
33 127 3
33 128 3
33 129 3
33 130 4
33 133 0
33 134 0
33 135 0
33 136 0
33 137 3
33 140 3
33 141 2
33 142 2
33 143 3
33 144 3
33 147 3
33 148 2
33 149 3
33 150 3
33 151 4
33 154 4
33 155 4
33 156 4
33 157 4
33 158 4
33 163 3
33 164 3
33 176 1
33 177 0
33 178 3
33 179 3
2 0 2
2 1 3
2 2 2
2 3 3
2 4 3
2 19 0
2 20 3
2 21 2
2 22 2
2 23 2
2 26 3
2 27 2
2 28 2
2 29 3
2 30 3
2 33 3
2 34 2
2 35 2
2 36 3
2 40 3
2 41 2
2 42 2
2 43 3
2 44 2
2 47 2
2 48 2
2 49 2
2 50 2
2 51 3
2 54 2
2 55 2
2 63 2
2 64 2
2 65 2
2 66 3
2 67 3
2 70 2
2 71 2
2 72 2
2 73 4
2 74 4
2 77 2
2 78 2
2 79 2
2 80 3
2 81 4
2 84 2
2 85 2
2 86 2
2 87 2
2 88 2
2 91 3
2 92 2
2 93 3
2 94 2
2 95 2
2 99 3
2 100 2
2 101 2
2 102 2
2 105 2
2 106 2
2 107 2
2 108 3
2 109 3
2 112 0
2 113 2
2 114 2
2 115 2
2 116 2
2 119 2
2 120 2
2 121 2
2 122 3
2 123 2
2 126 2
2 127 2
2 128 3
2 129 2
2 130 3
2 133 2
2 134 4
2 135 4
2 138 2
2 139 2
2 140 2
2 141 2
2 142 3
2 145 2
2 146 3
2 147 2
2 148 2
2 149 3
2 152 3
2 153 3
2 154 2
2 155 2
2 156 2
2 159 2
2 160 2
2 161 2
2 162 2
2 163 2
2 166 3
2 167 3
2 168 3
2 169 3
2 172 2
2 173 4
2 174 4
2 177 0
2 178 0
2 179 0
2 180 3
2 181 2
19 0 1
19 1 1
19 2 1
19 3 3
19 4 3
19 7 3
19 8 3
19 9 2
19 10 2
19 11 2
19 14 1
19 15 1
19 16 1
19 17 1
19 18 1
19 21 1
19 22 1
19 23 3
19 24 2
19 27 1
19 28 1
19 29 1
19 30 2
19 31 3
19 35 1
19 36 1
19 37 1
19 38 1
19 39 2
19 42 1
19 43 1
19 44 1
19 45 1
19 46 1
19 49 1
19 50 1
19 51 3
19 54 3
19 55 3
19 56 2
19 66 1
19 67 1
19 68 3
19 69 2
19 72 1
19 73 1
19 74 2
19 75 3
19 76 2
19 79 1
19 80 1
19 81 1
19 82 2
19 83 2
19 86 1
19 87 3
19 88 2
19 89 2
19 90 3
19 93 1
19 94 1
19 95 1
19 96 3
19 97 3
19 100 1
19 101 2
19 102 2
19 103 3
19 104 2
19 107 1
19 108 1
19 109 2
19 110 2
19 111 3
19 114 1
19 115 1
19 116 1
19 117 3
19 118 3
19 121 1
19 122 1
19 123 1
19 126 1
19 127 1
19 128 1
19 129 2
19 130 2
19 133 1
19 134 1
19 135 1
19 136 1
19 137 1
19 148 1
19 149 1
19 150 1
19 151 1
19 154 1
19 155 2
19 156 2
19 157 2
19 158 3
19 161 1
19 162 3
19 163 3
19 166 1
19 167 1
19 168 1
19 169 1
19 170 1
19 173 1
19 174 1
19 175 1
19 176 1
19 177 1
19 181 1
14 0 2
14 3 2
14 4 2
14 5 2
14 6 3
14 7 2
14 12 2
14 13 2
14 14 3
14 15 2
14 18 0
14 19 1
14 20 0
14 21 0
14 22 2
14 26 3
14 27 2
14 28 2
14 29 5
14 30 5
14 33 2
14 34 3
14 35 2
14 36 2
14 37 5
14 42 5
14 43 5
14 44 5
14 45 4
14 46 5
14 49 2
14 50 2
14 51 2
14 52 2
14 53 2
14 57 2
14 58 2
14 59 2
14 60 2
14 64 3
14 65 2
14 66 3
14 67 3
14 68 3
14 71 0
14 72 0
14 73 2
14 74 2
14 77 0
14 78 5
14 79 4
14 80 4
14 81 4
14 85 1
14 86 3
14 87 2
14 88 3
14 91 5
14 92 5
14 93 5
14 94 5
14 95 4
14 98 0
14 99 1
14 100 3
14 101 3
14 102 3
14 107 3
14 108 3
14 109 2
14 110 3
14 111 2
14 114 3
14 115 2
14 116 3
14 117 3
14 118 2
14 121 2
14 122 2
14 123 3
14 124 2
14 125 2
14 128 3
14 129 2
14 130 3
14 135 2
14 136 2
14 137 2
14 140 1
14 141 5
14 142 4
14 143 4
14 144 4
14 150 2
14 151 2
14 152 2
14 153 2
14 154 3
14 157 0
14 158 0
14 159 3
14 160 5
14 161 5
14 164 3
14 165 3
14 168 2
14 169 2
14 172 3
14 173 3
14 174 3
14 175 2
14 176 2
14 179 3
14 180 2
14 181 2
17 0 4
17 3 0
17 4 0
17 7 0
17 8 0
17 9 0
17 10 4
17 11 4
17 14 2
17 15 2
17 16 2
17 17 2
17 18 2
17 21 0
17 22 2
17 23 2
17 24 2
17 25 4
17 28 0
17 29 2
17 30 2
17 31 4
17 32 4
17 35 0
17 36 2
17 37 2
17 38 4
17 39 4
17 42 0
17 43 2
17 44 2
17 45 2
17 46 2
17 49 0
17 50 1
17 51 1
17 52 2
17 53 2
17 56 0
17 57 2
17 58 4
17 59 4
17 60 4
17 63 2
17 64 2
17 67 2
17 68 2
17 69 2
17 70 2
17 71 2
17 74 2
17 75 2
17 76 4
17 77 4
17 78 4
17 81 2
17 82 2
17 83 2
17 84 4
17 85 4
17 88 0
17 89 1
17 90 0
17 91 0
17 92 0
17 95 2
17 96 2
17 97 2
17 98 4
17 99 4
17 103 1
17 104 0
17 105 2
17 106 2
17 107 4
17 113 0
17 114 2
17 117 2
17 118 2
17 119 4
17 120 4
17 123 0
17 124 1
17 125 1
17 126 2
17 134 2
17 135 2
17 136 2
17 137 2
17 138 4
17 141 2
17 142 4
17 143 4
17 144 4
17 147 0
17 148 2
17 149 2
17 152 1
17 153 1
17 154 2
17 155 2
17 156 2
17 159 2
17 160 2
17 161 2
17 162 2
17 166 4
17 167 4
17 168 4
17 169 4
17 177 2
17 178 2
17 179 2
17 180 2
17 181 4
16 0 0
16 1 0
16 2 0
16 3 0
16 4 0
16 7 0
16 8 0
16 9 0
16 10 0
16 11 2
16 14 0
16 15 1
16 16 2
16 17 5
16 18 5
16 21 3
16 22 5
16 23 5
16 24 5
16 25 5
16 28 0
16 29 0
16 30 0
16 31 5
16 32 5
16 35 1
16 36 5
16 37 5
16 38 5
16 39 5
16 42 0
16 43 0
16 44 2
16 47 2
16 48 3
16 49 2
16 52 0
16 53 3
16 54 5
16 55 5
16 56 5
16 59 0
16 60 0
16 61 2
16 62 2
16 65 2
16 66 2
16 67 2
16 68 3
16 69 3
16 74 0
16 75 2
16 76 2
16 77 3
16 78 3
16 81 0
16 82 0
16 83 2
16 86 0
16 87 0
16 88 3
16 91 0
16 92 0
16 93 0
16 94 0
16 109 0
16 110 2
16 113 2
16 114 5
16 115 5
16 116 5
16 119 2
16 120 3
16 121 2
16 122 3
16 123 3
16 126 3
16 127 2
16 128 2
16 129 2
16 130 5
16 133 0
16 134 0
16 135 3
16 136 3
16 137 2
16 140 0
16 141 0
16 145 2
16 146 2
16 147 2
16 148 5
16 149 5
16 152 1
16 153 1
16 156 2
16 157 2
16 158 2
16 159 5
16 160 5
16 163 0
16 164 0
16 165 0
16 166 3
16 167 3
16 170 0
16 171 1
16 172 0
16 173 3
16 174 2
16 177 0
16 178 0
16 179 0
16 180 3
16 181 2
6 0 0
6 1 0
6 2 0
6 3 0
6 4 0
6 7 0
6 8 0
6 9 0
6 10 0
6 11 0
6 14 0
6 15 0
6 16 0
6 17 0
6 18 0
6 28 0
6 29 0
6 30 0
6 31 0
6 32 0
6 35 0
6 36 0
6 37 0
6 38 0
6 39 0
6 42 0
6 43 0
6 44 0
6 45 0
6 46 0
6 49 0
6 50 0
6 51 0
6 52 0
6 53 0
6 56 0
6 57 0
6 58 0
6 59 0
6 60 0
6 63 0
6 64 0
6 65 0
6 66 0
6 67 0
6 70 0
6 71 0
6 72 0
6 73 0
6 74 0
6 77 0
6 78 0
6 79 0
6 80 0
6 81 0
6 84 0
6 85 0
6 86 0
6 87 0
6 88 0
6 91 0
6 92 0
6 93 0
6 94 0
6 95 0
6 98 0
6 99 0
6 100 0
6 101 0
6 102 0
6 105 0
6 106 0
6 107 0
6 108 0
6 112 0
6 113 0
6 114 0
6 115 0
6 116 0
6 128 0
6 129 0
6 130 0
6 131 0
6 134 0
6 135 0
6 136 0
6 137 0
6 138 0
6 141 0
6 142 0
6 143 0
6 144 0
6 145 0
6 148 0
6 149 0
6 150 0
6 151 0
6 152 0
6 155 0
6 156 0
6 157 0
6 158 0
6 159 0
6 162 0
6 163 0
6 164 0
6 165 0
6 166 0
6 169 0
6 170 0
6 171 0
6 172 0
6 175 0
6 176 0
6 177 0
6 180 0
6 181 0
3 0 2
3 1 2
3 2 2
3 3 2
3 4 2
3 7 1
3 8 3
3 9 4
3 10 5
3 18 2
3 19 2
3 20 3
3 21 2
3 22 3
3 25 2
3 26 5
3 27 5
3 28 5
3 31 1
3 32 1
3 35 1
3 36 1
3 37 2
3 38 2
3 39 3
3 42 2
3 43 2
3 44 2
3 45 2
3 46 2
3 56 1
3 57 3
3 58 2
3 59 2
3 60 2
3 63 1
3 64 2
3 65 2
3 66 3
3 67 2
3 70 1
3 71 3
3 74 1
3 75 1
3 76 3
3 77 3
3 80 1
3 81 2
3 84 1
3 85 1
3 88 1
3 89 3
3 90 2
3 91 2
3 92 3
3 95 1
3 96 1
3 97 1
3 98 2
3 99 2
3 102 3
3 103 2
3 104 3
3 105 3
3 106 3
3 109 1
3 110 1
3 111 2
3 112 2
3 113 2
3 116 2
3 117 2
3 118 2
3 119 5
3 122 1
3 123 3
3 124 3
3 125 2
3 129 1
3 130 3
3 131 2
3 132 3
3 133 5
3 136 1
3 137 2
3 140 2
3 141 5
3 142 5
3 143 5
3 144 4
3 147 1
3 148 3
3 149 3
3 150 3
3 151 3
3 154 1
3 155 1
3 156 1
3 157 1
3 158 4
3 163 3
3 164 3
3 165 3
3 166 2
3 167 2
3 170 2
3 171 2
3 172 5
3 173 5
3 174 5
3 177 1
3 178 1
3 179 1
3 180 4
3 181 4
24 0 3
24 1 3
24 2 3
24 3 3
24 7 3
24 8 3
24 9 3
24 10 3
24 11 3
24 14 3
24 15 3
24 16 3
24 17 3
24 18 3
24 19 3
24 22 3
24 23 3
24 24 3
24 25 3
24 26 3
24 27 3
24 30 5
24 31 5
24 35 3
24 36 3
24 37 3
24 38 3
24 39 3
24 42 3
24 43 3
24 44 3
24 45 3
24 46 3
24 47 3
24 58 3
24 59 3
24 60 3
24 61 3
24 66 3
24 67 3
24 68 3
24 69 3
24 70 3
24 71 3
24 74 3
24 75 3
24 76 3
24 77 3
24 78 3
24 82 3
24 83 5
24 84 5
24 85 5
24 86 5
24 87 5
24 92 3
24 93 3
24 94 3
24 95 3
24 96 3
24 97 3
24 100 3
24 101 3
24 106 3
24 107 3
24 108 5
24 109 5
24 110 5
24 111 5
24 115 3
24 116 3
24 117 3
24 118 3
24 119 3
24 120 3
24 123 3
24 124 3
24 125 5
24 126 5
24 127 5
24 128 5
24 131 3
24 132 3
24 133 3
24 134 3
24 135 3
24 136 3
24 141 3
24 142 3
24 143 3
24 144 5
24 145 5
24 148 3
24 149 3
24 150 3
24 151 5
24 154 3
24 155 3
24 156 3
24 157 3
24 158 3
24 161 3
24 162 3
24 163 3
24 164 3
24 165 3
24 168 3
24 169 3
24 170 3
24 171 3
24 172 3
24 175 3
24 176 3
24 177 3
24 178 5
37 0 0
37 1 1
37 4 2
37 5 2
37 6 2
37 9 2
37 10 2
37 11 2
37 12 2
37 13 2
37 17 0
37 18 0
37 19 2
37 20 2
37 21 2
37 24 2
37 25 2
37 26 2
37 27 2
37 28 2
37 31 0
37 32 0
37 33 2
37 34 2
37 35 2
37 38 2
37 39 2
37 40 2
37 41 2
37 42 2
37 45 0
37 46 0
37 47 1
37 48 2
37 51 1
37 52 0
37 53 2
37 57 2
37 58 5
37 59 5
37 63 2
37 64 2
37 65 2
37 66 2
37 67 2
37 70 5
37 71 5
37 72 5
37 73 5
37 74 5
37 77 2
37 78 2
37 79 2
37 80 5
37 81 5
37 86 0
37 87 0
37 88 0
37 89 2
37 90 2
37 93 0
37 94 2
37 95 2
37 98 0
37 99 5
37 100 5
37 101 5
37 102 5
37 105 0
37 106 5
37 107 5
37 110 2
37 111 2
37 112 2
37 113 5
37 124 2
37 125 2
37 126 2
37 127 2
37 128 2
37 138 1
37 139 2
37 140 5
37 141 5
37 142 5
37 147 1
37 148 1
37 149 1
37 152 2
37 153 2
37 154 2
37 155 2
37 158 5
37 159 5
37 160 5
37 163 2
37 164 2
37 165 2
37 168 0
37 169 0
37 170 5
37 171 5
37 172 5
37 175 5
37 176 5
37 177 5
37 178 5
37 179 5
31 0 4
31 1 4
31 2 4
31 3 4
31 4 4
31 7 0
31 8 3
31 9 2
31 12 2
31 13 2
31 14 2
31 15 2
31 18 2
31 19 3
31 20 3
31 21 2
31 22 2
31 29 2
31 30 3
31 31 2
31 32 3
31 35 3
31 36 3
31 37 2
31 38 3
31 39 2
31 42 0
31 43 0
31 44 3
31 45 2
31 46 2
31 50 0
31 51 3
31 52 3
31 53 3
31 58 0
31 59 2
31 60 3
31 61 2
31 62 2
31 63 4
31 66 0
31 67 0
31 68 0
31 69 0
31 70 0
31 71 4
31 74 0
31 75 2
31 76 3
31 77 3
31 78 3
31 79 3
31 82 1
31 83 0
31 84 2
31 85 3
31 86 4
31 87 4
31 92 0
31 93 2
31 94 3
31 95 3
31 98 2
31 99 3
31 100 3
31 105 0
31 106 0
31 107 2
31 108 3
31 109 4
31 110 4
31 113 1
31 114 4
31 115 4
31 116 4
31 117 4
31 118 4
31 121 0
31 122 2
31 123 2
31 124 2
31 125 3
31 128 0
31 129 3
31 130 3
31 131 3
31 132 4
31 135 3
31 136 3
31 137 3
31 140 1
31 141 1
31 142 3
31 143 2
31 144 3
31 150 3
31 151 3
31 152 2
31 153 3
31 154 2
31 162 0
31 163 2
31 164 2
31 165 3
31 169 1
31 170 1
31 171 1
31 172 1
31 173 2
31 174 3
31 178 2
31 179 2
31 180 2
31 181 3
40 0 5
40 1 5
40 2 5
40 3 5
40 4 5
40 12 2
40 13 5
40 14 5
40 15 4
40 18 3
40 19 2
40 20 2
40 26 3
40 27 3
40 33 0
40 34 0
40 49 3
40 50 3
40 54 2
40 55 2
40 56 3
40 57 5
40 58 5
40 68 2
40 69 2
40 70 2
40 71 2
40 72 2
40 81 3
40 82 4
40 83 4
40 94 0
40 95 3
40 96 3
40 97 5
40 98 4
40 103 2
40 104 2
40 113 0
40 114 5
40 117 0
40 118 0
40 119 2
40 124 3
40 125 2
40 132 0
40 133 3
40 134 3
40 135 4
40 136 4
40 142 3
40 143 3
40 144 3
40 145 3
40 146 2
40 155 3
40 156 5
40 163 0
40 164 3
40 170 5
40 171 5
40 172 5
8 0 3
8 1 2
8 2 2
8 3 2
8 4 3
8 7 2
8 8 2
8 9 3
8 10 3
8 11 3
8 14 0
8 15 4
8 16 5
8 17 4
8 18 4
8 21 0
8 22 3
8 23 2
8 24 2
8 25 3
8 28 2
8 29 2
8 30 2
8 31 2
8 32 2
8 38 4
8 39 4
8 40 4
8 41 4
8 42 4
8 45 0
8 46 0
8 47 2
8 48 5
8 60 3
8 61 2
8 62 2
8 65 3
8 66 3
8 67 4
8 70 0
8 71 3
8 72 2
8 73 5
8 74 4
8 77 0
8 78 0
8 79 1
8 80 5
8 81 5
8 84 0
8 85 0
8 86 0
8 87 5
8 91 0
8 92 1
8 93 5
8 94 5
8 95 5
8 98 0
8 99 2
8 100 4
8 103 2
8 104 2
8 105 3
8 106 2
8 107 2
8 110 2
8 111 3
8 112 3
8 113 3
8 114 3
8 117 2
8 118 2
8 119 3
8 120 3
8 123 0
8 124 2
8 125 3
8 126 3
8 129 0
8 130 0
8 131 0
8 132 0
8 133 3
8 136 2
8 137 2
8 138 2
8 139 3
8 140 3
8 143 2
8 144 3
8 145 3
8 146 2
8 149 2
8 150 3
8 151 3
8 154 0
8 155 3
8 156 3
8 157 5
8 158 5
8 165 2
8 166 3
8 167 2
8 170 3
8 171 2
8 172 3
8 173 3
8 174 2
8 177 2
8 178 2
8 179 2
8 180 2
8 181 2
43 2 3
43 3 3
43 4 3
43 5 3
43 6 3
43 12 1
43 13 0
43 18 3
43 19 3
43 20 3
43 32 3
43 33 3
43 46 3
43 47 3
43 48 3
43 51 3
43 52 3
43 53 3
43 56 3
43 57 3
43 60 3
43 61 3
43 62 3
43 74 1
43 75 1
43 76 1
43 77 3
43 84 3
43 85 3
43 86 3
43 87 3
43 92 3
43 93 3
43 94 3
43 95 3
43 102 1
43 103 3
43 104 3
43 108 1
43 109 3
43 110 3
43 111 3
43 112 3
43 120 3
43 121 3
43 122 3
43 123 3
43 131 3
43 132 3
43 133 3
43 134 3
43 137 3
43 138 3
43 139 3
43 140 3
43 145 3
43 146 3
43 147 3
43 148 3
43 149 3
43 152 3
43 153 3
43 161 3
43 162 3
48 2 3
48 3 3
48 4 3
48 9 4
48 10 4
48 11 4
48 15 3
48 16 2
48 33 2
48 34 2
48 38 2
48 42 5
48 45 4
48 46 4
48 50 3
48 57 3
48 64 1
48 65 3
48 70 2
48 73 3
48 77 3
48 78 5
48 79 4
48 82 2
48 83 2
48 86 2
48 87 2
48 88 4
48 99 3
48 103 4
48 104 4
48 105 4
48 108 2
48 113 2
48 114 2
48 115 3
48 122 3
48 125 3
48 131 2
48 132 2
48 133 4
48 137 3
48 138 3
48 139 3
48 145 3
48 146 2
48 147 3
48 152 3
48 153 3
48 154 3
48 159 3
48 160 2
48 163 1
48 164 1
48 170 2
48 171 2
48 172 3
48 176 3
46 5 4
46 6 4
46 10 2
46 11 5
46 15 2
46 16 2
46 17 2
46 21 0
46 26 1
46 27 0
46 30 0
46 36 4
46 40 5
46 41 5
46 45 0
46 46 0
46 47 2
46 54 4
46 57 5
46 63 4
46 64 5
46 65 5
46 68 0
46 69 0
46 70 2
46 77 2
46 78 2
46 79 2
46 95 0
46 101 5
46 106 4
46 109 0
46 112 4
46 113 4
46 121 5
46 122 5
46 123 5
46 126 0
46 133 1
46 134 0
46 138 2
46 139 2
46 145 0
46 146 0
46 147 0
46 157 0
46 158 0
46 163 5
46 164 4
46 169 2
46 172 2
46 173 2
46 174 2
46 177 0
46 178 0
46 179 0
5 0 1
5 1 1
5 2 1
5 3 3
5 4 3
5 7 1
5 8 1
5 9 1
5 12 3
5 13 3
5 14 3
5 15 3
5 16 3
5 19 1
5 20 1
5 21 1
5 22 4
5 25 1
5 26 1
5 27 3
5 30 1
5 31 1
5 32 1
5 33 3
5 34 4
5 40 3
5 41 3
5 42 3
5 43 4
5 44 4
5 47 1
5 48 1
5 51 1
5 52 1
5 53 1
5 54 1
5 55 1
5 58 1
5 59 1
5 60 1
5 66 1
5 67 1
5 68 1
5 69 4
5 72 1
5 73 3
5 74 3
5 77 1
5 78 1
5 79 3
5 80 3
5 81 3
5 84 1
5 85 3
5 86 3
5 87 3
5 88 3
5 91 4
5 92 4
5 93 4
5 96 3
5 97 3
5 98 3
5 101 3
5 102 3
5 105 1
5 106 4
5 107 4
5 108 4
5 109 4
5 112 3
5 113 3
5 114 3
5 115 3
5 116 3
5 119 1
5 120 1
5 121 1
5 122 1
5 123 1
5 126 1
5 127 1
5 128 1
5 129 3
5 130 3
5 136 3
5 137 3
5 138 3
5 139 3
5 140 3
5 143 1
5 144 1
5 145 4
5 146 4
5 147 4
5 150 1
5 151 1
5 152 4
5 153 4
5 154 4
5 157 1
5 158 3
5 161 1
5 162 1
5 163 4
5 164 4
5 165 4
5 168 1
5 169 1
5 170 1
5 173 3
5 174 3
5 175 4
5 176 4
5 177 4
39 0 0
39 3 0
39 4 2
39 5 2
39 6 2
39 9 0
39 10 0
39 11 0
39 14 2
39 15 5
39 16 4
39 19 2
39 20 2
39 21 2
39 22 2
39 23 2
39 30 0
39 31 0
39 32 0
39 33 0
39 34 0
39 37 4
39 38 5
39 39 4
39 42 0
39 43 0
39 44 0
39 45 5
39 56 0
39 57 2
39 58 2
39 59 2
39 63 0
39 64 0
39 65 0
39 66 0
39 67 0
39 72 4
39 73 4
39 74 5
39 75 5
39 76 5
39 81 5
39 82 5
39 83 5
39 84 5
39 85 4
39 88 0
39 89 4
39 90 4
39 91 4
39 92 5
39 96 2
39 97 2
39 98 2
39 99 2
39 100 2
39 103 2
39 104 2
39 105 2
39 106 2
39 107 5
39 110 2
39 111 2
39 112 2
39 113 4
39 114 4
39 117 2
39 118 2
39 119 5
39 122 4
39 123 4
39 124 4
39 125 4
39 126 5
39 129 2
39 130 2
39 131 2
39 132 2
39 133 4
39 136 0
39 137 0
39 138 2
39 139 2
39 142 0
39 143 0
39 144 0
39 147 2
39 148 5
39 149 5
39 150 5
39 151 4
39 154 0
39 155 0
39 156 0
39 157 0
39 158 2
39 161 0
39 162 0
39 163 0
39 168 0
39 169 0
39 170 0
39 171 0
39 176 5
39 177 4
39 178 4
39 179 5
45 0 3
45 5 2
45 6 2
45 12 3
45 13 2
45 14 2
45 21 3
45 22 4
45 23 4
45 33 3
45 34 3
45 38 2
45 45 3
45 56 2
45 57 2
45 58 2
45 63 3
45 64 3
45 65 2
45 68 2
45 69 3
45 72 3
45 73 3
45 74 3
45 77 2
45 78 2
45 81 2
45 86 0
45 87 0
45 88 0
45 92 3
45 101 2
45 102 3
45 107 3
45 110 2
45 111 2
45 114 2
45 117 2
45 118 2
45 119 2
45 123 3
45 124 2
45 125 3
45 129 3
45 133 1
45 134 3
45 141 4
45 142 4
45 143 4
45 148 3
45 151 2
45 152 2
45 153 2
45 160 3
45 161 3
45 162 3
45 168 2
45 169 2
44 11 2
44 12 3
44 13 3
44 19 3
44 20 2
44 23 0
44 24 0
44 25 0
44 26 3
44 27 3
44 36 2
44 37 3
44 38 3
44 42 0
44 43 0
44 44 3
44 45 3
44 49 3
44 50 3
44 51 2
44 61 0
44 62 1
44 63 2
44 68 3
44 69 3
44 70 3
44 71 2
44 77 0
44 78 0
44 79 3
44 80 2
44 81 2
44 88 2
44 89 2
44 90 2
44 91 2
44 92 2
44 104 0
44 105 3
44 106 3
44 107 2
44 110 3
44 111 3
44 112 2
44 124 2
44 125 3
44 131 0
44 132 1
44 147 2
44 148 2
44 149 2
44 150 2
44 159 2
44 160 2
44 161 3
44 166 2
44 167 2
44 171 3
44 172 2
44 176 3
44 177 2
44 178 3
44 181 3
35 1 1
35 2 1
35 3 1
35 7 1
35 8 1
35 9 1
35 12 1
35 13 1
35 14 3
35 15 3
35 18 3
35 19 3
35 20 3
35 21 3
35 24 3
35 25 3
35 26 3
35 27 3
35 28 3
35 33 1
35 34 3
35 35 3
35 36 5
35 37 5
35 40 1
35 41 1
35 42 3
35 43 3
35 44 3
35 57 1
35 58 1
35 59 1
35 60 1
35 63 3
35 64 3
35 65 3
35 66 3
35 67 5
35 70 1
35 71 1
35 72 3
35 75 3
35 76 3
35 77 5
35 78 5
35 79 5
35 82 3
35 83 3
35 84 3
35 85 5
35 86 5
35 89 3
35 90 3
35 91 3
35 92 3
35 95 3
35 96 3
35 97 3
35 98 5
35 103 3
35 104 3
35 105 3
35 108 1
35 109 1
35 110 5
35 111 5
35 114 5
35 115 5
35 116 5
35 117 5
35 118 5
35 121 3
35 122 3
35 123 3
35 126 1
35 127 3
35 128 3
35 129 3
35 130 3
35 133 3
35 134 3
35 135 3
35 136 3
35 137 3
35 140 1
35 141 5
35 142 5
35 143 5
35 144 5
35 147 1
35 148 3
35 149 3
35 150 3
35 151 3
35 157 1
35 158 3
35 159 3
35 160 3
35 163 3
35 164 3
35 165 3
35 169 3
35 170 3
35 171 3
35 172 3
35 176 3
35 177 3
35 178 5
30 0 2
30 1 2
30 2 2
30 3 2
30 4 2
30 8 3
30 9 3
30 10 2
30 11 3
30 12 2
30 13 3
30 19 1
30 20 2
30 21 2
30 22 2
30 23 3
30 26 4
30 27 4
30 28 4
30 29 4
30 30 4
30 33 1
30 34 1
30 35 2
30 36 2
30 37 3
30 38 4
30 43 3
30 44 3
30 45 3
30 46 3
30 47 2
30 48 2
30 51 2
30 52 3
30 53 3
30 56 3
30 57 2
30 61 1
30 62 2
30 63 2
30 64 2
30 65 2
30 66 2
30 71 1
30 72 2
30 73 2
30 74 4
30 77 1
30 78 3
30 79 2
30 80 2
30 81 3
30 84 1
30 85 2
30 86 2
30 87 2
30 88 2
30 91 2
30 92 5
30 93 5
30 94 5
30 95 4
30 98 3
30 99 3
30 100 2
30 101 2
30 102 2
30 106 1
30 107 3
30 108 2
30 109 2
30 110 3
30 111 4
30 114 3
30 115 3
30 116 3
30 117 3
30 118 3
30 119 2
30 122 3
30 123 3
30 126 2
30 127 3
30 128 3
30 142 1
30 143 3
30 144 3
30 145 5
30 146 4
30 147 4
30 150 1
30 151 1
30 152 2
30 153 3
30 154 3
30 155 3
30 158 2
30 159 3
30 160 2
30 161 2
30 162 2
30 163 2
30 166 2
30 167 2
30 168 5
30 169 4
30 170 4
30 171 4
30 176 1
30 177 1
30 178 3
30 179 3
30 180 3
30 181 2
32 1 1
32 2 1
32 3 1
32 4 1
32 5 5
32 6 4
32 9 1
32 10 3
32 11 2
32 12 5
32 13 5
32 14 4
32 17 3
32 18 3
32 19 4
32 20 4
32 21 5
32 28 2
32 29 2
32 30 2
32 31 2
32 32 2
32 33 5
32 36 1
32 37 1
32 38 1
32 39 1
32 40 2
32 41 2
32 44 1
32 45 1
32 46 3
32 49 2
32 50 2
32 51 2
32 52 2
32 53 4
32 57 5
32 58 4
32 59 4
32 60 4
32 63 3
32 64 3
32 65 4
32 77 3
32 78 3
32 79 3
32 80 3
32 81 2
32 82 2
32 86 1
32 87 1
32 88 1
32 89 2
32 90 2
32 93 1
32 94 2
32 95 2
32 96 2
32 97 2
32 100 1
32 101 1
32 102 1
32 103 2
32 104 3
32 105 2
32 108 2
32 109 2
32 112 2
32 113 2
32 114 2
32 115 3
32 116 2
32 119 2
32 120 2
32 121 2
32 122 2
32 126 2
32 127 3
32 128 3
32 129 3
32 134 2
32 135 3
32 136 2
32 137 3
32 138 4
32 139 4
32 142 1
32 143 1
32 144 2
32 145 2
32 146 3
32 149 1
32 150 1
32 151 2
32 152 3
32 153 2
32 154 5
32 157 2
32 158 3
32 159 2
32 160 3
32 161 2
32 164 2
32 165 2
32 168 2
32 169 2
32 170 3
32 171 3
32 172 3
32 175 3
32 176 2
32 177 2
32 178 2
32 179 2
10 0 0
10 1 0
10 2 3
10 5 1
10 6 0
10 7 0
10 8 0
10 9 0
10 14 3
10 15 3
10 16 2
10 17 3
10 18 4
10 21 0
10 22 0
10 23 5
10 26 2
10 27 3
10 28 3
10 29 3
10 30 5
10 33 2
10 34 2
10 35 2
10 36 3
10 37 4
10 40 2
10 41 2
10 42 3
10 43 2
10 44 3
10 47 2
10 48 2
10 49 5
10 50 4
10 53 2
10 54 2
10 55 2
10 56 4
10 57 4
10 60 3
10 61 2
10 62 3
10 65 1
10 66 1
10 67 3
10 70 5
10 71 5
10 72 4
10 73 4
10 74 5
10 77 2
10 78 5
10 79 4
10 80 4
10 81 4
10 85 0
10 86 0
10 87 0
10 88 3
10 89 4
10 92 2
10 93 3
10 94 3
10 95 5
10 98 1
10 99 3
10 100 3
10 101 3
10 102 3
10 105 0
10 106 2
10 107 3
10 108 3
10 109 2
10 112 3
10 113 3
10 116 2
10 117 2
10 118 2
10 119 2
10 120 2
10 133 0
10 134 3
10 135 2
10 136 4
10 137 5
10 140 1
10 141 1
10 142 3
10 143 2
10 144 3
10 147 2
10 148 2
10 149 2
10 150 2
10 153 1
10 154 1
10 155 1
10 156 1
10 157 3
10 161 1
10 162 5
10 166 2
10 167 2
10 168 3
10 169 3
10 170 3
10 173 1
10 174 0
10 175 4
10 178 3
10 179 2
10 180 5
10 181 5
23 0 5
23 1 5
23 2 5
23 3 5
23 4 5
23 7 2
23 8 2
23 9 2
23 10 5
23 23 0
23 24 0
23 25 0
23 26 3
23 27 3
23 30 0
23 31 2
23 35 2
23 36 2
23 37 2
23 40 2
23 41 2
23 42 2
23 43 2
23 44 2
23 45 5
23 49 3
23 50 3
23 53 0
23 54 2
23 55 3
23 56 2
23 57 3
23 60 2
23 61 2
23 62 4
23 63 5
23 68 3
23 69 2
23 70 2
23 71 2
23 72 3
23 73 2
23 78 0
23 79 3
23 80 3
23 81 3
23 82 3
23 83 2
23 86 2
23 87 2
23 88 2
23 89 2
23 90 2
23 93 2
23 94 2
23 95 2
23 98 2
23 99 2
23 100 2
23 101 4
23 102 4
23 105 0
23 106 0
23 107 0
23 108 3
23 112 2
23 113 2
23 114 5
23 115 5
23 116 5
23 119 0
23 120 2
23 121 3
23 122 2
23 123 2
23 126 3
23 127 3
23 128 3
23 129 3
23 130 4
23 133 0
23 134 2
23 135 2
23 136 2
23 137 2
23 140 0
23 141 2
23 144 2
23 145 2
23 146 3
23 147 3
23 148 3
23 149 3
23 152 2
23 153 2
23 154 2
23 157 0
23 158 0
23 159 3
23 160 3
23 161 2
23 162 2
23 165 3
23 166 2
23 167 2
23 168 2
23 169 3
23 170 3
23 173 2
23 174 2
23 175 2
23 176 2
23 177 2
23 180 3
23 181 3
12 0 0
12 1 0
12 2 0
12 3 0
12 4 0
12 8 0
12 9 0
12 10 0
12 11 0
12 12 0
12 15 0
12 16 0
12 17 0
12 18 0
12 21 4
12 22 4
12 23 4
12 24 5
12 25 4
12 28 4
12 29 4
12 32 0
12 33 0
12 34 4
12 35 5
12 36 5
12 39 0
12 40 0
12 41 0
12 42 4
12 55 0
12 56 0
12 57 0
12 58 0
12 59 0
12 62 0
12 63 5
12 64 4
12 65 4
12 66 4
12 70 0
12 71 0
12 72 0
12 73 0
12 74 0
12 77 5
12 78 5
12 79 4
12 80 4
12 81 4
12 84 0
12 85 4
12 86 4
12 87 4
12 90 0
12 91 5
12 92 4
12 93 4
12 96 0
12 97 0
12 98 5
12 101 0
12 102 0
12 103 0
12 104 0
12 109 0
12 110 0
12 111 0
12 112 0
12 115 0
12 116 0
12 119 0
12 120 0
12 121 0
12 122 0
12 123 0
12 126 0
12 127 0
12 128 4
12 129 4
12 130 4
12 133 0
12 134 0
12 135 4
12 136 4
12 137 4
12 140 5
12 141 5
12 142 5
12 143 4
12 144 4
12 147 0
12 148 0
12 149 4
12 150 4
12 151 4
12 154 4
12 155 4
12 156 4
12 157 4
12 160 0
12 161 0
12 165 0
12 166 0
12 167 0
12 168 0
12 169 0
12 172 0
12 173 0
12 174 0
12 175 0
12 176 0
12 179 0
12 180 0
12 181 0
22 0 0
22 1 0
22 2 0
22 3 0
22 4 0
22 8 0
22 9 0
22 10 0
22 11 0
22 12 4
22 13 4
22 16 0
22 17 4
22 18 5
22 19 5
22 20 5
22 21 4
22 24 4
22 25 5
22 26 5
22 27 4
22 28 5
22 29 4
22 33 4
22 34 4
22 37 0
22 38 0
22 39 0
22 40 4
22 41 5
22 44 5
22 45 4
22 46 5
22 49 0
22 50 0
22 51 4
22 52 4
22 53 5
22 56 4
22 57 4
22 63 5
22 64 4
22 65 4
22 66 4
22 67 4
22 68 4
22 71 0
22 72 0
22 73 0
22 74 0
22 81 5
22 82 5
22 83 5
22 84 5
22 85 4
22 86 4
22 89 0
22 90 0
22 91 0
22 92 1
22 93 5
22 96 4
22 97 4
22 98 5
22 99 4
22 100 5
22 101 5
22 104 1
22 105 4
22 106 4
22 107 4
22 108 4
22 111 1
22 112 1
22 113 4
22 114 4
22 115 5
22 116 4
22 119 4
22 120 4
22 121 5
22 122 4
22 123 4
22 126 0
22 127 0
22 128 1
22 129 4
22 130 4
22 134 1
22 135 0
22 136 0
22 137 0
22 138 1
22 139 0
22 154 0
22 155 0
22 156 0
22 157 1
22 158 1
22 161 4
22 162 4
22 163 5
22 164 4
22 165 4
22 168 0
22 169 0
22 170 0
22 171 0
22 172 4
22 176 1
22 177 1
22 178 1
22 179 1
22 180 1
22 181 1
11 0 0
11 1 0
11 2 0
11 3 0
11 4 0
11 7 0
11 8 0
11 9 0
11 12 3
11 13 3
11 16 0
11 17 1
11 18 1
11 19 3
11 20 3
11 23 0
11 24 0
11 25 0
11 28 1
11 29 1
11 30 1
11 31 1
11 32 1
11 35 0
11 36 3
11 37 3
11 38 3
11 39 3
11 42 0
11 43 0
11 44 0
11 45 0
11 46 0
11 49 5
11 50 5
11 51 5
11 52 5
11 53 5
11 56 0
11 57 0
11 58 0
11 59 3
11 60 5
11 63 0
11 64 0
11 65 0
11 82 0
11 83 3
11 84 3
11 87 1
11 88 0
11 89 3
11 90 3
11 91 3
11 95 3
11 96 3
11 97 3
11 98 3
11 99 5
11 102 0
11 103 1
11 104 1
11 105 0
11 106 1
11 109 0
11 110 0
11 111 1
11 112 1
11 113 1
11 116 0
11 117 3
11 118 3
11 119 3
11 122 0
11 123 0
11 124 3
11 125 3
11 128 0
11 129 0
11 130 0
11 131 5
11 132 5
11 135 0
11 136 0
11 137 0
11 138 1
11 139 1
11 142 5
11 143 5
11 144 5
11 145 5
11 146 5
11 149 0
11 150 0
11 151 5
11 152 5
11 153 5
11 156 0
11 157 0
11 158 0
11 161 0
11 162 0
11 163 0
11 164 0
11 165 0
11 168 0
11 169 0
11 170 0
11 171 0
11 172 0
11 175 0
11 176 5
11 177 5
11 178 5
11 179 5
47 5 2
47 6 2
47 7 3
47 10 2
47 15 4
47 18 3
47 21 4
47 25 2
47 26 2
47 27 2
47 30 2
47 33 2
47 34 2
47 38 2
47 39 2
47 44 2
47 45 2
47 46 2
47 49 2
47 50 4
47 54 3
47 55 3
47 56 2
47 65 1
47 70 4
47 71 4
47 72 4
47 85 2
47 94 3
47 95 2
47 99 2
47 100 3
47 106 2
47 113 3
47 120 2
47 123 2
47 124 3
47 125 2
47 128 2
47 129 2
47 130 2
47 134 2
47 138 3
47 139 2
47 140 3
47 144 2
47 145 3
47 152 3
47 153 2
47 158 2
47 165 4
47 170 0
47 175 3
47 176 2
47 179 3
47 180 2
47 181 3
42 1 1
42 2 3
42 5 3
42 6 3
42 12 3
42 13 3
42 14 3
42 15 3
42 19 3
42 20 3
42 23 4
42 24 4
42 25 4
42 30 3
42 31 3
42 37 3
42 38 3
42 46 3
42 47 3
42 48 3
42 52 3
42 53 4
42 61 3
42 62 3
42 68 3
42 69 3
42 70 3
42 75 3
42 76 3
42 81 1
42 82 1
42 83 1
42 84 1
42 85 3
42 89 3
42 90 3
42 91 3
42 92 3
42 93 3
42 96 1
42 97 1
42 103 3
42 104 4
42 124 3
42 125 3
42 128 4
42 129 4
42 133 4
42 134 4
42 140 3
42 141 3
42 147 3
42 148 4
42 149 4
42 150 4
42 156 3
42 157 3
42 158 3
42 159 3
42 160 3
42 164 3
42 165 3
42 176 3
42 177 3
1 0 0
1 1 3
1 2 3
1 3 3
1 4 5
1 7 1
1 8 1
1 9 1
1 10 1
1 11 1
1 14 3
1 15 5
1 21 1
1 22 0
1 23 1
1 24 1
1 25 1
1 28 3
1 29 3
1 30 3
1 31 3
1 32 3
1 35 3
1 36 3
1 37 3
1 38 3
1 42 0
1 43 3
1 44 3
1 45 3
1 46 3
1 49 3
1 50 3
1 51 3
1 54 3
1 55 3
1 56 3
1 57 3
1 58 3
1 61 3
1 62 3
1 69 1
1 70 1
1 73 3
1 74 3
1 75 3
1 76 4
1 77 4
1 80 0
1 81 0
1 82 0
1 83 3
1 84 3
1 87 0
1 88 0
1 89 5
1 90 5
1 95 4
1 96 4
1 97 4
1 98 4
1 101 4
1 102 5
1 105 0
1 106 3
1 107 3
1 108 3
1 109 5
1 115 0
1 116 3
1 119 3
1 120 5
1 121 4
1 122 4
1 123 4
1 126 3
1 127 5
1 128 5
1 129 5
1 130 5
1 133 3
1 134 3
1 135 3
1 136 3
1 137 4
1 140 3
1 141 3
1 142 5
1 145 3
1 146 3
1 147 3
1 148 3
1 149 4
1 152 3
1 153 3
1 154 3
1 155 3
1 156 3
1 159 0
1 160 0
1 161 3
1 162 3
1 165 0
1 166 3
1 167 3
1 168 3
1 169 3
1 172 3
1 173 3
1 174 5
1 177 0
1 178 0
1 179 0
1 180 3
1 181 3
29 0 1
29 1 2
29 4 4
29 5 4
29 6 4
29 7 4
29 8 4
29 9 4
29 12 1
29 13 1
29 14 4
29 15 4
29 16 4
29 17 4
29 21 3
29 22 3
29 23 2
29 24 2
29 25 2
29 28 2
29 29 2
29 30 2
29 31 2
29 32 2
29 35 3
29 36 3
29 37 3
29 40 1
29 41 1
29 42 4
29 45 1
29 46 1
29 50 4
29 51 4
29 52 4
29 53 4
29 54 4
29 55 4
29 59 3
29 60 3
29 61 3
29 62 3
29 63 3
29 64 2
29 67 1
29 68 1
29 69 1
29 70 3
29 71 2
29 74 1
29 75 4
29 76 4
29 77 4
29 78 4
29 79 4
29 84 1
29 85 3
29 86 3
29 87 3
29 88 3
29 91 2
29 92 2
29 93 3
29 94 3
29 95 3
29 98 3
29 99 2
29 100 3
29 101 2
29 102 2
29 105 1
29 106 2
29 107 2
29 108 2
29 109 4
29 112 2
29 113 2
29 114 2
29 115 2
29 130 1
29 131 1
29 132 2
29 135 1
29 136 1
29 137 1
29 138 3
29 139 2
29 140 2
29 143 1
29 144 1
29 145 2
29 146 2
29 149 2
29 150 2
29 151 4
29 152 4
29 153 4
29 154 4
29 158 1
29 159 2
29 160 2
29 161 3
29 164 1
29 165 1
29 168 1
29 169 2
29 170 2
29 171 2
29 172 2
29 175 1
29 176 1
29 177 1
29 178 1
29 179 1
29 180 1
13 0 0
13 1 0
13 2 0
13 3 0
13 4 0
13 7 2
13 8 2
13 9 2
13 10 2
13 11 2
13 14 1
13 15 1
13 16 1
13 17 1
13 18 1
13 22 0
13 23 0
13 24 0
13 25 2
13 28 0
13 29 0
13 30 0
13 31 0
13 32 0
13 35 0
13 36 0
13 37 0
13 38 0
13 39 2
13 42 0
13 43 0
13 44 0
13 45 1
13 46 0
13 51 1
13 52 1
13 53 1
13 54 2
13 55 2
13 58 0
13 59 0
13 60 0
13 61 0
13 62 2
13 65 0
13 66 5
13 67 4
13 70 0
13 71 0
13 76 0
13 77 4
13 78 4
13 81 0
13 82 1
13 83 1
13 84 2
13 85 2
13 88 0
13 89 0
13 90 1
13 91 4
13 92 4
13 95 4
13 96 5
13 97 5
13 98 5
13 101 2
13 102 2
13 103 4
13 104 5
13 105 5
13 109 1
13 110 2
13 111 2
13 112 5
13 113 5
13 116 0
13 117 1
13 118 0
13 119 4
13 120 4
13 123 0
13 124 5
13 125 5
13 126 4
13 127 5
13 138 2
13 139 4
13 140 5
13 143 5
13 144 5
13 145 5
13 146 5
13 147 5
13 150 0
13 151 0
13 152 0
13 153 0
13 154 4
13 157 0
13 158 0
13 161 2
13 162 2
13 163 2
13 164 2
13 168 4
13 169 4
13 170 4
13 171 4
13 172 4
13 175 0
13 176 0
13 177 0
13 178 0
13 179 0
20 0 0
20 1 0
20 2 0
20 3 0
20 4 0
20 7 5
20 8 5
20 9 5
20 10 5
20 11 5
20 15 0
20 16 0
20 17 0
20 18 0
20 19 0
20 20 0
20 23 0
20 24 0
20 25 0
20 28 0
20 29 0
20 30 0
20 31 5
20 32 5
20 35 0
20 36 0
20 37 0
20 38 5
20 39 5
20 43 0
20 44 0
20 45 1
20 46 1
20 47 1
20 48 1
20 51 5
20 52 5
20 53 5
20 56 1
20 57 1
20 58 5
20 59 5
20 60 5
20 63 0
20 64 0
20 67 1
20 68 5
20 69 5
20 70 5
20 71 5
20 72 5
20 77 0
20 78 0
20 79 0
20 80 5
20 81 5
20 84 1
20 85 1
20 86 5
20 87 5
20 88 5
20 92 1
20 93 1
20 94 1
20 95 1
20 96 1
20 97 1
20 100 1
20 101 0
20 102 0
20 103 5
20 104 5
20 107 0
20 108 5
20 109 5
20 115 1
20 116 1
20 117 1
20 118 1
20 119 5
20 122 0
20 123 0
20 124 1
20 125 0
20 126 5
20 129 5
20 130 5
20 131 5
20 132 5
20 133 5
20 134 5
20 138 5
20 139 5
20 140 5
20 141 5
20 142 5
20 143 5
20 156 1
20 157 5
20 160 1
20 161 1
20 162 1
20 163 1
20 166 5
20 167 5
20 168 5
20 171 5
20 172 5
20 173 5
20 174 5
20 177 0
20 178 5
20 179 5
20 180 5
20 181 5
21 0 2
21 1 3
21 2 2
21 3 2
21 4 2
21 7 5
21 8 5
21 9 5
21 10 5
21 11 5
21 16 3
21 17 2
21 18 2
21 19 3
21 20 2
21 24 3
21 25 3
21 29 2
21 30 2
21 31 3
21 32 3
21 33 3
21 34 3
21 37 2
21 38 2
21 39 2
21 40 3
21 41 3
21 42 5
21 45 2
21 46 3
21 47 3
21 48 2
21 49 3
21 52 2
21 53 3
21 58 2
21 59 5
21 60 5
21 61 5
21 62 5
21 63 5
21 66 2
21 67 2
21 68 2
21 69 2
21 70 2
21 71 2
21 75 2
21 76 2
21 77 5
21 78 5
21 79 5
21 80 5
21 84 2
21 85 2
21 86 2
21 87 2
21 88 5
21 91 2
21 92 2
21 93 2
21 96 3
21 97 3
21 98 3
21 99 3
21 100 2
21 103 2
21 104 2
21 105 2
21 106 2
21 107 2
21 108 2
21 112 3
21 113 3
21 114 3
21 115 2
21 116 2
21 117 2
21 128 2
21 129 2
21 130 2
21 133 2
21 134 2
21 135 5
21 136 5
21 137 5
21 138 5
21 141 2
21 142 2
21 143 2
21 144 2
21 145 2
21 146 2
21 150 2
21 151 2
21 154 5
21 155 5
21 156 5
21 159 2
21 160 3
21 161 2
21 162 2
21 163 3
21 164 2
21 168 2
21 169 2
21 170 2
21 171 5
21 172 5
21 175 2
21 176 3
21 177 2
21 178 2
21 179 2
15 0 0
15 1 0
15 2 0
15 5 3
15 6 2
15 7 2
15 8 2
15 11 1
15 12 0
15 13 0
15 14 2
15 15 2
15 18 0
15 19 0
15 20 0
15 21 0
15 24 0
15 25 0
15 28 0
15 29 0
15 32 0
15 33 2
15 34 5
15 37 0
15 38 3
15 39 2
15 42 0
15 43 0
15 44 0
15 45 0
15 46 3
15 49 0
15 50 2
15 51 2
15 52 2
15 53 2
15 56 0
15 57 1
15 58 1
15 59 5
15 60 5
15 65 0
15 66 0
15 67 0
15 70 0
15 71 0
15 72 3
15 73 2
15 74 2
15 77 1
15 78 3
15 79 2
15 80 3
15 81 3
15 84 0
15 85 0
15 86 0
15 87 3
15 88 3
15 91 0
15 92 0
15 93 2
15 94 2
15 95 5
15 98 0
15 99 0
15 100 0
15 101 5
15 105 0
15 106 0
15 107 0
15 108 1
15 109 2
15 123 0
15 124 0
15 125 0
15 126 2
15 127 2
15 131 2
15 132 2
15 133 2
15 134 3
15 135 3
15 138 2
15 139 2
15 140 3
15 141 3
15 142 2
15 145 1
15 146 1
15 147 1
15 148 1
15 149 1
15 152 2
15 153 2
15 154 5
15 157 0
15 158 0
15 159 3
15 160 3
15 161 2
15 164 0
15 165 2
15 166 2
15 167 5
15 168 5
15 171 0
15 172 2
15 173 2
15 174 3
15 175 2
15 178 0
15 179 0
15 180 0
15 181 3
34 0 5
34 1 4
34 2 4
34 3 4
34 4 4
34 7 4
34 8 4
34 9 4
34 10 4
34 14 0
34 15 3
34 16 3
34 17 3
34 18 3
34 21 3
34 22 3
34 23 3
34 24 3
34 25 3
34 28 3
34 29 3
34 30 3
34 31 3
34 32 3
34 38 3
34 39 3
34 40 3
34 41 4
34 45 3
34 46 3
34 47 4
34 48 4
34 49 4
34 52 3
34 53 3
34 56 3
34 57 3
34 58 3
34 59 4
34 60 4
34 65 3
34 66 3
34 67 3
34 68 3
34 69 3
34 72 0
34 73 3
34 74 3
34 75 4
34 76 4
34 77 4
34 80 0
34 81 3
34 85 3
34 86 3
34 87 3
34 88 3
34 89 3
34 90 3
34 93 0
34 94 0
34 95 0
34 98 0
34 99 5
34 102 0
34 103 3
34 104 3
34 105 3
34 106 3
34 107 4
34 116 3
34 117 3
34 118 3
34 119 3
34 120 3
34 121 3
34 125 1
34 126 0
34 127 0
34 130 3
34 131 3
34 132 3
34 133 3
34 134 4
34 135 4
34 138 3
34 139 5
34 140 4
34 144 0
34 145 1
34 146 0
34 147 5
34 150 5
34 151 4
34 152 4
34 153 5
34 156 1
34 157 1
34 158 3
34 161 0
34 162 3
34 163 3
34 164 3
34 165 4
34 168 3
34 169 3
34 170 3
34 171 3
34 172 3
34 175 3
34 176 3
34 177 3
34 178 3
34 179 3
34 180 3
36 0 0
36 1 0
36 2 0
36 3 0
36 4 0
36 7 4
36 8 4
36 9 4
36 10 4
36 11 4
36 14 0
36 15 0
36 16 0
36 19 5
36 20 5
36 21 5
36 22 5
36 23 4
36 26 0
36 27 0
36 28 0
36 29 0
36 30 0
36 35 0
36 36 0
36 37 0
36 38 4
36 39 5
36 42 5
36 43 4
36 44 4
36 45 5
36 46 5
36 53 1
36 54 0
36 55 0
36 56 4
36 57 5
36 60 1
36 61 4
36 62 4
36 63 5
36 64 4
36 67 5
36 68 5
36 69 5
36 70 5
36 71 5
36 75 0
36 76 1
36 77 5
36 78 5
36 79 5
36 85 0
36 86 1
36 87 4
36 88 4
36 91 1
36 92 1
36 93 5
36 94 4
36 95 4
36 107 0
36 108 0
36 109 0
36 110 4
36 111 4
36 114 0
36 115 0
36 116 0
36 117 0
36 118 0
36 121 0
36 122 5
36 123 4
36 126 4
36 127 4
36 128 4
36 131 4
36 132 4
36 133 5
36 134 5
36 135 5
36 138 0
36 139 0
36 140 0
36 141 4
36 144 0
36 145 4
36 146 5
36 154 1
36 155 5
36 156 4
36 157 5
36 158 4
36 161 0
36 162 5
36 163 4
36 166 0
36 167 1
36 168 5
36 169 4
36 170 4
36 173 4
36 174 4
36 175 4
36 176 4
36 177 4
27 0 0
27 1 0
27 2 4
27 3 4
27 4 4
27 8 0
27 9 0
27 10 0
27 11 2
27 12 2
27 13 2
27 16 0
27 17 0
27 18 0
27 19 2
27 20 2
27 35 4
27 36 4
27 37 4
27 40 2
27 41 2
27 42 2
27 45 0
27 46 5
27 49 0
27 50 5
27 51 5
27 52 4
27 53 4
27 56 2
27 57 2
27 58 2
27 59 4
27 60 4
27 63 2
27 64 2
27 65 2
27 66 5
27 67 5
27 70 0
27 71 0
27 72 2
27 73 4
27 74 4
27 77 2
27 78 2
27 79 2
27 80 2
27 81 5
27 84 0
27 85 5
27 89 0
27 90 0
27 91 5
27 92 4
27 93 4
27 94 4
27 99 4
27 100 5
27 101 4
27 102 4
27 103 4
27 104 5
27 107 0
27 108 0
27 109 5
27 110 4
27 111 5
27 114 4
27 115 4
27 116 4
27 117 4
27 120 0
27 121 5
27 122 5
27 123 5
27 124 4
27 125 4
27 128 2
27 129 2
27 130 2
27 131 2
27 132 2
27 133 2
27 137 0
27 138 0
27 139 0
27 140 2
27 141 2
27 142 2
27 145 0
27 146 0
27 147 2
27 148 4
27 149 4
27 150 4
27 155 4
27 156 5
27 157 4
27 158 4
27 159 4
27 160 5
27 163 2
27 164 2
27 165 2
27 166 2
27 167 2
27 168 2
27 171 2
27 172 2
27 175 4
27 176 4
27 177 4
27 178 4
27 179 4
41 5 2
41 6 2
41 19 4
41 20 4
41 33 1
41 34 1
41 35 4
41 36 4
41 40 1
41 41 1
41 49 1
41 50 2
41 51 2
41 52 2
41 53 2
41 59 1
41 60 2
41 63 1
41 64 1
41 65 1
41 66 1
41 67 1
41 71 1
41 72 2
41 81 4
41 82 4
41 83 5
41 84 4
41 89 1
41 90 5
41 91 5
41 92 5
41 99 4
41 100 4
41 101 4
41 110 1
41 111 1
41 125 2
41 126 4
41 127 4
41 128 4
41 129 4
41 136 5
41 137 5
41 141 2
41 142 2
41 152 2
41 153 2
41 156 2
41 157 2
41 158 2
41 159 2
41 160 2
41 166 1
41 167 1
41 168 4
41 169 4
41 170 5
41 173 2
41 174 4
41 178 4
41 179 4
41 180 5
