0	2	13	2
0	3	13	2
0	4	13	2
0	5	13	2
0	6	13	2
0	29	10	1
0	30	10	1
0	31	10	1
0	32	10	1
0	129	6	3
0	130	6	3
0	131	6	3
0	132	6	3
0	162	2	3
0	265	26	2
1	0	0	3
1	1	0	3
1	2	0	3
1	3	0	3
1	4	0	3
1	21	4	2
1	22	4	2
1	23	4	2
1	24	4	2
1	86	3	1
1	87	3	1
1	88	3	1
1	89	3	1
1	110	29	3
1	111	29	3
1	112	29	3
1	113	29	3
1	114	29	3
1	157	15	1
1	189	15	3
1	225	5	2
1	242	29	2
1	243	29	2
1	249	7	3
1	250	7	3
1	254	18	1
1	255	18	1
1	256	18	1
1	257	18	1
1	258	18	1
1	293	5	2
1	303	28	1
1	304	28	1
1	305	28	1
1	315	12	1
1	316	12	1
1	317	12	1
2	1	26	2
2	2	26	2
2	3	26	2
2	4	26	2
2	22	18	2
2	23	18	2
2	52	21	3
2	53	21	3
2	54	21	3
2	55	21	3
2	90	3	2
2	91	3	2
2	92	3	2
2	98	2	2
2	99	2	2
2	100	2	2
2	101	2	2
2	102	2	2
2	107	23	3
2	108	23	3
2	142	27	2
2	158	13	3
2	159	13	3
2	227	7	3
2	228	7	3
2	242	19	1
2	243	19	1
2	265	2	1
2	270	8	2
2	271	8	2
2	272	8	2
2	273	8	2
2	274	8	2
2	279	18	2
2	280	18	2
2	313	7	1
2	314	7	1
2	315	7	1
2	316	7	1
3	7	12	3
3	8	12	3
3	9	12	3
3	35	12	3
3	36	12	3
3	37	12	3
3	64	30	1
3	65	30	1
3	86	0	1
3	87	0	1
3	88	0	1
3	89	0	1
3	134	13	2
3	135	13	2
3	136	13	2
3	137	13	2
3	138	13	2
3	152	18	1
3	153	18	1
3	202	1	2
3	203	1	2
3	204	1	2
3	234	16	2
3	242	27	1
3	243	27	1
3	244	27	1
3	245	27	1
3	256	0	1
3	312	30	2
3	313	30	2
3	314	30	2
3	329	0	2
3	330	0	2
3	331	0	2
3	332	0	2
3	333	0	2
3	339	0	1
3	340	0	1
4	1	1	3
4	2	1	3
4	67	7	3
4	68	7	3
4	69	7	3
4	130	29	1
4	131	29	1
4	132	29	1
4	227	12	2
4	228	12	2
4	282	19	3
4	283	19	3
4	284	19	3
4	329	19	1
4	330	19	1
4	331	19	1
4	332	19	1
4	355	9	2
4	356	9	2
4	357	9	2
4	358	9	2
4	359	9	2
5	35	21	1
5	36	21	1
5	37	21	1
5	38	21	1
5	72	20	2
5	73	20	2
5	74	20	2
5	86	24	3
5	87	24	3
5	109	17	2
5	110	17	2
5	111	17	2
5	112	17	2
5	145	20	3
5	146	20	3
5	147	20	3
5	157	23	2
5	163	6	1
5	164	6	1
5	165	6	1
5	219	25	2
5	220	25	2
5	268	3	2
5	269	3	2
5	270	3	2
5	271	3	2
5	272	3	2
5	278	18	2
5	279	18	2
5	285	25	3
5	286	25	3
5	287	25	3
5	292	20	1
5	293	20	1
5	294	20	1
5	295	20	1
5	296	20	1
5	352	18	3
5	353	18	3
5	354	18	3
5	355	18	3
6	2	18	3
6	3	18	3
6	4	18	3
6	38	29	3
6	39	29	3
6	44	23	1
6	45	23	1
7	2	21	2
7	9	5	3
7	10	5	3
7	11	5	3
7	12	5	3
7	16	21	2
7	17	21	2
7	18	21	2
7	19	21	2
7	20	21	2
7	28	20	2
7	29	20	2
7	30	20	2
7	31	20	2
7	99	13	1
7	100	13	1
7	101	13	1
7	102	13	1
7	103	13	1
7	115	5	2
7	116	5	2
7	117	5	2
7	118	5	2
7	156	20	3
7	157	20	3
7	158	20	3
7	159	20	3
7	160	20	3
7	201	15	1
7	202	15	1
7	217	30	3
7	222	29	1
7	223	29	1
7	238	1	3
7	239	1	3
7	240	1	3
7	309	27	1
7	310	27	1
7	311	27	1
7	312	27	1
7	313	27	1
7	325	14	2
8	0	10	1
8	8	30	2
8	9	30	2
8	10	30	2
8	49	3	3
8	50	3	3
8	51	3	3
8	76	27	2
8	77	27	2
8	78	27	2
8	79	27	2
8	92	21	1
8	93	21	1
8	94	21	1
8	95	21	1
8	103	2	2
8	130	3	2
8	131	3	2
8	132	3	2
8	133	3	2
8	134	3	2
8	173	3	2
8	174	3	2
8	175	3	2
8	176	3	2
8	223	31	3
8	224	31	3
8	252	10	1
8	253	10	1
8	254	10	1
8	255	10	1
8	256	10	1
8	263	10	3
8	264	10	3
8	265	10	3
8	266	10	3
8	314	12	1
8	315	12	1
8	316	12	1
9	8	12	2
9	61	9	3
9	119	7	3
9	120	7	3
9	176	19	1
9	177	19	1
9	178	19	1
9	216	6	3
9	217	6	3
9	218	6	3
9	222	21	3
9	243	11	3
9	244	11	3
9	245	11	3
9	246	11	3
9	247	11	3
9	293	12	3
9	294	12	3
9	295	12	3
9	306	6	3
9	307	6	3
9	308	6	3
9	309	6	3
9	310	6	3
9	316	4	3
9	327	1	3
9	328	1	3
9	329	1	3
9	330	1	3
9	331	1	3
10	1	9	1
10	91	22	2
10	92	22	2
10	93	22	2
10	163	18	1
10	164	18	1
10	280	22	1
10	281	22	1
10	282	22	1
10	283	22	1
10	289	26	3
10	290	26	3
10	291	26	3
10	292	26	3
10	293	26	3
10	325	30	1
10	326	30	1
10	327	30	1
10	328	30	1
10	329	30	1
10	349	31	1
10	350	31	1
10	351	31	1
10	352	31	1
10	353	31	1
11	15	6	1
11	16	6	1
11	17	6	1
11	18	6	1
11	19	6	1
11	98	28	2
11	99	28	2
11	100	28	2
11	189	20	2
11	211	9	1
11	212	9	1
11	223	22	1
11	224	22	1
11	225	22	1
11	299	10	1
11	300	10	1
11	301	10	1
12	24	29	1
12	58	6	1
12	59	6	1
12	60	6	1
12	61	6	1
12	90	10	1
12	91	10	1
12	92	10	1
12	177	3	1
12	178	3	1
12	213	28	2
12	229	29	2
12	230	29	2
12	253	27	1
12	254	27	1
12	286	26	1
12	287	26	1
12	288	26	1
12	362	12	1
13	63	4	3
13	64	4	3
13	65	4	3
13	112	27	1
13	113	27	1
13	114	27	1
13	175	20	3
13	176	20	3
13	177	20	3
13	218	23	2
13	219	23	2
13	220	23	2
13	221	23	2
13	238	21	3
13	279	27	1
14	57	17	3
14	65	1	1
14	66	1	1
14	113	30	1
14	114	30	1
14	132	23	2
14	133	23	2
14	134	23	2
14	140	17	2
14	141	17	2
14	142	17	2
14	214	8	2
14	215	8	2
14	216	8	2
14	217	8	2
14	230	13	3
14	231	13	3
14	232	13	3
14	306	18	2
14	307	18	2
14	315	21	2
14	338	22	2
14	339	22	2
14	340	22	2
15	40	23	3
15	41	23	3
15	42	23	3
15	43	23	3
15	44	23	3
15	48	5	3
15	49	5	3
15	50	5	3
15	51	5	3
15	173	26	1
15	174	26	1
15	175	26	1
15	176	26	1
15	184	24	2
15	185	24	2
15	189	4	2
15	190	4	2
15	191	4	2
15	192	4	2
15	193	4	2
15	199	18	1
15	200	18	1
15	201	18	1
15	202	18	1
15	203	18	1
15	209	0	2
15	210	0	2
15	211	0	2
15	212	0	2
15	213	0	2
15	221	26	2
15	222	26	2
15	223	26	2
15	224	26	2
15	231	29	1
15	232	29	1
15	233	29	1
15	234	29	1
15	235	29	1
15	247	13	1
15	248	13	1
15	249	13	1
15	250	13	1
15	251	13	1
15	258	13	2
15	259	13	2
15	260	13	2
15	265	21	3
15	285	16	2
15	302	6	3
15	322	24	2
15	323	24	2
15	324	24	2
16	49	28	2
16	75	2	2
16	76	2	2
16	77	2	2
16	78	2	2
16	129	0	1
16	130	0	1
16	131	0	1
16	135	23	1
16	136	23	1
16	137	23	1
16	155	24	3
16	227	26	1
16	228	26	1
16	235	24	2
16	241	21	2
16	242	21	2
16	313	21	1
16	314	21	1
16	315	21	1
16	316	21	1
17	59	12	2
17	60	12	2
17	61	12	2
17	62	12	2
17	63	12	2
17	67	21	3
17	68	21	3
17	69	21	3
17	70	21	3
17	76	16	2
17	77	16	2
17	78	16	2
17	79	16	2
17	193	14	3
17	194	14	3
17	195	14	3
17	196	14	3
17	211	15	3
17	212	15	3
17	213	15	3
18	24	23	1
18	25	23	1
18	26	23	1
18	27	23	1
18	105	19	3
18	125	30	3
18	126	30	3
18	127	30	3
18	128	30	3
18	191	25	3
18	192	25	3
18	193	25	3
18	219	19	1
18	220	19	1
18	221	19	1
18	222	19	1
18	265	16	2
18	270	31	3
18	285	5	3
18	308	19	3
18	309	19	3
18	310	19	3
18	311	19	3
18	334	22	2
19	12	21	2
19	13	21	2
19	14	21	2
19	145	2	3
19	146	2	3
19	147	2	3
19	162	17	3
19	163	17	3
19	164	17	3
19	165	17	3
19	208	15	1
19	209	15	1
19	230	28	2
19	231	28	2
19	232	28	2
19	233	28	2
19	234	28	2
19	277	25	2
19	294	14	1
19	295	14	1
19	296	14	1
19	297	14	1
19	298	14	1
19	309	14	2
19	310	14	2
19	311	14	2
19	312	14	2
19	313	14	2
19	324	12	2
19	325	12	2
19	326	12	2
19	356	18	2
19	357	18	2
19	358	18	2
20	8	16	1
20	25	9	1
20	26	9	1
20	27	9	1
20	28	9	1
20	75	8	3
20	76	8	3
20	77	8	3
20	78	8	3
20	188	4	3
20	189	4	3
20	190	4	3
20	191	4	3
20	284	29	2
20	285	29	2
20	286	29	2
20	287	29	2
20	301	10	2
20	302	10	2
20	303	10	2
20	304	10	2
21	0	7	1
21	1	7	1
21	6	8	3
21	27	18	2
21	28	18	2
21	29	18	2
21	30	18	2
21	31	18	2
21	42	9	3
21	43	9	3
21	44	9	3
21	58	12	1
21	59	12	1
21	60	12	1
21	61	12	1
21	154	7	2
21	155	7	2
21	156	7	2
21	192	11	3
21	193	11	3
21	194	11	3
21	195	11	3
21	196	11	3
21	247	13	1
21	267	12	3
21	268	12	3
21	269	12	3
21	304	8	1
21	305	8	1
22	64	23	1
22	120	30	1
22	121	30	1
22	122	30	1
22	123	30	1
22	124	30	1
22	151	16	3
22	152	16	3
22	153	16	3
22	154	16	3
22	155	16	3
22	179	30	2
22	180	30	2
22	181	30	2
22	182	30	2
22	183	30	2
22	237	5	2
22	238	5	2
22	239	5	2
22	251	23	3
22	252	23	3
22	253	23	3
22	254	23	3
22	255	23	3
22	283	11	3
22	284	11	3
22	285	11	3
22	286	11	3
22	287	11	3
22	295	4	2
22	296	4	2
22	297	4	2
22	336	16	1
22	337	16	1
22	338	16	1
22	339	16	1
22	340	16	1
22	345	28	3
22	346	28	3
23	80	2	3
23	81	2	3
23	82	2	3
23	89	13	3
23	90	13	3
23	91	13	3
23	92	13	3
23	93	13	3
23	108	12	3
23	109	12	3
23	110	12	3
23	111	12	3
23	132	5	1
23	149	7	1
23	150	7	1
23	179	13	2
23	180	13	2
23	181	13	2
23	189	6	2
23	190	6	2
23	191	6	2
23	192	6	2
23	193	6	2
23	203	12	1
23	204	12	1
23	220	1	1
23	221	1	1
23	222	1	1
23	223	1	1
23	224	1	1
23	245	5	2
23	262	6	1
23	263	6	1
23	264	6	1
23	310	19	3
23	316	6	3
23	317	6	3
23	318	6	3
23	327	14	1
23	328	14	1
23	329	14	1
23	330	14	1
24	3	0	1
24	12	31	3
24	13	31	3
24	14	31	3
24	15	31	3
24	16	31	3
24	24	7	1
24	25	7	1
24	38	10	1
24	75	10	2
24	76	10	2
24	118	1	2
24	119	1	2
24	120	1	2
24	121	1	2
24	122	1	2
24	133	21	3
24	184	31	2
24	185	31	2
24	186	31	2
24	187	31	2
24	188	31	2
24	202	11	2
24	203	11	2
24	204	11	2
24	205	11	2
24	221	2	1
24	222	2	1
24	223	2	1
24	238	0	3
24	270	29	3
24	271	29	3
24	320	29	2
24	321	29	2
24	322	29	2
24	323	29	2
24	350	7	2
25	46	14	1
25	47	14	1
25	53	11	3
25	88	6	2
25	89	6	2
25	90	6	2
25	91	6	2
25	118	11	1
25	130	16	1
25	131	16	1
25	132	16	1
25	133	16	1
25	134	16	1
25	149	6	3
25	150	6	3
25	158	14	2
25	261	7	2
25	299	13	3
25	300	13	3
26	8	3	1
26	9	3	1
26	10	3	1
26	11	3	1
26	12	3	1
26	60	16	3
26	187	14	2
26	313	25	3
27	20	13	1
27	21	13	1
27	85	27	2
27	127	31	2
27	128	31	2
27	129	31	2
27	147	17	3
27	148	17	3
27	149	17	3
27	150	17	3
27	151	17	3
27	338	13	1
27	339	13	1
27	343	8	3
27	344	8	3
27	349	3	1
28	103	20	3
28	104	20	3
28	105	20	3
28	116	19	3
28	117	19	3
28	118	19	3
28	144	14	1
28	152	13	1
28	153	13	1
28	154	13	1
28	155	13	1
28	156	13	1
28	183	6	3
28	204	9	2
28	209	18	1
28	210	18	1
28	230	10	1
28	263	18	2
28	264	18	2
28	296	1	3
28	331	20	1
28	332	20	1
28	333	20	1
28	334	20	1
29	3	25	3
29	4	25	3
29	5	25	3
29	6	25	3
29	7	25	3
29	15	14	1
29	16	14	1
29	17	14	1
29	18	14	1
29	66	7	2
29	67	7	2
29	68	7	2
29	137	29	1
29	138	29	1
29	139	29	1
29	140	29	1
29	145	12	3
29	146	12	3
29	147	12	3
29	201	29	2
29	202	29	2
29	203	29	2
29	204	29	2
29	205	29	2
29	306	5	1
29	307	5	1
29	308	5	1
29	309	5	1
29	310	5	1
29	317	12	1
29	318	12	1
29	319	12	1
29	320	12	1
29	349	6	3
29	350	6	3
29	351	6	3
29	352	6	3
30	12	8	3
30	13	8	3
30	27	28	1
30	28	28	1
30	122	16	2
30	171	28	3
30	172	28	3
30	173	28	3
30	179	17	3
30	180	17	3
30	181	17	3
30	182	17	3
30	183	17	3
30	198	18	2
30	199	18	2
30	200	18	2
30	201	18	2
30	258	26	2
30	259	26	2
30	260	26	2
30	311	7	2
30	312	7	2
30	313	7	2
30	314	7	2
30	315	7	2
31	16	6	3
31	17	6	3
31	18	6	3
31	19	6	3
31	30	13	2
31	31	13	2
31	81	4	1
31	82	4	1
31	83	4	1
31	84	4	1
31	85	4	1
31	89	25	2
31	95	8	1
31	96	8	1
31	97	8	1
31	98	8	1
31	106	4	2
31	107	4	2
31	108	4	2
31	109	4	2
31	110	4	2
31	137	25	1
31	200	31	1
31	201	31	1
31	202	31	1
31	203	31	1
31	204	31	1
31	314	24	1
32	73	18	1
32	74	18	1
32	75	18	1
32	106	8	1
32	107	8	1
32	136	29	1
32	137	29	1
32	138	29	1
32	145	16	3
32	146	16	3
32	175	25	2
32	176	25	2
32	177	25	2
32	178	25	2
32	179	25	2
32	217	20	3
32	218	20	3
32	219	20	3
32	220	20	3
32	264	25	2
32	265	25	2
32	357	4	3
32	358	4	3
32	359	4	3
32	360	4	3
33	3	10	3
33	4	10	3
33	14	15	3
33	26	16	2
33	27	16	2
33	28	16	2
33	29	16	2
33	30	16	2
33	43	5	2
33	52	1	2
33	53	1	2
33	54	1	2
33	55	1	2
33	56	1	2
33	62	3	1
33	63	3	1
33	64	3	1
33	65	3	1
33	92	6	3
33	93	6	3
33	94	6	3
33	155	17	3
33	160	12	3
33	161	12	3
33	162	12	3
33	163	12	3
33	171	1	2
33	172	1	2
33	216	2	1
33	217	2	1
33	218	2	1
33	244	25	3
33	301	4	1
33	302	4	1
33	303	4	1
33	331	2	1
33	332	2	1
33	356	5	3
33	357	5	3
33	358	5	3
33	359	5	3
34	15	10	3
34	16	10	3
34	17	10	3
34	18	10	3
34	48	6	3
34	49	6	3
34	57	23	1
34	58	23	1
34	76	15	3
34	77	15	3
34	78	15	3
34	79	15	3
34	94	19	3
34	95	19	3
34	96	19	3
34	97	19	3
34	98	19	3
34	115	23	3
34	116	23	3
34	117	23	3
34	118	23	3
34	179	28	2
34	180	28	2
34	181	28	2
34	182	28	2
34	217	5	3
34	235	9	1
34	236	9	1
34	237	9	1
34	288	28	1
34	289	28	1
34	290	28	1
34	297	28	3
34	298	28	3
34	299	28	3
34	300	28	3
34	301	28	3
34	306	11	3
34	307	11	3
34	308	11	3
34	309	11	3
34	310	11	3
34	320	23	2
34	339	11	1
34	340	11	1
34	341	11	1
35	43	28	3
35	44	28	3
35	45	28	3
35	46	28	3
35	47	28	3
35	89	10	1
35	90	10	1
35	91	10	1
35	188	27	1
35	189	27	1
35	190	27	1
35	191	27	1
35	192	27	1
35	233	9	2
35	234	9	2
35	273	16	1
35	274	16	1
36	24	25	3
36	25	25	3
36	26	25	3
36	27	25	3
36	28	25	3
36	32	15	1
36	33	15	1
36	34	15	1
36	35	15	1
36	181	9	3
36	182	9	3
36	183	9	3
36	184	9	3
36	238	25	2
36	239	25	2
36	240	25	2
36	260	18	1
36	261	18	1
36	262	18	1
36	263	18	1
36	264	18	1
36	295	16	3
36	296	16	3
36	297	16	3
36	317	21	2
36	344	31	3
36	352	25	1
36	353	25	1
36	354	25	1
36	355	25	1
36	363	18	2
37	1	12	2
37	2	12	2
37	3	12	2
37	4	12	2
37	5	12	2
37	13	21	1
37	14	21	1
37	15	21	1
37	16	21	1
37	37	1	3
37	49	30	3
37	67	2	2
37	76	14	2
37	77	14	2
37	78	14	2
37	92	19	2
37	93	19	2
37	94	19	2
37	95	19	2
37	96	19	2
37	167	27	2
37	168	27	2
37	169	27	2
37	170	27	2
37	171	27	2
37	234	21	2
37	271	13	3
37	288	15	1
37	289	15	1
37	353	30	3
37	354	30	3
38	45	29	1
38	46	29	1
38	47	29	1
38	48	29	1
38	49	29	1
38	56	13	3
38	57	13	3
38	58	13	3
38	82	24	2
38	83	24	2
38	84	24	2
38	85	24	2
38	86	24	2
38	109	24	3
38	122	27	1
38	192	24	1
38	193	24	1
38	194	24	1
38	250	19	2
38	251	19	2
38	252	19	2
38	349	3	2
38	350	3	2
38	351	3	2
39	1	11	2
39	2	11	2
39	3	11	2
39	47	28	1
39	48	28	1
39	61	21	3
39	125	6	2
39	126	6	2
39	127	6	2
39	153	13	3
39	154	13	3
39	155	13	3
39	156	13	3
39	167	1	3
39	168	1	3
39	176	29	3
39	183	13	2
39	213	26	3
39	214	26	3
39	229	21	2
39	230	21	2
39	231	21	2
39	324	1	1
39	325	1	1
39	326	1	1
39	327	1	1
39	350	11	1
39	351	11	1
39	352	11	1
39	353	11	1
39	354	11	1
40	0	17	3
40	1	17	3
40	19	3	1
40	20	3	1
40	21	3	1
40	22	3	1
40	44	22	2
40	45	22	2
40	136	21	3
40	137	21	3
40	138	21	3
40	139	21	3
40	185	13	3
40	186	13	3
40	187	13	3
40	250	31	2
40	251	31	2
40	252	31	2
40	253	31	2
40	259	18	1
40	263	11	3
40	264	11	3
40	265	11	3
40	266	11	3
40	273	21	2
40	301	28	3
40	302	28	3
40	303	28	3
40	323	16	2
40	324	16	2
40	325	16	2
40	329	19	2
40	330	19	2
41	126	23	2
41	127	23	2
41	128	23	2
41	129	23	2
41	166	19	2
41	167	19	2
41	168	19	2
41	169	19	2
41	170	19	2
41	188	4	3
41	189	4	3
41	190	4	3
41	281	12	2
41	282	12	2
41	286	1	2
41	304	8	3
41	305	8	3
41	306	8	3
41	318	11	2
41	319	11	2
42	30	29	1
42	88	3	2
42	89	3	2
42	114	3	2
42	115	3	2
42	145	29	3
42	146	29	3
42	184	30	2
42	185	30	2
42	186	30	2
42	187	30	2
42	188	30	2
42	210	25	1
42	211	25	1
42	212	25	1
42	218	3	1
42	219	3	1
42	220	3	1
42	221	3	1
42	222	3	1
42	235	27	1
42	284	1	2
42	285	1	2
42	321	17	3
42	322	17	3
42	323	17	3
42	324	17	3
42	325	17	3
43	121	3	3
43	125	23	2
43	126	23	2
43	127	23	2
43	128	23	2
43	129	23	2
43	171	12	3
43	211	23	1
43	212	23	1
43	260	20	2
43	261	20	2
43	262	20	2
43	263	20	2
43	269	30	1
43	270	30	1
43	271	30	1
43	272	30	1
43	285	6	3
43	286	6	3
43	287	6	3
43	288	6	3
43	289	6	3
43	296	1	3
43	297	1	3
43	298	1	3
43	299	1	3
43	300	1	3
43	355	15	1
43	356	15	1
43	357	15	1
43	358	15	1
44	24	29	2
44	25	29	2
44	26	29	2
44	27	29	2
44	66	24	2
44	67	24	2
44	68	24	2
44	160	3	2
44	161	3	2
44	168	22	1
44	169	22	1
44	170	22	1
44	171	22	1
44	198	26	1
44	199	26	1
44	200	26	1
44	201	26	1
44	202	26	1
44	207	6	1
44	208	6	1
44	209	6	1
44	225	10	3
44	226	10	3
44	357	19	2
44	358	19	2
45	2	24	1
45	3	24	1
45	4	24	1
45	5	24	1
45	49	29	2
45	50	29	2
45	51	29	2
45	52	29	2
45	53	29	2
45	61	6	2
45	68	9	3
45	119	16	1
45	120	16	1
45	121	16	1
45	122	16	1
45	123	16	1
45	130	28	1
45	131	28	1
45	155	17	3
45	156	17	3
45	157	17	3
45	175	20	1
45	176	20	1
45	191	17	2
45	192	17	2
45	193	17	2
45	288	18	2
45	289	18	2
45	303	21	3
45	304	21	3
45	328	15	2
45	329	15	2
45	330	15	2
46	45	6	1
46	98	31	1
46	99	31	1
46	100	31	1
46	101	31	1
46	178	18	3
46	179	18	3
46	180	18	3
46	181	18	3
46	182	18	3
46	196	7	3
46	239	17	1
46	240	17	1
46	241	17	1
46	242	17	1
46	243	17	1
46	260	14	1
46	261	14	1
46	262	14	1
46	267	24	1
46	268	24	1
46	269	24	1
46	284	8	3
46	285	8	3
46	320	14	3
46	321	14	3
46	325	7	1
46	326	7	1
46	327	7	1
47	30	5	1
47	31	5	1
47	45	1	2
47	46	1	2
47	47	1	2
47	48	1	2
47	49	1	2
47	72	20	2
47	73	20	2
47	74	20	2
47	75	20	2
47	76	20	2
47	140	13	1
47	310	1	2
47	311	1	2
47	312	1	2
47	338	30	1
47	339	30	1
48	10	5	1
48	11	5	1
48	12	5	1
48	13	5	1
48	14	5	1
48	31	22	1
48	32	22	1
48	33	22	1
48	34	22	1
48	85	26	1
48	89	17	2
48	130	0	1
48	131	0	1
48	132	0	1
48	199	30	2
48	200	30	2
48	201	30	2
48	226	18	1
48	227	18	1
48	228	18	1
48	267	13	1
48	268	13	1
48	269	13	1
48	270	13	1
48	271	13	1
48	344	23	3
48	345	23	3
48	349	3	2
48	350	3	2
48	351	3	2
48	352	3	2
48	353	3	2
49	3	11	1
49	4	11	1
49	5	11	1
49	6	11	1
49	66	9	3
49	67	9	3
49	68	9	3
49	75	26	1
49	76	26	1
49	84	29	3
49	85	29	3
49	86	29	3
49	90	6	3
49	91	6	3
49	92	6	3
49	93	6	3
49	100	5	3
49	101	5	3
49	102	5	3
49	103	5	3
49	142	11	1
49	143	11	1
49	144	11	1
49	145	11	1
49	151	16	3
49	216	28	3
49	224	5	3
49	244	23	1
49	245	23	1
49	246	23	1
49	247	23	1
49	261	9	1
49	262	9	1
49	286	10	2
50	3	29	1
50	4	29	1
50	5	29	1
50	6	29	1
50	12	27	2
50	42	3	1
50	43	3	1
50	44	3	1
50	45	3	1
50	46	3	1
50	90	4	1
50	91	4	1
50	92	4	1
50	103	12	3
50	104	12	3
50	198	5	2
50	199	5	2
50	200	5	2
50	238	13	3
50	239	13	3
50	240	13	3
50	241	13	3
50	246	8	1
50	247	8	1
50	248	8	1
50	249	8	1
50	258	31	1
50	259	31	1
50	260	31	1
50	261	31	1
50	340	13	1
50	341	13	1
50	342	13	1
50	343	13	1
51	78	17	3
51	79	17	3
51	80	17	3
51	81	17	3
51	82	17	3
51	113	10	3
51	114	10	3
51	177	14	1
51	178	14	1
51	311	23	2
51	312	23	2
51	313	23	2
51	320	25	2
51	321	25	2
51	322	25	2
52	2	21	3
52	3	21	3
52	19	8	1
52	20	8	1
52	21	8	1
52	22	8	1
52	189	9	1
52	190	9	1
52	191	9	1
52	238	19	2
52	239	19	2
52	240	19	2
52	241	19	2
52	315	22	2
52	316	22	2
52	317	22	2
52	318	22	2
52	326	12	3
52	327	12	3
52	328	12	3
52	329	12	3
52	330	12	3
53	45	4	3
53	46	4	3
53	47	4	3
53	48	4	3
53	49	4	3
53	55	17	3
53	56	17	3
53	57	17	3
53	58	17	3
53	59	17	3
53	79	15	3
53	80	15	3
53	81	15	3
53	144	15	3
53	145	15	3
53	160	4	3
53	161	4	3
53	162	4	3
53	203	21	1
53	204	21	1
53	205	21	1
53	206	21	1
53	207	21	1
53	221	30	1
53	222	30	1
53	223	30	1
53	257	7	3
53	258	7	3
53	259	7	3
53	260	7	3
53	268	30	1
53	269	30	1
53	270	30	1
53	271	30	1
53	337	15	1
53	338	15	1
53	339	15	1
53	340	15	1
54	85	20	1
54	86	20	1
54	87	20	1
54	88	20	1
54	171	3	3
54	172	3	3
54	261	25	1
54	297	7	3
54	298	7	3
54	299	7	3
54	317	15	2
54	318	15	2
54	319	15	2
54	334	21	1
55	27	18	3
55	28	18	3
55	29	18	3
55	30	18	3
55	31	18	3
55	62	11	1
55	63	11	1
55	145	2	1
55	146	2	1
55	147	2	1
55	148	2	1
55	301	2	1
55	302	2	1
56	120	17	1
56	121	17	1
56	122	17	1
56	123	17	1
56	124	17	1
56	155	5	3
56	156	5	3
56	157	5	3
56	158	5	3
56	332	22	3
56	333	22	3
56	334	22	3
56	352	16	3
56	353	16	3
56	354	16	3
56	359	25	3
56	360	25	3
56	361	25	3
56	362	25	3
57	13	26	3
57	42	26	3
57	43	26	3
57	44	26	3
57	45	26	3
57	114	15	1
58	38	9	2
58	47	9	2
58	48	9	2
58	49	9	2
58	50	9	2
58	51	9	2
58	66	26	1
58	67	26	1
58	68	26	1
58	69	26	1
58	70	26	1
58	98	25	3
58	99	25	3
58	105	11	3
58	149	9	1
58	157	10	2
58	158	10	2
58	159	10	2
58	160	10	2
58	161	10	2
58	239	4	2
58	240	4	2
58	269	25	1
58	270	25	1
58	271	25	1
58	272	25	1
58	273	25	1
58	301	25	1
58	302	25	1
58	303	25	1
58	304	25	1
58	355	17	3
59	24	30	2
59	25	30	2
59	26	30	2
59	102	30	3
59	103	30	3
59	104	30	3
59	105	30	3
59	184	16	2
59	235	30	2
59	247	25	1
59	248	25	1
59	253	28	1
59	260	29	2
59	261	29	2
59	294	18	2
59	295	18	2
59	296	18	2
59	297	18	2
59	298	18	2
60	1	10	3
60	9	6	2
60	10	6	2
60	11	6	2
60	12	6	2
60	13	6	2
60	35	6	3
60	36	6	3
60	45	20	2
60	46	20	2
60	47	20	2
60	48	20	2
60	112	11	3
60	113	11	3
60	114	11	3
60	172	26	2
60	173	26	2
60	177	0	1
60	178	0	1
60	200	10	2
60	201	10	2
60	202	10	2
60	203	10	2
60	204	10	2
60	240	16	2
60	241	16	2
60	312	5	3
60	313	5	3
60	314	5	3
60	321	3	2
60	322	3	2
60	323	3	2
61	20	5	1
61	21	5	1
61	22	5	1
61	64	27	3
61	65	27	3
61	66	27	3
61	67	27	3
61	100	8	3
61	101	8	3
61	102	8	3
61	175	27	3
61	176	27	3
61	177	27	3
61	188	10	2
61	189	10	2
62	20	7	3
62	21	7	3
62	29	29	2
62	30	29	2
62	124	7	2
62	125	7	2
62	136	2	1
62	184	31	2
62	185	31	2
62	278	16	2
62	279	16	2
62	280	16	2
62	281	16	2
62	282	16	2
62	315	20	3
62	316	20	3
62	317	20	3
62	318	20	3
62	319	20	3
62	327	12	2
62	328	12	2
63	17	16	1
63	18	16	1
63	19	16	1
63	43	8	2
63	44	8	2
63	45	8	2
63	49	24	2
63	50	24	2
63	81	9	2
63	82	9	2
63	145	21	1
63	146	21	1
63	147	21	1
63	170	16	3
63	171	16	3
63	172	16	3
63	173	16	3
63	209	25	3
63	210	25	3
63	233	28	3
63	234	28	3
63	240	7	1
63	241	7	1
63	242	7	1
63	247	13	2
63	248	13	2
63	249	13	2
63	314	26	3
63	326	20	1
63	327	20	1
63	333	4	1
63	334	4	1
64	52	25	2
64	53	25	2
64	54	25	2
64	55	25	2
64	56	25	2
64	119	10	3
64	120	10	3
64	121	10	3
64	122	10	3
64	138	26	3
64	139	26	3
64	260	7	3
64	261	7	3
64	262	7	3
64	304	20	2
64	305	20	2
64	306	20	2
64	311	11	3
64	312	11	3
64	313	11	3
64	314	11	3
64	322	21	1
64	323	21	1
64	335	5	1
65	64	7	2
65	65	7	2
65	72	25	2
65	139	30	1
65	229	4	3
65	242	2	3
65	243	2	3
65	244	2	3
65	297	22	3
65	343	21	1
65	344	21	1
65	350	7	1
66	48	0	1
66	49	0	1
66	50	0	1
66	51	0	1
66	103	15	2
66	104	15	2
66	105	15	2
66	106	15	2
66	137	21	3
66	138	21	3
66	139	21	3
66	140	21	3
66	168	31	3
66	169	31	3
66	170	31	3
66	181	0	1
66	182	0	1
66	198	29	3
66	234	17	3
66	242	14	1
66	243	14	1
66	244	14	1
66	245	14	1
67	47	19	1
67	48	19	1
67	90	14	3
67	91	14	3
67	92	14	3
67	93	14	3
67	94	14	3
67	106	22	3
67	107	22	3
67	108	22	3
67	109	22	3
67	110	22	3
67	121	7	3
67	122	7	3
67	123	7	3
67	124	7	3
67	135	28	3
67	136	28	3
67	149	6	2
67	150	6	2
67	151	6	2
67	152	6	2
67	180	11	1
67	181	11	1
67	182	11	1
67	199	22	1
67	287	22	3
67	288	22	3
67	289	22	3
68	102	25	2
68	103	25	2
68	109	17	3
68	110	17	3
68	138	22	3
68	139	22	3
68	140	22	3
68	178	11	2
68	179	11	2
68	180	11	2
68	219	5	3
68	220	5	3
68	221	5	3
68	222	5	3
68	240	5	3
68	241	5	3
68	242	5	3
68	251	28	1
68	277	5	3
68	278	5	3
68	293	4	1
69	8	26	1
69	9	26	1
69	10	26	1
69	14	14	1
69	15	14	1
69	16	14	1
69	112	16	3
69	113	16	3
69	114	16	3
69	115	16	3
69	116	16	3
69	154	28	2
69	155	28	2
69	156	28	2
69	157	28	2
69	158	28	2
69	172	17	1
69	197	14	3
69	209	7	2
69	210	7	2
69	211	7	2
69	226	0	1
69	233	6	2
69	234	6	2
69	235	6	2
69	279	13	2
69	280	13	2
69	285	9	2
69	291	16	3
69	305	27	2
69	306	27	2
69	358	16	2
69	359	16	2
69	360	16	2
69	361	16	2
70	42	24	2
70	43	24	2
70	63	4	1
70	91	8	2
70	92	8	2
70	93	8	2
70	94	8	2
70	134	22	2
70	135	22	2
70	136	22	2
70	137	22	2
70	145	16	1
70	146	16	1
70	147	16	1
70	148	16	1
70	149	16	1
70	169	30	3
70	235	8	2
70	236	8	2
70	237	8	2
70	238	8	2
70	244	9	1
70	245	9	1
70	246	9	1
70	247	9	1
70	259	25	2
70	260	25	2
70	261	25	2
70	262	25	2
70	263	25	2
70	301	4	3
70	302	4	3
70	356	27	3
70	357	27	3
70	358	27	3
70	359	27	3
70	360	27	3
71	13	1	1
71	14	1	1
71	15	1	1
71	16	1	1
71	17	1	1
71	40	1	2
71	41	1	2
71	61	15	1
71	62	15	1
71	63	15	1
71	89	11	1
71	104	23	1
71	177	30	2
71	178	30	2
71	179	30	2
71	180	30	2
71	181	30	2
71	215	7	2
71	254	13	3
71	255	13	3
71	256	13	3
71	257	13	3
71	261	28	2
71	262	28	2
71	263	28	2
71	270	8	1
71	271	8	1
71	272	8	1
71	273	8	1
71	278	19	1
71	279	19	1
71	301	26	1
71	307	13	3
71	308	13	3
71	309	13	3
72	8	9	3
72	9	9	3
72	10	9	3
72	11	9	3
72	12	9	3
72	47	31	2
72	48	31	2
72	49	31	2
72	50	31	2
72	132	26	1
72	141	14	2
72	227	15	3
72	231	5	2
72	322	22	2
72	323	22	2
72	324	22	2
72	325	22	2
73	2	31	3
73	3	31	3
73	4	31	3
73	5	31	3
73	32	24	1
73	45	9	3
73	46	9	3
73	47	9	3
73	48	9	3
73	49	9	3
73	207	31	1
73	208	31	1
73	209	31	1
73	220	24	2
73	221	24	2
73	222	24	2
73	226	13	2
73	227	13	2
73	330	6	2
73	331	6	2
73	332	6	2
73	333	6	2
73	348	21	2
73	349	21	2
73	350	21	2
73	351	21	2
73	355	16	3
73	356	16	3
73	357	16	3
73	358	16	3
73	359	16	3
74	3	4	1
74	4	4	1
74	5	4	1
74	6	4	1
74	7	4	1
74	109	13	3
74	110	13	3
74	111	13	3
74	190	16	1
74	191	16	1
74	192	16	1
74	193	16	1
74	194	16	1
74	352	0	3
75	37	6	3
75	46	31	2
75	47	31	2
75	51	14	1
75	52	14	1
75	85	14	2
75	86	14	2
75	87	14	2
75	88	14	2
75	89	14	2
75	125	14	1
75	126	14	1
75	140	19	2
75	141	19	2
75	142	19	2
75	147	6	2
75	148	6	2
75	198	19	1
75	199	19	1
75	200	19	1
75	201	19	1
75	202	19	1
75	213	9	3
75	214	9	3
75	215	9	3
75	219	3	3
75	220	3	3
75	221	3	3
75	238	13	2
75	239	13	2
75	240	13	2
75	267	14	3
75	268	14	3
75	273	0	1
75	274	0	1
75	275	0	1
75	291	19	3
75	292	19	3
75	293	19	3
76	30	21	2
76	98	21	2
76	173	20	1
76	174	20	1
76	175	20	1
76	176	20	1
76	192	27	1
76	193	27	1
76	194	27	1
76	216	9	2
76	217	9	2
76	218	9	2
76	288	5	1
76	289	5	1
76	313	19	2
76	314	19	2
76	315	19	2
76	316	19	2
76	321	4	1
76	322	4	1
76	327	4	2
76	328	4	2
76	329	4	2
76	330	4	2
76	331	4	2
77	12	10	3
77	23	21	1
77	24	21	1
77	25	21	1
77	26	21	1
77	34	22	3
77	35	22	3
77	106	31	2
77	107	31	2
77	108	31	2
77	115	1	3
77	116	1	3
77	117	1	3
77	118	1	3
77	145	31	1
77	146	31	1
77	147	31	1
77	148	31	1
77	168	13	1
77	169	13	1
77	170	13	1
77	243	9	3
77	244	9	3
77	255	31	2
77	256	31	2
77	257	31	2
77	258	31	2
77	265	15	2
77	266	15	2
77	300	28	3
77	301	28	3
77	302	28	3
77	303	28	3
78	27	0	2
78	28	0	2
78	29	0	2
78	71	23	2
78	72	23	2
78	73	23	2
78	125	0	2
78	126	0	2
78	127	0	2
78	128	0	2
78	129	0	2
78	213	21	3
78	214	21	3
78	215	21	3
78	216	21	3
78	224	14	3
78	225	14	3
78	236	8	1
78	237	8	1
78	243	15	3
78	244	15	3
78	245	15	3
78	246	15	3
78	247	15	3
78	344	3	3
78	345	3	3
78	346	3	3
78	347	3	3
78	348	3	3
79	18	29	3
79	19	29	3
79	20	29	3
79	21	29	3
79	64	23	1
79	65	23	1
79	66	23	1
79	67	23	1
79	68	23	1
79	109	13	1
79	110	13	1
79	115	24	3
79	116	24	3
79	117	24	3
79	125	3	3
79	126	3	3
79	127	3	3
79	147	2	3
79	148	2	3
79	149	2	3
79	150	2	3
79	175	14	2
79	183	30	1
79	184	30	1
79	185	30	1
79	186	30	1
79	231	5	2
79	232	5	2
79	233	5	2
79	234	5	2
79	239	31	3
79	240	31	3
79	241	31	3
79	242	31	3
79	243	31	3
79	284	3	1
79	285	3	1
79	286	3	1
79	290	23	1
79	291	23	1
79	292	23	1
79	293	23	1
79	310	26	1
79	355	2	2
79	356	2	2
80	55	6	2
80	56	6	2
80	57	6	2
80	58	6	2
80	71	6	2
80	72	6	2
80	73	6	2
80	74	6	2
80	75	6	2
80	87	12	1
80	113	20	2
80	114	20	2
80	115	20	2
80	116	20	2
80	146	23	3
80	219	19	3
80	220	19	3
80	221	19	3
80	222	19	3
80	223	19	3
80	234	9	3
81	21	16	2
81	22	16	2
81	23	16	2
81	140	26	2
81	141	26	2
81	149	27	2
81	150	27	2
81	246	12	3
81	247	12	3
81	248	12	3
81	249	12	3
81	255	26	1
81	256	26	1
82	15	7	1
82	16	7	1
82	17	7	1
82	81	10	2
82	82	10	2
82	83	10	2
82	84	10	2
82	85	10	2
82	118	15	3
82	124	1	1
82	125	1	1
82	154	15	3
82	155	15	3
82	156	15	3
82	157	15	3
82	158	15	3
82	195	12	2
82	196	12	2
82	197	12	2
82	257	21	1
82	258	21	1
82	259	21	1
82	260	21	1
82	282	26	2
82	283	26	2
82	284	26	2
82	285	26	2
82	286	26	2
82	291	10	3
82	292	10	3
82	293	10	3
82	358	28	2
83	133	28	3
83	134	28	3
83	135	28	3
83	136	28	3
83	137	28	3
83	166	5	3
83	200	2	2
83	201	2	2
83	202	2	2
83	203	2	2
83	240	29	1
83	241	29	1
83	242	29	1
83	332	24	2
83	333	24	2
83	334	24	2
83	335	24	2
84	15	21	1
84	16	21	1
84	17	21	1
84	18	21	1
84	45	30	1
84	46	30	1
84	47	30	1
84	68	18	2
84	69	18	2
84	95	7	1
84	96	7	1
84	97	7	1
84	135	18	2
84	136	18	2
84	137	18	2
84	138	18	2
84	139	18	2
84	144	5	1
84	145	5	1
84	177	0	2
84	178	0	2
84	179	0	2
84	199	2	2
84	248	24	3
84	249	24	3
84	250	24	3
84	251	24	3
84	256	12	2
84	257	12	2
84	258	12	2
84	299	7	3
84	300	7	3
84	307	2	1
84	308	2	1
84	316	0	3
84	317	0	3
84	318	0	3
84	319	0	3
84	343	9	2
84	344	9	2
85	7	13	1
85	11	23	1
85	12	23	1
85	13	23	1
85	14	23	1
85	15	23	1
85	22	21	3
85	23	21	3
85	24	21	3
85	25	21	3
85	64	11	3
85	65	11	3
85	66	11	3
85	67	11	3
85	68	11	3
85	75	21	1
85	90	23	2
85	134	27	1
85	135	27	1
85	136	27	1
85	137	27	1
85	138	27	1
85	226	23	1
85	264	8	1
85	265	8	1
85	272	31	3
85	291	6	3
85	292	6	3
85	293	6	3
85	294	6	3
85	301	8	2
85	302	8	2
85	307	0	2
85	308	0	2
85	309	0	2
85	310	0	2
85	315	8	2
85	316	8	2
86	0	21	1
86	1	21	1
86	2	21	1
86	3	21	1
86	4	21	1
86	32	9	3
86	90	27	1
86	91	27	1
86	187	27	2
86	202	9	3
86	203	9	3
86	204	9	3
86	205	9	3
86	241	12	1
86	242	12	1
86	246	22	1
86	247	22	1
86	286	9	1
86	287	9	1
86	298	23	3
86	299	23	3
86	300	23	3
86	301	23	3
86	335	9	3
86	336	9	3
86	337	9	3
86	357	14	1
86	358	14	1
86	359	14	1
86	360	14	1
87	3	31	2
87	4	31	2
87	5	31	2
87	6	31	2
87	7	31	2
87	11	4	2
87	12	4	2
87	169	26	1
87	170	26	1
87	188	24	1
87	199	20	3
87	200	20	3
87	201	20	3
87	202	20	3
87	203	20	3
87	252	15	1
87	260	10	2
87	261	10	2
87	273	2	3
87	274	2	3
87	318	19	2
87	319	19	2
87	320	19	2
87	321	19	2
87	326	10	1
87	327	10	1
87	328	10	1
87	329	10	1
87	330	10	1
88	48	10	1
88	49	10	1
88	50	10	1
88	51	10	1
88	88	23	3
88	89	23	3
88	90	23	3
88	128	0	3
88	129	0	3
88	139	4	2
88	140	4	2
88	141	4	2
88	142	4	2
88	143	4	2
88	154	5	3
88	288	13	3
88	289	13	3
88	290	13	3
88	291	13	3
88	329	30	3
88	330	30	3
88	353	17	1
89	3	25	1
89	16	30	3
89	17	30	3
89	18	30	3
89	28	9	3
89	29	9	3
89	30	9	3
89	62	27	3
89	63	27	3
89	64	27	3
89	65	27	3
89	86	5	3
89	87	5	3
89	110	31	2
89	111	31	2
89	112	31	2
89	113	31	2
89	114	31	2
89	120	16	3
89	121	16	3
89	122	16	3
89	220	30	1
89	221	30	1
89	244	10	2
89	245	10	2
89	246	10	2
89	247	10	2
89	266	4	1
89	267	4	1
89	268	4	1
89	269	4	1
89	270	4	1
89	334	0	1
89	335	0	1
89	336	0	1
89	337	0	1
90	47	8	1
90	48	8	1
90	49	8	1
90	50	8	1
90	147	28	3
90	148	28	3
90	149	28	3
90	150	28	3
90	227	20	3
90	228	20	3
90	229	20	3
90	230	20	3
90	231	20	3
90	255	16	1
90	256	16	1
90	257	16	1
90	258	16	1
90	259	16	1
90	275	16	1
90	276	16	1
90	292	25	2
90	293	25	2
90	294	25	2
90	295	25	2
90	331	2	1
90	332	2	1
91	7	1	2
91	35	15	3
91	58	11	1
91	93	30	1
91	94	30	1
91	95	30	1
91	96	30	1
91	97	30	1
91	144	15	3
91	145	15	3
91	146	15	3
91	147	15	3
91	148	15	3
91	154	20	3
91	167	15	3
91	168	15	3
91	169	15	3
91	175	25	1
91	176	25	1
91	177	25	1
91	186	20	3
91	187	20	3
91	188	20	3
91	227	31	3
91	228	31	3
91	229	31	3
91	230	31	3
91	231	31	3
91	262	23	1
91	263	23	1
91	270	15	3
91	306	9	1
91	307	9	1
91	308	9	1
91	356	27	2
91	357	27	2
91	358	27	2
92	19	8	2
92	20	8	2
92	21	8	2
92	22	8	2
92	53	11	2
92	54	11	2
92	55	11	2
92	121	23	2
92	138	17	3
92	139	17	3
92	140	17	3
92	146	3	1
92	147	3	1
92	230	22	2
92	231	22	2
92	232	22	2
92	233	22	2
92	234	22	2
92	241	17	1
92	242	17	1
92	243	17	1
92	274	29	3
92	275	29	3
92	276	29	3
92	277	29	3
92	278	29	3
92	323	28	2
92	324	28	2
92	342	21	1
93	23	30	3
93	116	12	1
93	135	29	3
93	136	29	3
93	149	2	1
93	150	2	1
93	151	2	1
93	194	10	3
93	195	10	3
93	196	10	3
93	197	10	3
93	198	10	3
93	268	12	3
93	269	12	3
93	270	12	3
93	271	12	3
93	287	16	1
93	316	16	3
93	317	16	3
93	318	16	3
93	319	16	3
93	320	16	3
93	324	2	2
94	13	31	2
94	14	31	2
94	45	20	2
94	46	20	2
94	47	20	2
94	48	20	2
94	53	11	1
94	54	11	1
94	55	11	1
94	56	11	1
94	92	3	2
94	93	3	2
94	94	3	2
94	95	3	2
94	96	3	2
94	172	30	2
94	173	30	2
94	221	0	2
94	222	0	2
94	228	22	1
94	229	22	1
94	239	28	2
94	240	28	2
94	241	28	2
94	242	28	2
94	265	26	2
94	266	26	2
94	267	26	2
94	268	26	2
94	269	26	2
94	285	20	1
94	286	20	1
94	287	20	1
94	288	20	1
94	294	25	3
94	295	25	3
94	296	25	3
94	302	21	1
94	307	4	2
94	308	4	2
94	309	4	2
94	310	4	2
94	311	4	2
94	317	24	2
94	318	24	2
94	319	24	2
94	320	24	2
94	321	24	2
94	328	30	1
94	329	30	1
94	330	30	1
94	335	15	1
94	336	15	1
94	337	15	1
94	351	10	3
95	61	13	1
95	62	13	1
95	97	22	1
95	98	22	1
95	99	22	1
95	120	4	2
95	121	4	2
95	122	4	2
95	144	17	2
95	145	17	2
95	146	17	2
95	147	17	2
95	148	17	2
95	171	13	1
95	209	22	2
95	210	22	2
95	211	22	2
95	212	22	2
95	213	22	2
95	219	4	2
95	220	4	2
95	221	4	2
95	222	4	2
95	265	12	2
95	266	12	2
95	267	12	2
95	268	12	2
95	269	12	2
95	290	3	3
95	291	3	3
95	308	28	1
95	312	14	1
95	313	14	1
95	314	14	1
96	41	27	3
96	42	27	3
96	43	27	3
96	44	27	3
96	107	31	1
96	108	31	1
96	109	31	1
96	124	15	3
96	130	21	2
96	142	27	2
96	143	27	2
96	144	27	2
96	145	27	2
96	179	26	2
96	180	26	2
96	230	11	3
96	231	11	3
96	232	11	3
96	233	11	3
96	234	11	3
96	301	24	1
96	316	16	3
96	317	16	3
96	318	16	3
96	319	16	3
96	320	16	3
96	354	7	1
96	355	7	1
96	356	7	1
96	357	7	1
97	30	17	3
97	31	17	3
97	32	17	3
97	56	6	2
97	57	6	2
97	58	6	2
97	59	6	2
97	60	6	2
97	67	15	1
97	68	15	1
97	69	15	1
97	70	15	1
97	71	15	1
97	77	18	1
97	78	18	1
97	79	18	1
97	80	18	1
97	101	13	2
97	102	13	2
97	103	13	2
97	143	26	2
97	144	26	2
97	145	26	2
97	146	26	2
97	300	0	3
97	315	16	3
97	316	16	3
97	317	16	3
97	318	16	3
97	319	16	3
97	333	16	3
97	334	16	3
97	335	16	3
97	336	16	3
97	337	16	3
98	59	15	2
98	75	29	3
98	76	29	3
98	77	29	3
98	171	21	3
98	172	21	3
98	173	21	3
98	174	21	3
98	175	21	3
98	293	16	3
98	304	29	2
98	305	29	2
98	313	21	1
98	314	21	1
98	315	21	1
98	316	21	1
99	1	28	1
99	2	28	1
99	6	6	2
99	7	6	2
99	8	6	2
99	9	6	2
99	10	6	2
99	18	2	1
99	33	2	3
99	34	2	3
99	35	2	3
99	36	2	3
99	37	2	3
99	106	11	1
99	107	11	1
99	108	11	1
99	109	11	1
99	134	27	2
99	135	27	2
99	142	20	3
99	143	20	3
99	144	20	3
99	145	20	3
99	200	11	1
99	201	11	1
99	326	20	3
99	327	20	3
100	43	13	1
100	44	13	1
100	45	13	1
100	46	13	1
100	65	30	1
100	66	30	1
100	67	30	1
100	68	30	1
100	69	30	1
100	93	19	2
100	160	18	3
100	161	18	3
100	162	18	3
100	163	18	3
100	164	18	3
100	194	6	3
100	195	6	3
100	196	6	3
100	229	22	1
100	230	22	1
100	231	22	1
100	263	8	1
100	264	8	1
100	265	8	1
100	266	8	1
100	267	8	1
100	271	19	1
100	272	19	1
100	273	19	1
100	274	19	1
100	275	19	1
100	284	21	1
100	302	4	2
100	303	4	2
100	304	4	2
100	305	4	2
100	312	14	1
100	313	14	1
100	314	14	1
100	342	29	3
100	343	29	3
100	344	29	3
101	36	9	2
101	37	9	2
101	38	9	2
101	39	9	2
101	40	9	2
101	58	8	3
101	59	8	3
101	63	31	3
101	105	0	3
101	106	0	3
101	107	0	3
101	111	4	2
101	112	4	2
101	113	4	2
101	114	4	2
101	115	4	2
101	136	20	1
101	137	20	1
101	152	0	1
101	153	0	1
101	154	0	1
101	166	4	1
101	167	4	1
101	213	25	1
101	214	25	1
101	218	19	2
101	219	19	2
101	220	19	2
101	221	19	2
101	229	3	1
101	230	3	1
101	231	3	1
101	232	3	1
101	245	14	1
101	249	29	1
101	250	29	1
101	251	29	1
101	258	23	2
101	259	23	2
101	260	23	2
101	261	23	2
101	267	1	3
101	268	1	3
101	269	1	3
101	270	1	3
101	271	1	3
102	3	3	2
102	4	3	2
102	5	3	2
102	20	30	1
102	41	30	2
102	42	30	2
102	43	30	2
102	44	30	2
102	45	30	2
102	232	3	1
102	233	3	1
102	234	3	1
102	341	1	1
102	342	1	1
102	343	1	1
102	359	12	2
102	360	12	2
102	361	12	2
103	10	13	3
103	11	13	3
103	12	13	3
103	13	13	3
103	50	0	1
103	51	0	1
103	52	0	1
103	53	0	1
103	54	0	1
103	66	29	2
103	67	29	2
103	68	29	2
103	69	29	2
103	76	2	1
103	77	2	1
103	92	14	1
103	93	14	1
103	94	14	1
103	160	23	1
103	161	23	1
103	162	23	1
103	163	23	1
103	164	23	1
103	184	16	1
103	185	16	1
103	186	16	1
103	226	20	1
103	230	30	3
103	231	30	3
103	232	30	3
103	233	30	3
103	246	16	3
103	247	16	3
103	248	16	3
103	300	1	3
103	301	1	3
103	302	1	3
103	339	28	2
103	340	28	2
103	341	28	2
103	342	28	2
103	343	28	2
104	22	30	2
104	23	30	2
104	24	30	2
104	25	30	2
104	35	9	1
104	36	9	1
104	37	9	1
104	38	9	1
104	93	11	3
104	94	11	3
104	95	11	3
104	96	11	3
104	97	11	3
104	120	23	3
104	121	23	3
104	164	31	1
104	248	14	2
104	337	20	1
104	338	20	1
105	10	14	2
105	25	7	3
105	26	7	3
105	27	7	3
105	62	3	2
105	63	3	2
105	64	3	2
105	76	5	1
105	77	5	1
105	78	5	1
105	79	5	1
105	80	5	1
105	178	21	2
105	179	21	2
105	180	21	2
105	181	21	2
105	182	21	2
105	209	7	3
105	210	7	3
105	211	7	3
105	212	7	3
105	213	7	3
105	219	14	2
105	227	25	3
105	228	25	3
105	229	25	3
105	230	25	3
105	231	25	3
105	236	14	2
105	298	31	1
105	299	31	1
105	300	31	1
105	301	31	1
105	306	29	3
105	312	21	3
105	349	15	3
105	350	15	3
106	46	4	3
106	47	4	3
106	48	4	3
106	68	23	1
106	157	0	1
106	158	0	1
106	159	0	1
106	160	0	1
106	161	0	1
106	182	13	3
106	183	13	3
106	184	13	3
106	185	13	3
106	236	22	3
106	237	22	3
106	238	22	3
106	239	22	3
106	240	22	3
106	270	17	2
106	271	17	2
106	272	17	2
106	273	17	2
106	274	17	2
106	296	31	3
106	303	24	1
106	304	24	1
106	305	24	1
107	7	2	2
107	32	11	3
107	33	11	3
107	34	11	3
107	35	11	3
107	36	11	3
107	43	4	2
107	44	4	2
107	45	4	2
107	69	11	2
107	70	11	2
107	71	11	2
107	104	30	3
107	112	14	3
107	113	14	3
107	141	13	3
107	142	13	3
107	298	8	1
107	299	8	1
107	300	8	1
107	301	8	1
107	333	22	2
107	334	22	2
107	335	22	2
107	336	22	2
107	337	22	2
108	141	11	3
108	142	11	3
108	180	21	1
108	181	21	1
108	182	21	1
108	183	21	1
108	188	23	1
108	266	31	2
108	335	31	3
108	336	31	3
108	337	31	3
108	349	28	2
108	350	28	2
108	351	28	2
109	23	30	2
109	37	7	1
109	38	7	1
109	67	15	3
109	68	15	3
109	69	15	3
109	70	15	3
109	108	12	3
109	109	12	3
109	110	12	3
109	209	5	3
109	210	5	3
109	211	5	3
109	212	5	3
109	213	5	3
109	233	11	2
109	234	11	2
109	235	11	2
109	236	11	2
109	237	11	2
109	273	23	1
109	292	12	1
109	293	12	1
109	328	2	1
109	329	2	1
109	330	2	1
109	331	2	1
109	356	11	2
109	357	11	2
110	30	16	2
110	31	16	2
110	32	16	2
110	33	16	2
110	44	21	1
110	45	21	1
110	61	10	2
110	76	16	1
110	112	6	1
110	113	6	1
110	114	6	1
110	115	6	1
110	120	10	1
110	121	10	1
110	122	10	1
110	123	10	1
110	199	23	1
110	278	20	3
110	279	20	3
111	90	19	3
111	95	23	1
111	96	23	1
111	166	31	3
111	167	31	3
111	178	29	3
111	185	22	2
111	186	22	2
111	187	22	2
111	188	22	2
111	189	22	2
111	257	22	1
111	258	22	1
111	259	22	1
111	260	22	1
111	272	5	3
111	273	5	3
111	274	5	3
111	275	5	3
111	320	25	1
111	321	25	1
111	322	25	1
111	323	25	1
111	324	25	1
112	16	4	1
112	17	4	1
112	25	7	1
112	26	7	1
112	27	7	1
112	28	7	1
112	29	7	1
112	57	0	1
112	58	0	1
112	59	0	1
112	67	11	3
112	75	2	2
112	76	2	2
112	77	2	2
112	78	2	2
112	79	2	2
112	111	0	2
112	112	0	2
112	113	0	2
112	114	0	2
112	147	12	2
112	148	12	2
112	149	12	2
112	163	11	3
112	205	19	2
112	206	19	2
112	207	19	2
112	208	19	2
112	209	19	2
112	230	22	2
112	231	22	2
112	232	22	2
112	233	22	2
112	237	19	3
112	238	19	3
112	246	28	2
112	268	19	3
112	269	19	3
112	328	31	2
112	329	31	2
112	330	31	2
112	331	31	2
113	39	13	1
113	40	13	1
113	157	30	3
113	223	16	2
113	224	16	2
113	225	16	2
113	235	28	1
113	242	18	1
113	243	18	1
113	262	16	1
113	263	16	1
113	264	16	1
113	265	16	1
113	266	16	1
113	276	14	1
113	277	14	1
113	278	14	1
113	279	14	1
113	280	14	1
113	294	19	3
113	308	28	1
113	318	3	1
113	319	3	1
114	22	20	2
114	23	20	2
114	54	1	1
114	55	1	1
114	56	1	1
114	57	1	1
114	74	26	1
114	75	26	1
114	76	26	1
114	77	26	1
114	78	26	1
114	108	15	3
114	109	15	3
114	110	15	3
114	120	29	3
114	232	26	3
114	233	26	3
114	254	12	2
114	255	12	2
114	256	12	2
114	257	12	2
114	258	12	2
115	6	9	3
115	24	11	2
115	25	11	2
115	40	21	2
115	41	21	2
115	56	7	3
115	57	7	3
115	58	7	3
115	59	7	3
115	132	7	1
115	133	7	1
115	134	7	1
115	161	9	3
115	162	9	3
115	163	9	3
115	188	20	1
115	189	20	1
115	218	14	1
115	219	14	1
115	220	14	1
115	221	14	1
115	226	18	3
115	258	1	3
115	259	1	3
115	260	1	3
115	261	1	3
115	289	20	3
115	290	20	3
115	291	20	3
115	292	20	3
115	293	20	3
115	301	3	3
115	302	3	3
115	303	3	3
115	323	3	2
115	341	18	2
115	342	18	2
115	343	18	2
115	344	18	2
115	345	18	2
115	352	2	2
115	358	11	3
115	359	11	3
115	360	11	3
116	26	13	1
116	83	4	3
116	98	4	2
116	99	4	2
116	118	18	3
116	119	18	3
116	133	15	3
116	134	15	3
116	135	15	3
116	141	14	2
116	142	14	2
116	143	14	2
116	144	14	2
116	145	14	2
116	152	22	2
116	153	22	2
116	154	22	2
116	155	22	2
116	175	31	1
116	176	31	1
116	177	31	1
116	233	22	3
116	234	22	3
116	235	22	3
116	241	15	3
117	195	20	3
117	196	20	3
117	197	20	3
117	198	20	3
117	202	21	2
117	203	21	2
117	204	21	2
117	213	16	1
117	214	16	1
117	215	16	1
117	243	24	3
117	244	24	3
117	289	2	2
117	290	2	2
117	291	2	2
117	292	2	2
117	293	2	2
117	317	21	1
117	318	21	1
117	319	21	1
117	342	10	1
117	343	10	1
117	344	10	1
117	345	10	1
117	353	17	3
118	0	7	2
118	1	7	2
118	14	25	3
118	15	25	3
118	16	25	3
118	24	8	2
118	25	8	2
118	26	8	2
118	30	13	2
118	78	9	1
118	79	9	1
118	80	9	1
118	110	19	1
118	111	19	1
118	142	5	2
118	143	5	2
118	169	26	2
118	170	26	2
118	171	26	2
118	172	26	2
118	224	7	1
118	225	7	1
118	226	7	1
118	227	7	1
118	228	7	1
118	281	31	1
118	282	31	1
118	283	31	1
118	309	17	3
118	310	17	3
118	311	17	3
118	323	19	2
118	324	19	2
118	325	19	2
118	326	19	2
119	53	23	3
119	54	23	3
119	71	20	1
119	178	26	2
119	179	26	2
119	185	11	3
119	186	11	3
119	187	11	3
119	232	7	2
119	233	7	2
119	238	11	1
119	239	11	1
119	243	18	1
119	244	18	1
119	256	23	2
119	257	23	2
119	258	23	2
119	263	16	1
119	264	16	1
119	265	16	1
119	266	16	1
119	315	29	2
119	316	29	2
119	317	29	2
119	318	29	2
119	319	29	2
119	333	30	1
119	334	30	1
119	335	30	1
120	69	18	3
120	70	18	3
120	76	16	2
120	77	16	2
120	78	16	2
120	84	30	1
120	85	30	1
120	90	0	3
120	91	0	3
120	92	0	3
120	100	15	2
120	101	15	2
120	102	15	2
120	103	15	2
120	152	27	3
120	153	27	3
120	173	27	3
120	174	27	3
120	175	27	3
120	219	28	3
120	220	28	3
120	221	28	3
120	222	28	3
120	244	5	3
120	245	5	3
120	246	5	3
120	247	5	3
120	248	5	3
120	289	15	2
120	290	15	2
120	297	31	1
120	298	31	1
121	17	15	2
121	18	15	2
121	19	15	2
121	20	15	2
121	21	15	2
121	106	2	3
121	107	2	3
121	108	2	3
121	109	2	3
121	123	16	2
121	165	8	2
121	176	13	3
121	220	13	3
121	279	14	1
121	280	14	1
121	342	16	1
121	343	16	1
121	344	16	1
121	345	16	1
121	346	16	1
122	15	12	2
122	16	12	2
122	17	12	2
122	18	12	2
122	19	12	2
122	35	12	1
122	36	12	1
122	43	22	2
122	44	22	2
122	80	22	2
122	114	26	3
122	115	26	3
122	116	26	3
122	143	11	2
122	144	11	2
122	145	11	2
122	202	30	1
122	206	4	3
122	207	4	3
122	208	4	3
122	209	4	3
122	234	24	1
122	238	14	3
122	239	14	3
122	240	14	3
122	241	14	3
122	251	16	1
122	252	16	1
122	253	16	1
122	289	14	2
122	297	0	1
122	298	0	1
122	299	0	1
122	352	14	3
122	353	14	3
122	354	14	3
122	355	14	3
122	356	14	3
123	21	25	1
123	27	8	1
123	28	8	1
123	29	8	1
123	66	21	2
123	95	30	1
123	96	30	1
123	154	21	2
123	173	20	2
123	174	20	2
123	180	29	2
123	181	29	2
123	182	29	2
123	183	29	2
123	184	29	2
123	189	7	1
123	190	7	1
123	191	7	1
123	192	7	1
123	193	7	1
123	234	19	2
123	235	19	2
123	236	19	2
123	237	19	2
123	249	14	3
123	250	14	3
123	320	3	1
123	321	3	1
123	322	3	1
123	323	3	1
123	330	29	1
123	331	29	1
123	332	29	1
123	333	29	1
124	124	1	3
124	125	1	3
124	126	1	3
124	127	1	3
124	128	1	3
124	165	0	1
124	166	0	1
124	167	0	1
124	168	0	1
124	169	0	1
124	197	14	1
124	198	14	1
124	221	8	3
124	222	8	3
124	223	8	3
124	224	8	3
124	225	8	3
124	232	3	2
124	233	3	2
124	234	3	2
124	235	3	2
124	236	3	2
124	276	16	3
124	286	6	1
124	287	6	1
124	288	6	1
124	289	6	1
124	290	6	1
124	295	24	1
124	296	24	1
124	297	24	1
124	298	24	1
124	306	0	1
125	3	13	3
125	4	13	3
125	5	13	3
125	6	13	3
125	7	13	3
125	21	12	2
125	22	12	2
125	72	31	3
125	73	31	3
125	74	31	3
125	75	31	3
125	119	31	1
125	120	31	1
125	147	9	1
125	148	9	1
125	155	25	2
125	156	25	2
125	157	25	2
125	165	29	3
125	173	23	3
125	200	21	3
125	201	21	3
125	241	8	1
125	242	8	1
125	243	8	1
125	244	8	1
125	245	8	1
125	313	29	2
125	314	29	2
125	315	29	2
125	316	29	2
125	317	29	2
125	333	21	3
126	1	12	1
126	2	12	1
126	3	12	1
126	10	3	2
126	11	3	2
126	12	3	2
126	13	3	2
126	14	3	2
126	63	19	2
126	64	19	2
126	123	19	2
126	124	19	2
126	125	19	2
126	126	19	2
126	163	31	3
126	170	1	2
126	193	31	1
126	194	31	1
126	195	31	1
126	265	24	2
126	266	24	2
126	267	24	2
126	268	24	2
126	269	24	2
126	337	15	2
127	0	7	3
127	14	29	3
127	15	29	3
127	16	29	3
127	17	29	3
127	18	29	3
127	38	19	2
127	39	19	2
127	40	19	2
127	41	19	2
127	49	17	2
127	64	19	1
127	65	19	1
127	66	19	1
127	67	19	1
127	100	12	3
127	101	12	3
127	102	12	3
127	103	12	3
127	126	11	1
127	127	11	1
127	128	11	1
127	129	11	1
127	140	12	3
127	141	12	3
127	173	4	2
127	239	9	1
127	240	9	1
127	261	29	3
127	284	19	2
127	285	19	2
127	286	19	2
127	287	19	2
127	288	19	2
127	355	18	1
127	356	18	1
127	357	18	1
127	358	18	1
127	359	18	1
128	49	12	3
128	50	12	3
128	124	30	1
128	125	30	1
128	161	6	3
128	162	6	3
128	163	6	3
128	176	20	2
128	177	20	2
128	178	20	2
128	179	20	2
128	180	20	2
128	240	19	1
128	241	19	1
128	250	31	2
128	251	31	2
128	278	24	1
128	279	24	1
128	280	24	1
128	281	24	1
128	282	24	1
128	293	9	1
128	294	9	1
128	295	9	1
128	296	9	1
128	317	31	3
128	347	12	1
128	348	12	1
128	349	12	1
128	350	12	1
128	351	12	1
128	359	20	2
128	360	20	2
129	36	25	3
129	37	25	3
129	53	27	2
129	54	27	2
129	63	6	3
129	64	6	3
129	65	6	3
129	66	6	3
129	81	2	2
129	82	2	2
129	83	2	2
129	97	28	2
129	158	17	2
129	159	17	2
129	160	17	2
129	161	17	2
129	162	17	2
129	169	22	3
129	201	12	2
129	202	12	2
129	203	12	2
129	204	12	2
129	225	7	1
129	226	7	1
129	227	7	1
129	233	4	1
129	234	4	1
129	235	4	1
129	236	4	1
129	237	4	1
129	287	6	3
129	333	21	1
130	2	4	3
130	3	4	3
130	9	23	2
130	10	23	2
130	11	23	2
130	28	19	3
130	29	19	3
130	30	19	3
130	31	19	3
130	72	6	1
130	73	6	1
130	74	6	1
130	75	6	1
130	140	7	1
130	141	7	1
130	142	7	1
130	143	7	1
130	144	7	1
130	189	12	1
130	203	31	3
130	204	31	3
130	205	31	3
130	206	31	3
130	273	22	1
130	274	22	1
131	2	12	1
131	3	12	1
131	4	12	1
131	5	12	1
131	21	16	3
131	22	16	3
131	23	16	3
131	24	16	3
131	63	8	2
131	125	18	2
131	126	18	2
131	127	18	2
131	146	17	3
131	147	17	3
131	148	17	3
131	149	17	3
131	150	17	3
131	157	21	3
131	183	20	3
131	184	20	3
131	185	20	3
131	249	13	1
131	250	13	1
131	251	13	1
131	252	13	1
131	253	13	1
131	258	23	2
131	259	23	2
131	291	20	3
131	310	21	2
131	311	21	2
131	312	21	2
131	313	21	2
131	314	21	2
131	321	30	3
131	322	30	3
131	323	30	3
131	324	30	3
131	325	30	3
132	22	21	3
132	23	21	3
132	58	25	3
132	59	25	3
132	60	25	3
132	61	25	3
132	62	25	3
132	96	25	1
132	97	25	1
132	98	25	1
132	99	25	1
132	100	25	1
132	134	13	2
132	135	13	2
132	136	13	2
132	137	13	2
132	138	13	2
132	192	3	1
132	228	7	3
132	229	7	3
132	230	7	3
132	231	7	3
132	232	7	3
132	243	14	3
132	244	14	3
132	261	10	3
132	262	10	3
132	263	10	3
132	264	10	3
132	265	10	3
132	284	18	1
132	285	18	1
132	286	18	1
132	301	16	2
132	315	4	2
132	316	4	2
132	317	4	2
132	318	4	2
132	348	20	2
132	349	20	2
132	350	20	2
132	351	20	2
132	352	20	2
133	22	23	1
133	23	23	1
133	31	15	1
133	32	15	1
133	33	15	1
133	34	15	1
133	35	15	1
133	43	15	1
133	44	15	1
133	45	15	1
133	64	1	3
133	65	1	3
133	66	1	3
133	128	23	1
133	161	25	3
133	162	25	3
133	163	25	3
133	164	25	3
133	165	25	3
133	170	9	1
133	171	9	1
133	172	9	1
133	173	9	1
133	217	16	1
133	218	16	1
133	244	20	2
133	245	20	2
133	246	20	2
133	247	20	2
133	271	23	1
133	272	23	1
133	273	23	1
133	274	23	1
133	275	23	1
133	283	15	1
133	350	17	2
133	351	17	2
133	352	17	2
133	353	17	2
133	357	16	3
133	358	16	3
133	359	16	3
134	16	30	2
134	17	30	2
134	23	0	1
134	24	0	1
134	25	0	1
134	26	0	1
134	27	0	1
134	44	20	2
134	45	20	2
134	46	20	2
134	47	20	2
134	48	20	2
134	144	24	2
134	145	24	2
134	146	24	2
134	147	24	2
134	148	24	2
134	205	30	1
134	206	30	1
134	235	21	2
134	236	21	2
134	237	21	2
134	238	21	2
134	278	6	2
134	279	6	2
134	280	6	2
134	281	6	2
134	295	6	2
134	296	6	2
134	297	6	2
134	298	6	2
134	299	6	2
134	334	19	3
134	335	19	3
134	336	19	3
134	337	19	3
134	338	19	3
135	104	1	2
135	105	1	2
135	106	1	2
135	166	11	2
135	185	4	1
135	186	4	1
135	187	4	1
135	188	4	1
135	210	27	1
135	252	1	2
135	253	1	2
135	254	1	2
135	255	1	2
135	357	28	3
135	358	28	3
135	359	28	3
136	38	11	2
136	39	11	2
136	145	6	3
136	156	18	1
136	157	18	1
136	158	18	1
136	159	18	1
136	160	18	1
136	266	13	2
136	267	13	2
136	268	13	2
136	269	13	2
136	270	13	2
136	292	17	3
136	293	17	3
136	323	15	2
136	324	15	2
136	328	9	1
136	329	9	1
136	330	9	1
136	338	8	1
136	339	8	1
136	340	8	1
136	341	8	1
136	345	4	1
136	346	4	1
136	350	14	1
136	351	14	1
136	352	14	1
137	77	4	2
137	78	4	2
137	108	13	2
137	109	13	2
137	124	9	3
137	139	18	1
137	140	18	1
137	141	18	1
137	153	23	1
137	154	23	1
137	155	23	1
137	156	23	1
137	160	23	2
137	161	23	2
137	275	6	2
137	276	6	2
137	277	6	2
137	278	6	2
137	279	6	2
137	330	3	1
137	354	6	1
137	355	6	1
137	360	18	3
137	361	18	3
137	362	18	3
138	14	4	2
138	20	9	1
138	38	19	3
138	39	19	3
138	40	19	3
138	41	19	3
138	42	19	3
138	64	15	1
138	65	15	1
138	94	15	2
138	95	15	2
138	96	15	2
138	109	6	3
138	110	6	3
138	120	15	1
138	121	15	1
138	143	15	2
138	144	15	2
138	173	18	2
138	174	18	2
138	175	18	2
138	176	18	2
138	188	1	2
138	189	1	2
138	201	0	3
138	202	0	3
138	203	0	3
138	248	9	2
138	283	29	2
138	324	5	3
139	22	22	2
139	70	19	3
139	71	19	3
139	72	19	3
139	73	19	3
139	74	19	3
139	78	4	3
139	79	4	3
139	141	9	3
139	142	9	3
139	143	9	3
139	248	4	2
139	252	24	3
139	253	24	3
139	254	24	3
139	255	24	3
139	263	9	2
139	264	9	2
139	265	9	2
139	298	24	1
139	330	5	3
139	346	4	3
139	347	4	3
139	348	4	3
140	3	9	2
140	20	10	2
140	21	10	2
140	22	10	2
140	23	10	2
140	36	9	3
140	37	9	3
140	38	9	3
140	39	9	3
140	40	9	3
140	72	4	2
140	73	4	2
140	105	15	3
140	106	15	3
140	107	15	3
140	108	15	3
140	135	10	3
140	136	10	3
140	137	10	3
140	138	10	3
140	139	10	3
140	147	24	2
140	148	24	2
140	149	24	2
140	150	24	2
140	213	26	2
140	214	26	2
140	215	26	2
140	233	13	3
140	234	13	3
140	235	13	3
140	236	13	3
140	287	27	3
140	288	27	3
140	289	27	3
140	290	27	3
140	291	27	3
140	318	19	2
140	319	19	2
140	320	19	2
140	321	19	2
140	322	19	2
141	48	0	3
141	49	0	3
141	50	0	3
141	51	0	3
141	57	8	3
141	63	11	1
141	75	31	3
141	76	31	3
141	77	31	3
141	78	31	3
141	79	31	3
141	223	19	2
141	224	19	2
141	225	19	2
141	237	20	1
141	238	20	1
141	239	20	1
141	244	9	2
141	245	9	2
141	246	9	2
141	247	9	2
141	253	3	3
141	254	3	3
141	255	3	3
141	313	31	2
141	314	31	2
141	355	19	3
141	356	19	3
141	357	19	3
142	9	6	1
142	10	6	1
142	11	6	1
142	51	20	1
142	52	20	1
142	57	18	3
142	58	18	3
142	59	18	3
142	60	18	3
142	61	18	3
142	67	20	3
142	68	20	3
142	69	20	3
142	70	20	3
142	185	20	2
142	186	20	2
142	187	20	2
142	188	20	2
142	278	13	3
142	302	28	2
142	303	28	2
142	314	18	1
143	10	3	2
143	11	3	2
143	12	3	2
143	47	15	3
143	68	6	3
143	69	6	3
143	115	17	1
143	116	17	1
143	123	0	2
143	156	28	3
143	157	28	3
143	158	28	3
143	159	28	3
143	160	28	3
143	172	21	2
143	173	21	2
143	174	21	2
143	175	21	2
143	176	21	2
143	184	19	3
143	185	19	3
143	186	19	3
143	187	19	3
143	196	22	1
143	197	22	1
143	198	22	1
143	219	20	1
143	259	29	2
143	260	29	2
143	261	29	2
143	262	29	2
143	309	16	2
143	342	2	2
143	358	19	2
143	359	19	2
143	360	19	2
143	361	19	2
144	71	7	1
144	72	7	1
144	73	7	1
144	77	2	2
144	92	7	3
144	93	7	3
144	140	1	1
144	141	1	1
144	142	1	1
144	165	2	2
144	166	2	2
144	167	2	2
144	168	2	2
144	181	23	1
144	182	23	1
144	183	23	1
144	184	23	1
144	185	23	1
144	295	12	1
144	296	12	1
144	297	12	1
144	298	12	1
144	299	12	1
144	337	8	3
144	358	7	2
144	359	7	2
144	360	7	2
144	361	7	2
145	0	14	1
145	1	14	1
145	2	14	1
145	3	14	1
145	20	16	2
145	21	16	2
145	22	16	2
145	28	6	2
145	49	29	2
145	50	29	2
145	51	29	2
145	111	9	3
145	112	9	3
145	113	9	3
145	121	16	3
145	122	16	3
145	123	16	3
145	170	26	2
145	171	26	2
145	189	19	3
145	190	19	3
145	191	19	3
145	250	8	2
145	251	8	2
145	262	9	1
145	263	9	1
145	264	9	1
145	311	23	2
145	312	23	2
146	124	19	1
146	125	19	1
146	140	7	1
146	141	7	1
146	177	19	2
146	178	19	2
146	179	19	2
146	242	30	1
146	250	4	3
146	251	4	3
146	252	4	3
146	253	4	3
146	260	18	1
146	359	8	3
146	360	8	3
146	361	8	3
147	212	12	3
147	213	12	3
147	214	12	3
147	215	12	3
147	216	12	3
147	300	2	1
147	301	2	1
147	302	2	1
147	303	2	1
147	304	2	1
147	309	25	2
147	323	8	2
147	324	8	2
147	325	8	2
147	326	8	2
147	327	8	2
147	334	6	3
147	335	6	3
147	336	6	3
148	1	8	2
148	2	8	2
148	3	8	2
148	28	16	3
148	29	16	3
148	70	28	1
148	71	28	1
148	72	28	1
148	81	27	1
148	82	27	1
148	83	27	1
148	84	27	1
148	85	27	1
148	153	3	1
148	157	24	1
148	158	24	1
148	227	7	2
148	238	15	3
148	239	15	3
148	240	15	3
148	258	18	1
148	259	18	1
148	260	18	1
148	261	18	1
148	262	18	1
148	341	15	3
148	342	15	3
148	343	15	3
149	48	29	2
149	49	29	2
149	50	29	2
149	51	29	2
149	52	29	2
149	80	2	2
149	94	26	2
149	95	26	2
149	96	26	2
149	97	26	2
149	98	26	2
149	114	20	3
149	115	20	3
149	116	20	3
149	117	20	3
149	118	20	3
149	126	5	1
149	127	5	1
149	147	18	3
149	148	18	3
149	149	18	3
149	150	18	3
149	172	8	2
149	177	16	3
149	178	16	3
149	291	20	2
149	292	20	2
149	293	20	2
149	334	2	3
149	335	2	3
149	336	2	3
149	337	2	3
149	357	7	1
149	358	7	1
149	359	7	1
