0 0 18
0 1 18
0 2 7
0 3 6
0 4 11
0 5 11
0 6 13
0 7 18
0 8 18
0 9 0
0 10 4
0 11 12
0 12 18
0 13 18
0 14 12
0 15 12
0 16 11
0 17 12
0 18 18
0 19 18
0 20 18
0 21 11
0 22 13
0 23 18
0 24 18
0 25 18
0 26 7
0 27 8
1 0 12
1 1 11
1 2 12
1 3 10
1 4 12
1 5 18
1 6 18
1 7 10
1 8 10
1 9 10
1 10 18
1 11 18
1 12 10
1 13 14
1 14 10
1 15 11
1 16 18
1 17 18
1 18 18
1 19 18
1 20 1
1 21 1
1 22 1
1 23 1
1 24 9
1 25 18
1 26 18
1 27 18
2 0 18
2 1 18
2 2 3
2 3 3
2 4 4
2 5 18
2 6 18
2 7 3
2 8 3
2 9 18
2 10 18
2 11 18
2 12 18
2 13 18
2 14 11
2 15 16
2 16 15
2 17 18
2 18 18
2 19 1
2 20 1
2 21 17
2 22 18
2 23 18
2 24 1
2 25 11
2 26 15
2 27 16
3 0 18
3 1 18
3 2 18
3 3 9
3 4 13
3 5 12
3 6 13
3 7 13
3 8 18
3 9 18
3 10 7
3 11 8
3 12 18
3 13 18
3 14 18
3 15 13
3 16 13
3 17 12
3 18 12
3 19 13
3 20 18
3 21 18
3 22 18
3 23 18
3 24 13
3 25 14
3 26 18
3 27 18
4 0 10
4 1 10
4 2 14
4 3 18
4 4 18
4 5 7
4 6 7
4 7 10
4 8 11
4 9 18
4 10 18
4 11 18
4 12 18
4 13 18
4 14 2
4 15 11
4 16 18
4 17 18
4 18 9
4 19 10
4 20 15
4 21 16
4 22 18
4 23 18
4 24 12
4 25 16
4 26 18
4 27 18
5 0 9
5 1 17
5 2 18
5 3 18
5 4 18
5 5 14
5 6 12
5 7 14
5 8 17
5 9 18
5 10 18
5 11 6
5 12 5
5 13 9
5 14 16
5 15 16
5 16 18
5 17 18
5 18 18
5 19 18
5 20 18
5 21 18
5 22 18
5 23 1
5 24 12
5 25 12
5 26 18
5 27 18
6 0 4
6 1 18
6 2 18
6 3 2
6 4 2
6 5 1
6 6 2
6 7 18
6 8 18
6 9 0
6 10 7
6 11 18
6 12 18
6 13 1
6 14 11
6 15 18
6 16 18
6 17 11
6 18 11
6 19 18
6 20 18
6 21 5
6 22 15
6 23 15
6 24 16
6 25 16
6 26 18
6 27 18
7 0 2
7 1 4
7 2 18
7 3 18
7 4 9
7 5 10
7 6 13
7 7 18
7 8 18
7 9 4
7 10 12
7 11 18
7 12 18
7 13 2
7 14 6
7 15 14
7 16 18
7 17 18
7 18 18
7 19 18
7 20 18
7 21 2
7 22 2
7 23 2
7 24 9
7 25 10
7 26 18
7 27 18
8 0 1
8 1 1
8 2 5
8 3 6
8 4 5
8 5 18
8 6 18
8 7 11
8 8 14
8 9 10
8 10 18
8 11 18
8 12 11
8 13 12
8 14 18
8 15 18
8 16 18
8 17 18
8 18 18
8 19 18
8 20 18
8 21 0
8 22 4
8 23 11
8 24 18
8 25 18
8 26 4
8 27 14
9 0 14
9 1 12
9 2 14
9 3 12
9 4 14
9 5 18
9 6 18
9 7 6
9 8 12
9 9 12
9 10 14
9 11 11
9 12 18
9 13 18
9 14 18
9 15 18
9 16 18
9 17 18
9 18 2
9 19 5
9 20 6
9 21 6
9 22 18
9 23 18
9 24 18
9 25 18
9 26 0
9 27 0
10 0 7
10 1 10
10 2 18
10 3 18
10 4 18
10 5 18
10 6 18
10 7 5
10 8 5
10 9 7
10 10 16
10 11 15
10 12 18
10 13 18
10 14 13
10 15 11
10 16 18
10 17 18
10 18 2
10 19 7
10 20 6
10 21 5
10 22 5
10 23 18
10 24 18
10 25 10
10 26 10
10 27 10
11 0 18
11 1 5
11 2 5
11 3 7
11 4 18
11 5 18
11 6 2
11 7 2
11 8 18
11 9 18
11 10 2
11 11 3
11 12 0
11 13 0
11 14 18
11 15 18
11 16 8
11 17 5
11 18 6
11 19 18
11 20 18
11 21 6
11 22 6
11 23 7
11 24 15
11 25 15
11 26 18
11 27 18
12 0 4
12 1 18
12 2 18
12 3 2
12 4 1
12 5 18
12 6 18
12 7 0
12 8 0
12 9 0
12 10 11
12 11 13
12 12 18
12 13 18
12 14 1
12 15 9
12 16 18
12 17 18
12 18 2
12 19 1
12 20 5
12 21 13
12 22 18
12 23 18
12 24 18
12 25 18
12 26 5
12 27 9
13 0 7
13 1 16
13 2 18
13 3 18
13 4 6
13 5 7
13 6 4
13 7 15
13 8 18
13 9 18
13 10 13
13 11 16
13 12 18
13 13 18
13 14 18
13 15 0
13 16 0
13 17 8
13 18 6
13 19 18
13 20 18
13 21 18
13 22 18
13 23 18
13 24 1
13 25 1
13 26 2
13 27 2
14 0 18
14 1 18
14 2 2
14 3 4
14 4 13
14 5 18
14 6 18
14 7 0
14 8 8
14 9 8
14 10 18
14 11 18
14 12 18
14 13 18
14 14 3
14 15 16
14 16 18
14 17 18
14 18 0
14 19 3
14 20 0
14 21 3
14 22 13
14 23 18
14 24 18
14 25 18
14 26 3
14 27 5
15 0 15
15 1 18
15 2 18
15 3 11
15 4 11
15 5 18
15 6 18
15 7 1
15 8 11
15 9 18
15 10 18
15 11 3
15 12 3
15 13 3
15 14 18
15 15 18
15 16 9
15 17 11
15 18 15
15 19 18
15 20 18
15 21 9
15 22 10
15 23 12
15 24 18
15 25 18
15 26 0
15 27 8
16 0 18
16 1 0
16 2 13
16 3 13
16 4 10
16 5 18
16 6 18
16 7 18
16 8 7
16 9 4
16 10 18
16 11 18
16 12 18
16 13 18
16 14 6
16 15 7
16 16 7
16 17 18
16 18 18
16 19 0
16 20 7
16 21 7
16 22 7
16 23 12
16 24 18
16 25 18
16 26 12
16 27 17
17 0 18
17 1 18
17 2 4
17 3 17
17 4 15
17 5 16
17 6 16
17 7 18
17 8 18
17 9 18
17 10 18
17 11 3
17 12 8
17 13 5
17 14 12
17 15 18
17 16 18
17 17 12
17 18 12
17 19 18
17 20 18
17 21 14
17 22 12
17 23 11
17 24 15
17 25 18
17 26 18
17 27 18
18 0 18
18 1 18
18 2 13
18 3 12
18 4 12
18 5 18
18 6 18
18 7 0
18 8 8
18 9 11
18 10 17
18 11 18
18 12 18
18 13 18
18 14 18
18 15 7
18 16 8
18 17 18
18 18 18
18 19 18
18 20 5
18 21 14
18 22 11
18 23 14
18 24 16
18 25 18
18 26 18
18 27 0
19 0 5
19 1 5
19 2 9
19 3 17
19 4 18
19 5 18
19 6 18
19 7 18
19 8 18
19 9 18
19 10 18
19 11 0
19 12 3
19 13 3
19 14 1
19 15 14
19 16 18
19 17 18
19 18 1
19 19 1
19 20 0
19 21 17
19 22 16
19 23 18
19 24 18
19 25 18
19 26 18
19 27 18
20 0 16
20 1 18
20 2 18
20 3 8
20 4 9
20 5 18
20 6 18
20 7 9
20 8 10
20 9 18
20 10 18
20 11 4
20 12 14
20 13 16
20 14 18
20 15 18
20 16 18
20 17 18
20 18 7
20 19 7
20 20 8
20 21 12
20 22 18
20 23 18
20 24 14
20 25 17
20 26 18
20 27 18
21 0 2
21 1 14
21 2 18
21 3 18
21 4 0
21 5 10
21 6 11
21 7 18
21 8 18
21 9 6
21 10 14
21 11 18
21 12 18
21 13 18
21 14 11
21 15 13
21 16 13
21 17 16
21 18 18
21 19 18
21 20 18
21 21 2
21 22 0
21 23 11
21 24 10
21 25 18
21 26 18
21 27 0
22 0 8
22 1 18
22 2 18
22 3 7
22 4 7
22 5 5
22 6 4
22 7 18
22 8 18
22 9 7
22 10 17
22 11 18
22 12 18
22 13 6
22 14 4
22 15 12
22 16 18
22 17 18
22 18 18
22 19 18
22 20 18
22 21 5
22 22 7
22 23 13
22 24 12
22 25 14
22 26 18
22 27 18
23 0 3
23 1 4
23 2 18
23 3 18
23 4 3
23 5 3
23 6 3
23 7 12
23 8 12
23 9 18
23 10 18
23 11 18
23 12 3
23 13 2
23 14 12
23 15 13
23 16 14
23 17 18
23 18 18
23 19 18
23 20 18
23 21 12
23 22 13
23 23 18
23 24 18
23 25 18
23 26 18
23 27 18
24 0 0
24 1 6
24 2 4
24 3 14
24 4 12
24 5 18
24 6 18
24 7 13
24 8 13
24 9 13
24 10 18
24 11 18
24 12 6
24 13 8
24 14 18
24 15 18
24 16 18
24 17 18
24 18 8
24 19 7
24 20 13
24 21 13
24 22 11
24 23 18
24 24 18
24 25 18
24 26 18
24 27 18
25 0 18
25 1 1
25 2 14
25 3 11
25 4 14
25 5 18
25 6 18
25 7 1
25 8 0
25 9 0
25 10 18
25 11 18
25 12 0
25 13 2
25 14 18
25 15 18
25 16 0
25 17 1
25 18 12
25 19 10
25 20 10
25 21 18
25 22 18
25 23 0
25 24 12
25 25 18
25 26 18
25 27 18
26 0 6
26 1 6
26 2 18
26 3 18
26 4 18
26 5 6
26 6 11
26 7 10
26 8 10
26 9 17
26 10 18
26 11 18
26 12 18
26 13 18
26 14 9
26 15 17
26 16 15
26 17 15
26 18 18
26 19 18
26 20 18
26 21 11
26 22 16
26 23 16
26 24 18
26 25 18
26 26 6
26 27 10
27 0 18
27 1 1
27 2 13
27 3 18
27 4 18
27 5 2
27 6 8
27 7 18
27 8 18
27 9 3
27 10 3
27 11 2
27 12 18
27 13 18
27 14 18
27 15 7
27 16 7
27 17 4
27 18 17
27 19 18
27 20 18
27 21 18
27 22 11
27 23 10
27 24 18
27 25 18
27 26 16
27 27 16
28 0 1
28 1 18
28 2 18
28 3 2
28 4 5
28 5 6
28 6 6
28 7 5
28 8 18
28 9 18
28 10 2
28 11 12
28 12 12
28 13 12
28 14 18
28 15 18
28 16 1
28 17 2
28 18 18
28 19 18
28 20 18
28 21 6
28 22 6
28 23 6
28 24 6
28 25 13
28 26 18
28 27 18
29 0 4
29 1 14
29 2 18
29 3 18
29 4 7
29 5 5
29 6 10
29 7 10
29 8 15
29 9 18
29 10 18
29 11 11
29 12 11
29 13 14
29 14 18
29 15 18
29 16 9
29 17 10
29 18 12
29 19 18
29 20 18
29 21 18
29 22 15
29 23 16
29 24 18
29 25 18
29 26 18
29 27 18
30 0 11
30 1 11
30 2 11
30 3 11
30 4 15
30 5 18
30 6 18
30 7 18
30 8 12
30 9 11
30 10 10
30 11 10
30 12 15
30 13 18
30 14 18
30 15 18
30 16 0
30 17 0
30 18 2
30 19 9
30 20 17
30 21 18
30 22 18
30 23 1
30 24 15
30 25 18
30 26 18
30 27 18
31 0 18
31 1 9
31 2 11
31 3 13
31 4 18
31 5 18
31 6 2
31 7 6
31 8 7
31 9 6
31 10 5
31 11 18
31 12 18
31 13 18
31 14 8
31 15 8
31 16 5
31 17 18
31 18 18
31 19 2
31 20 2
31 21 3
31 22 7
31 23 4
31 24 18
31 25 18
31 26 18
31 27 18
32 0 18
32 1 13
32 2 12
32 3 12
32 4 12
32 5 18
32 6 18
32 7 18
32 8 1
32 9 2
32 10 1
32 11 1
32 12 18
32 13 18
32 14 0
32 15 0
32 16 18
32 17 18
32 18 11
32 19 12
32 20 18
32 21 18
32 22 0
32 23 7
32 24 10
32 25 12
32 26 17
32 27 18
33 0 17
33 1 18
33 2 18
33 3 1
33 4 0
33 5 4
33 6 18
33 7 18
33 8 12
33 9 12
33 10 18
33 11 18
33 12 1
33 13 0
33 14 1
33 15 0
33 16 4
33 17 18
33 18 18
33 19 18
33 20 18
33 21 0
33 22 15
33 23 17
33 24 16
33 25 18
33 26 18
33 27 18
34 0 18
34 1 8
34 2 8
34 3 18
34 4 18
34 5 5
34 6 6
34 7 18
34 8 18
34 9 9
34 10 17
34 11 18
34 12 18
34 13 6
34 14 11
34 15 15
34 16 17
34 17 16
34 18 18
34 19 18
34 20 18
34 21 1
34 22 0
34 23 1
34 24 6
34 25 18
34 26 18
34 27 18
35 0 18
35 1 5
35 2 5
35 3 5
35 4 5
35 5 18
35 6 18
35 7 1
35 8 3
35 9 7
35 10 5
35 11 15
35 12 18
35 13 18
35 14 5
35 15 15
35 16 18
35 17 18
35 18 7
35 19 7
35 20 7
35 21 18
35 22 18
35 23 18
35 24 18
35 25 18
35 26 16
35 27 16
36 0 12
36 1 18
36 2 18
36 3 15
36 4 17
36 5 18
36 6 18
36 7 14
36 8 11
36 9 11
36 10 14
36 11 18
36 12 18
36 13 1
36 14 7
36 15 18
36 16 18
36 17 1
36 18 17
36 19 18
36 20 18
36 21 0
36 22 1
36 23 2
36 24 18
36 25 18
36 26 11
36 27 12
37 0 18
37 1 0
37 2 9
37 3 18
37 4 18
37 5 18
37 6 18
37 7 3
37 8 9
37 9 14
37 10 18
37 11 18
37 12 2
37 13 1
37 14 14
37 15 18
37 16 18
37 17 0
37 18 8
37 19 18
37 20 18
37 21 4
37 22 14
37 23 18
37 24 18
37 25 18
37 26 15
37 27 16
38 0 18
38 1 3
38 2 0
38 3 15
38 4 18
38 5 18
38 6 18
38 7 18
38 8 18
38 9 2
38 10 15
38 11 16
38 12 16
38 13 15
38 14 18
38 15 18
38 16 11
38 17 14
38 18 10
38 19 18
38 20 18
38 21 10
38 22 10
38 23 10
38 24 18
38 25 18
38 26 2
38 27 7
39 0 16
39 1 18
39 2 18
39 3 12
39 4 12
39 5 12
39 6 12
39 7 10
39 8 18
39 9 18
39 10 4
39 11 13
39 12 18
39 13 18
39 14 18
39 15 14
39 16 12
39 17 11
39 18 18
39 19 18
39 20 18
39 21 18
39 22 10
39 23 12
39 24 18
39 25 18
39 26 9
39 27 13
40 0 18
40 1 18
40 2 9
40 3 10
40 4 18
40 5 18
40 6 18
40 7 11
40 8 11
40 9 18
40 10 18
40 11 12
40 12 12
40 13 12
40 14 12
40 15 14
40 16 18
40 17 18
40 18 1
40 19 13
40 20 18
40 21 18
40 22 8
40 23 8
40 24 8
40 25 8
40 26 18
40 27 18
41 0 2
41 1 9
41 2 13
41 3 17
41 4 16
41 5 18
41 6 18
41 7 18
41 8 18
41 9 18
41 10 9
41 11 10
41 12 13
41 13 13
41 14 11
41 15 18
41 16 18
41 17 18
41 18 5
41 19 16
41 20 18
41 21 18
41 22 2
41 23 9
41 24 18
41 25 18
41 26 18
41 27 18
42 0 0
42 1 0
42 2 0
42 3 0
42 4 0
42 5 18
42 6 18
42 7 7
42 8 6
42 9 13
42 10 18
42 11 18
42 12 0
42 13 0
42 14 7
42 15 5
42 16 18
42 17 18
42 18 6
42 19 14
42 20 18
42 21 18
42 22 18
42 23 6
42 24 16
42 25 18
42 26 18
42 27 18
43 0 18
43 1 15
43 2 17
43 3 18
43 4 18
43 5 7
43 6 5
43 7 5
43 8 15
43 9 17
43 10 18
43 11 18
43 12 18
43 13 18
43 14 0
43 15 1
43 16 3
43 17 10
43 18 10
43 19 18
43 20 18
43 21 18
43 22 18
43 23 4
43 24 12
43 25 18
43 26 18
43 27 9
44 0 18
44 1 18
44 2 14
44 3 12
44 4 10
44 5 18
44 6 18
44 7 6
44 8 6
44 9 5
44 10 4
44 11 18
44 12 18
44 13 0
44 14 2
44 15 7
44 16 7
44 17 18
44 18 18
44 19 0
44 20 0
44 21 15
44 22 15
44 23 15
44 24 18
44 25 18
44 26 18
44 27 18
45 0 15
45 1 18
45 2 18
45 3 6
45 4 14
45 5 10
45 6 14
45 7 18
45 8 18
45 9 13
45 10 10
45 11 18
45 12 18
45 13 8
45 14 8
45 15 8
45 16 6
45 17 15
45 18 18
45 19 18
45 20 18
45 21 18
45 22 18
45 23 10
45 24 10
45 25 10
45 26 18
45 27 18
46 0 18
46 1 18
46 2 18
46 3 1
46 4 11
46 5 18
46 6 18
46 7 12
46 8 16
46 9 18
46 10 18
46 11 5
46 12 15
46 13 15
46 14 15
46 15 18
46 16 18
46 17 5
46 18 8
46 19 18
46 20 18
46 21 5
46 22 9
46 23 10
46 24 11
46 25 18
46 26 18
46 27 1
47 0 12
47 1 10
47 2 18
47 3 18
47 4 7
47 5 14
47 6 18
47 7 18
47 8 2
47 9 2
47 10 18
47 11 18
47 12 18
47 13 18
47 14 2
47 15 5
47 16 5
47 17 18
47 18 18
47 19 4
47 20 14
47 21 17
47 22 18
47 23 18
47 24 5
47 25 7
47 26 18
47 27 18
48 0 18
48 1 18
48 2 18
48 3 18
48 4 3
48 5 1
48 6 13
48 7 16
48 8 18
48 9 18
48 10 0
48 11 2
48 12 18
48 13 18
48 14 0
48 15 4
48 16 18
48 17 18
48 18 3
48 19 3
48 20 2
48 21 14
48 22 18
48 23 18
48 24 13
48 25 16
48 26 18
48 27 18
49 0 15
49 1 18
49 2 18
49 3 10
49 4 10
49 5 18
49 6 18
49 7 3
49 8 7
49 9 13
49 10 14
49 11 17
49 12 18
49 13 18
49 14 18
49 15 18
49 16 18
49 17 18
49 18 4
49 19 11
49 20 18
49 21 18
49 22 5
49 23 9
49 24 18
49 25 18
49 26 10
49 27 13
50 0 18
50 1 18
50 2 0
50 3 12
50 4 18
50 5 18
50 6 18
50 7 12
50 8 17
50 9 15
50 10 18
50 11 18
50 12 15
50 13 16
50 14 16
50 15 18
50 16 18
50 17 1
50 18 2
50 19 18
50 20 18
50 21 18
50 22 18
50 23 0
50 24 0
50 25 13
50 26 12
50 27 12
51 0 18
51 1 18
51 2 2
51 3 2
51 4 2
51 5 8
51 6 9
51 7 18
51 8 18
51 9 7
51 10 13
51 11 18
51 12 18
51 13 11
51 14 15
51 15 18
51 16 18
51 17 15
51 18 15
51 19 18
51 20 18
51 21 18
51 22 3
51 23 7
51 24 7
51 25 5
51 26 18
51 27 18
52 0 8
52 1 18
52 2 18
52 3 1
52 4 6
52 5 6
52 6 15
52 7 18
52 8 18
52 9 18
52 10 8
52 11 7
52 12 7
52 13 12
52 14 14
52 15 18
52 16 18
52 17 6
52 18 14
52 19 18
52 20 18
52 21 18
52 22 7
52 23 6
52 24 4
52 25 18
52 26 18
52 27 18
53 0 18
53 1 18
53 2 11
53 3 17
53 4 18
53 5 18
53 6 18
53 7 4
53 8 16
53 9 18
53 10 18
53 11 5
53 12 5
53 13 5
53 14 4
53 15 15
53 16 18
53 17 18
53 18 2
53 19 2
53 20 5
53 21 6
53 22 18
53 23 18
53 24 0
53 25 2
53 26 18
53 27 18
54 0 11
54 1 18
54 2 18
54 3 8
54 4 9
54 5 13
54 6 11
54 7 18
54 8 18
54 9 9
54 10 11
54 11 13
54 12 18
54 13 18
54 14 18
54 15 18
54 16 18
54 17 18
54 18 18
54 19 18
54 20 18
54 21 2
54 22 16
54 23 18
54 24 18
54 25 1
54 26 13
54 27 13
55 0 9
55 1 18
55 2 18
55 3 16
55 4 16
55 5 18
55 6 18
55 7 7
55 8 11
55 9 17
55 10 18
55 11 18
55 12 13
55 13 13
55 14 10
55 15 18
55 16 18
55 17 15
55 18 15
55 19 18
55 20 18
55 21 18
55 22 18
55 23 18
55 24 1
55 25 1
55 26 1
55 27 1
56 0 18
56 1 18
56 2 9
56 3 10
56 4 18
56 5 18
56 6 18
56 7 2
56 8 4
56 9 15
56 10 18
56 11 18
56 12 1
56 13 0
56 14 5
56 15 4
56 16 16
56 17 18
56 18 18
56 19 18
56 20 18
56 21 18
56 22 18
56 23 18
56 24 2
56 25 4
56 26 15
56 27 17
57 0 14
57 1 18
57 2 18
57 3 18
57 4 4
57 5 12
57 6 18
57 7 18
57 8 9
57 9 16
57 10 16
57 11 18
57 12 18
57 13 18
57 14 5
57 15 8
57 16 12
57 17 15
57 18 18
57 19 18
57 20 18
57 21 18
57 22 18
57 23 18
57 24 0
57 25 0
57 26 9
57 27 12
58 0 0
58 1 2
58 2 2
58 3 3
58 4 15
58 5 18
58 6 18
58 7 18
58 8 18
58 9 18
58 10 18
58 11 18
58 12 18
58 13 18
58 14 2
58 15 2
58 16 10
58 17 18
58 18 18
58 19 13
58 20 16
58 21 16
58 22 18
58 23 18
58 24 11
58 25 12
58 26 14
58 27 11
59 0 8
59 1 5
59 2 6
59 3 18
59 4 18
59 5 3
59 6 6
59 7 18
59 8 18
59 9 2
59 10 9
59 11 18
59 12 18
59 13 18
59 14 0
59 15 15
59 16 16
59 17 16
59 18 15
59 19 18
59 20 18
59 21 18
59 22 18
59 23 18
59 24 18
59 25 0
59 26 3
59 27 3
60 0 18
60 1 18
60 2 1
60 3 0
60 4 18
60 5 18
60 6 1
60 7 17
60 8 18
60 9 18
60 10 9
60 11 17
60 12 18
60 13 18
60 14 18
60 15 1
60 16 12
60 17 12
60 18 18
60 19 18
60 20 18
60 21 8
60 22 8
60 23 8
60 24 9
60 25 18
60 26 18
60 27 1
61 0 8
61 1 9
61 2 18
61 3 18
61 4 1
61 5 1
61 6 9
61 7 11
61 8 18
61 9 18
61 10 18
61 11 10
61 12 16
61 13 16
61 14 18
61 15 18
61 16 10
61 17 11
61 18 11
61 19 18
61 20 18
61 21 1
61 22 2
61 23 11
61 24 18
61 25 18
61 26 18
61 27 18
62 0 17
62 1 18
62 2 18
62 3 18
62 4 18
62 5 18
62 6 18
62 7 8
62 8 8
62 9 8
62 10 8
62 11 5
62 12 18
62 13 18
62 14 18
62 15 18
62 16 18
62 17 18
62 18 12
62 19 17
62 20 16
62 21 16
62 22 18
62 23 18
62 24 2
62 25 3
62 26 7
62 27 8
63 0 18
63 1 18
63 2 1
63 3 0
63 4 18
63 5 18
63 6 18
63 7 18
63 8 6
63 9 14
63 10 18
63 11 18
63 12 0
63 13 5
63 14 4
63 15 12
63 16 11
63 17 18
63 18 18
63 19 6
63 20 4
63 21 15
63 22 18
63 23 18
63 24 4
63 25 17
63 26 18
63 27 18
64 0 1
64 1 7
64 2 5
64 3 18
64 4 18
64 5 3
64 6 1
64 7 5
64 8 18
64 9 18
64 10 11
64 11 14
64 12 18
64 13 18
64 14 18
64 15 6
64 16 5
64 17 5
64 18 12
64 19 18
64 20 18
64 21 1
64 22 5
64 23 18
64 24 18
64 25 18
64 26 11
64 27 11
65 0 12
65 1 16
65 2 16
65 3 18
65 4 18
65 5 18
65 6 18
65 7 18
65 8 15
65 9 15
65 10 18
65 11 18
65 12 4
65 13 14
65 14 10
65 15 12
65 16 14
65 17 18
65 18 18
65 19 2
65 20 9
65 21 12
65 22 12
65 23 18
65 24 18
65 25 18
65 26 18
65 27 18
66 0 18
66 1 18
66 2 18
66 3 7
66 4 6
66 5 18
66 6 18
66 7 4
66 8 15
66 9 18
66 10 18
66 11 15
66 12 15
66 13 17
66 14 18
66 15 18
66 16 0
66 17 9
66 18 18
66 19 18
66 20 18
66 21 18
66 22 18
66 23 18
66 24 3
66 25 1
66 26 9
66 27 13
67 0 3
67 1 3
67 2 17
67 3 18
67 4 18
67 5 5
67 6 5
67 7 5
67 8 12
67 9 12
67 10 18
67 11 18
67 12 18
67 13 18
67 14 18
67 15 18
67 16 6
67 17 5
67 18 10
67 19 10
67 20 11
67 21 18
67 22 18
67 23 5
67 24 10
67 25 18
67 26 18
67 27 18
68 0 9
68 1 18
68 2 18
68 3 10
68 4 16
68 5 18
68 6 18
68 7 18
68 8 5
68 9 5
68 10 6
68 11 8
68 12 17
68 13 18
68 14 18
68 15 18
68 16 0
68 17 0
68 18 6
68 19 18
68 20 18
68 21 18
68 22 18
68 23 18
68 24 11
68 25 11
68 26 10
68 27 11
69 0 7
69 1 6
69 2 14
69 3 18
69 4 18
69 5 18
69 6 18
69 7 18
69 8 14
69 9 16
69 10 18
69 11 18
69 12 3
69 13 17
69 14 18
69 15 18
69 16 17
69 17 16
69 18 18
69 19 18
69 20 18
69 21 1
69 22 6
69 23 5
69 24 18
69 25 18
69 26 5
69 27 7
70 0 18
70 1 18
70 2 1
70 3 7
70 4 13
70 5 18
70 6 18
70 7 9
70 8 10
70 9 10
70 10 10
70 11 10
70 12 18
70 13 18
70 14 18
70 15 18
70 16 18
70 17 18
70 18 10
70 19 10
70 20 10
70 21 10
70 22 10
70 23 18
70 24 18
70 25 15
70 26 15
70 27 15
71 0 18
71 1 18
71 2 8
71 3 15
71 4 15
71 5 18
71 6 18
71 7 18
71 8 7
71 9 6
71 10 8
71 11 16
71 12 18
71 13 18
71 14 18
71 15 18
71 16 3
71 17 3
71 18 18
71 19 18
71 20 3
71 21 10
71 22 18
71 23 18
71 24 7
71 25 8
71 26 8
71 27 7
72 0 18
72 1 18
72 2 18
72 3 18
72 4 7
72 5 4
72 6 14
72 7 15
72 8 18
72 9 18
72 10 18
72 11 18
72 12 8
72 13 6
72 14 18
72 15 18
72 16 14
72 17 17
72 18 15
72 19 18
72 20 18
72 21 2
72 22 2
72 23 0
72 24 3
72 25 4
72 26 18
72 27 18
73 0 5
73 1 8
73 2 11
73 3 18
73 4 18
73 5 7
73 6 7
73 7 7
73 8 18
73 9 18
73 10 7
73 11 7
73 12 18
73 13 18
73 14 18
73 15 18
73 16 0
73 17 1
73 18 5
73 19 18
73 20 18
73 21 18
73 22 18
73 23 2
73 24 1
73 25 3
73 26 0
73 27 1
74 0 6
74 1 6
74 2 18
74 3 18
74 4 1
74 5 11
74 6 12
74 7 16
74 8 18
74 9 18
74 10 6
74 11 4
74 12 18
74 13 18
74 14 18
74 15 1
74 16 1
74 17 2
74 18 16
74 19 18
74 20 18
74 21 18
74 22 18
74 23 18
74 24 2
74 25 2
74 26 6
74 27 7
75 0 18
75 1 10
75 2 10
75 3 10
75 4 18
75 5 18
75 6 18
75 7 6
75 8 13
75 9 14
75 10 10
75 11 18
75 12 18
75 13 18
75 14 18
75 15 18
75 16 18
75 17 9
75 18 11
75 19 11
75 20 16
75 21 18
75 22 18
75 23 18
75 24 5
75 25 4
75 26 11
75 27 12
76 0 6
76 1 13
76 2 17
76 3 16
76 4 16
76 5 18
76 6 18
76 7 18
76 8 18
76 9 18
76 10 2
76 11 2
76 12 6
76 13 7
76 14 5
76 15 18
76 16 18
76 17 18
76 18 0
76 19 1
76 20 3
76 21 7
76 22 5
76 23 18
76 24 18
76 25 18
76 26 18
76 27 18
77 0 18
77 1 8
77 2 7
77 3 14
77 4 18
77 5 18
77 6 18
77 7 18
77 8 5
77 9 5
77 10 11
77 11 10
77 12 18
77 13 18
77 14 3
77 15 3
77 16 3
77 17 18
77 18 18
77 19 6
77 20 8
77 21 18
77 22 18
77 23 18
77 24 18
77 25 18
77 26 7
77 27 4
78 0 0
78 1 2
78 2 16
78 3 18
78 4 18
78 5 3
78 6 7
78 7 12
78 8 17
78 9 16
78 10 18
78 11 18
78 12 18
78 13 18
78 14 1
78 15 0
78 16 6
78 17 18
78 18 18
78 19 13
78 20 13
78 21 18
78 22 18
78 23 1
78 24 11
78 25 18
78 26 18
78 27 18
79 0 18
79 1 18
79 2 7
79 3 8
79 4 8
79 5 18
79 6 18
79 7 8
79 8 16
79 9 18
79 10 18
79 11 18
79 12 18
79 13 18
79 14 0
79 15 10
79 16 18
79 17 18
79 18 8
79 19 15
79 20 15
79 21 15
79 22 18
79 23 18
79 24 13
79 25 13
79 26 11
79 27 11
80 0 11
80 1 18
80 2 18
80 3 18
80 4 6
80 5 7
80 6 15
80 7 18
80 8 18
80 9 7
80 10 5
80 11 6
80 12 18
80 13 18
80 14 18
80 15 1
80 16 2
80 17 2
80 18 1
80 19 15
80 20 18
80 21 18
80 22 3
80 23 3
80 24 3
80 25 3
80 26 18
80 27 18
81 0 4
81 1 11
81 2 17
81 3 18
81 4 18
81 5 6
81 6 14
81 7 15
81 8 18
81 9 18
81 10 6
81 11 9
81 12 18
81 13 18
81 14 3
81 15 2
81 16 1
81 17 18
81 18 18
81 19 5
81 20 6
81 21 15
81 22 18
81 23 18
81 24 18
81 25 18
81 26 18
81 27 18
82 0 0
82 1 0
82 2 18
82 3 18
82 4 18
82 5 18
82 6 18
82 7 13
82 8 14
82 9 18
82 10 18
82 11 9
82 12 14
82 13 16
82 14 16
82 15 18
82 16 18
82 17 0
82 18 10
82 19 18
82 20 18
82 21 18
82 22 9
82 23 13
82 24 18
82 25 18
82 26 1
82 27 6
83 0 6
83 1 17
83 2 15
83 3 15
83 4 17
83 5 18
83 6 18
83 7 18
83 8 18
83 9 1
83 10 0
83 11 0
83 12 18
83 13 18
83 14 18
83 15 18
83 16 18
83 17 7
83 18 7
83 19 7
83 20 7
83 21 10
83 22 18
83 23 18
83 24 18
83 25 7
83 26 6
83 27 6
84 0 18
84 1 18
84 2 2
84 3 3
84 4 4
84 5 18
84 6 18
84 7 18
84 8 18
84 9 18
84 10 6
84 11 9
84 12 10
84 13 10
84 14 18
84 15 18
84 16 6
84 17 9
84 18 13
84 19 18
84 20 18
84 21 18
84 22 10
84 23 13
84 24 18
84 25 18
84 26 9
84 27 13
85 0 11
85 1 11
85 2 11
85 3 11
85 4 11
85 5 18
85 6 18
85 7 18
85 8 18
85 9 18
85 10 1
85 11 2
85 12 9
85 13 18
85 14 18
85 15 3
85 16 4
85 17 18
85 18 18
85 19 1
85 20 3
85 21 18
85 22 18
85 23 2
85 24 2
85 25 9
85 26 18
85 27 18
86 0 7
86 1 6
86 2 6
86 3 6
86 4 18
86 5 18
86 6 18
86 7 3
86 8 1
86 9 18
86 10 18
86 11 1
86 12 1
86 13 7
86 14 7
86 15 10
86 16 18
86 17 18
86 18 3
86 19 12
86 20 12
86 21 18
86 22 18
86 23 7
86 24 17
86 25 18
86 26 18
86 27 18
87 0 13
87 1 13
87 2 15
87 3 15
87 4 18
87 5 18
87 6 18
87 7 18
87 8 18
87 9 6
87 10 6
87 11 7
87 12 4
87 13 18
87 14 18
87 15 7
87 16 7
87 17 4
87 18 18
87 19 18
87 20 18
87 21 15
87 22 17
87 23 18
87 24 18
87 25 7
87 26 10
87 27 18
88 0 18
88 1 4
88 2 16
88 3 18
88 4 18
88 5 0
88 6 1
88 7 15
88 8 16
88 9 18
88 10 18
88 11 8
88 12 7
88 13 7
88 14 17
88 15 18
88 16 18
88 17 0
88 18 1
88 19 18
88 20 18
88 21 18
88 22 6
88 23 5
88 24 18
88 25 18
88 26 18
88 27 18
89 0 10
89 1 12
89 2 18
89 3 18
89 4 18
89 5 1
89 6 1
89 7 16
89 8 18
89 9 18
89 10 18
89 11 18
89 12 18
89 13 18
89 14 18
89 15 10
89 16 10
89 17 11
89 18 17
89 19 18
89 20 18
89 21 18
89 22 18
89 23 3
89 24 0
89 25 0
89 26 17
89 27 15
90 0 17
90 1 18
90 2 18
90 3 18
90 4 8
90 5 9
90 6 18
90 7 18
90 8 18
90 9 9
90 10 14
90 11 18
90 12 18
90 13 18
90 14 6
90 15 6
90 16 6
90 17 8
90 18 13
90 19 18
90 20 18
90 21 18
90 22 1
90 23 6
90 24 7
90 25 6
90 26 5
90 27 18
91 0 18
91 1 18
91 2 0
91 3 9
91 4 18
91 5 18
91 6 18
91 7 18
91 8 6
91 9 11
91 10 11
91 11 11
91 12 11
91 13 11
91 14 18
91 15 18
91 16 18
91 17 3
91 18 0
91 19 18
91 20 18
91 21 18
91 22 5
91 23 8
91 24 8
91 25 8
91 26 8
91 27 8
92 0 13
92 1 14
92 2 10
92 3 18
92 4 18
92 5 18
92 6 18
92 7 18
92 8 18
92 9 18
92 10 3
92 11 0
92 12 6
92 13 5
92 14 17
92 15 16
92 16 18
92 17 18
92 18 18
92 19 7
92 20 6
92 21 8
92 22 8
92 23 13
92 24 10
92 25 18
92 26 18
92 27 18
93 0 6
93 1 5
93 2 6
93 3 4
93 4 18
93 5 18
93 6 18
93 7 0
93 8 4
93 9 18
93 10 18
93 11 18
93 12 5
93 13 4
93 14 11
93 15 10
93 16 10
93 17 10
93 18 18
93 19 18
93 20 18
93 21 7
93 22 11
93 23 18
93 24 18
93 25 18
93 26 1
93 27 5
94 0 12
94 1 16
94 2 18
94 3 18
94 4 18
94 5 0
94 6 0
94 7 0
94 8 0
94 9 4
94 10 18
94 11 18
94 12 18
94 13 0
94 14 4
94 15 11
94 16 17
94 17 16
94 18 18
94 19 18
94 20 18
94 21 18
94 22 18
94 23 18
94 24 5
94 25 17
94 26 18
94 27 18
95 0 18
95 1 2
95 2 6
95 3 18
95 4 18
95 5 18
95 6 3
95 7 2
95 8 1
95 9 1
95 10 1
95 11 1
95 12 18
95 13 18
95 14 18
95 15 17
95 16 16
95 17 15
95 18 16
95 19 18
95 20 18
95 21 18
95 22 8
95 23 6
95 24 18
95 25 18
95 26 18
95 27 3
96 0 18
96 1 7
96 2 7
96 3 9
96 4 16
96 5 18
96 6 18
96 7 18
96 8 2
96 9 13
96 10 12
96 11 11
96 12 10
96 13 10
96 14 18
96 15 18
96 16 18
96 17 7
96 18 4
96 19 18
96 20 18
96 21 18
96 22 18
96 23 18
96 24 8
96 25 9
96 26 12
96 27 18
97 0 1
97 1 3
97 2 3
97 3 0
97 4 1
97 5 0
97 6 18
97 7 18
97 8 18
97 9 3
97 10 4
97 11 14
97 12 18
97 13 18
97 14 18
97 15 18
97 16 5
97 17 6
97 18 5
97 19 8
97 20 8
97 21 12
97 22 18
97 23 18
97 24 18
97 25 18
97 26 18
97 27 18
98 0 5
98 1 17
98 2 18
98 3 18
98 4 18
98 5 0
98 6 1
98 7 2
98 8 0
98 9 2
98 10 11
98 11 18
98 12 18
98 13 18
98 14 2
98 15 2
98 16 2
98 17 6
98 18 14
98 19 17
98 20 18
98 21 18
98 22 18
98 23 15
98 24 15
98 25 18
98 26 18
98 27 18
99 0 18
99 1 18
99 2 2
99 3 5
99 4 5
99 5 10
99 6 18
99 7 18
99 8 18
99 9 2
99 10 0
99 11 3
99 12 18
99 13 18
99 14 18
99 15 13
99 16 13
99 17 13
99 18 18
99 19 18
99 20 18
99 21 18
99 22 0
99 23 1
99 24 1
99 25 6
99 26 16
99 27 16
100 0 18
100 1 18
100 2 7
100 3 8
100 4 18
100 5 18
100 6 11
100 7 11
100 8 18
100 9 18
100 10 18
100 11 18
100 12 18
100 13 18
100 14 18
100 15 2
100 16 2
100 17 18
100 18 18
100 19 6
100 20 5
100 21 18
100 22 18
100 23 18
100 24 18
100 25 18
100 26 3
100 27 3
101 0 18
101 1 18
101 2 18
101 3 18
101 4 18
101 5 18
101 6 18
101 7 18
101 8 18
101 9 18
101 10 2
101 11 0
101 12 17
101 13 15
101 14 18
101 15 18
101 16 18
101 17 18
101 18 7
101 19 12
101 20 14
101 21 18
101 22 18
101 23 18
101 24 18
101 25 18
101 26 13
101 27 15
102 0 18
102 1 18
102 2 18
102 3 18
102 4 0
102 5 2
102 6 8
102 7 18
102 8 18
102 9 15
102 10 15
102 11 18
102 12 18
102 13 18
102 14 18
102 15 18
102 16 8
102 17 8
102 18 18
102 19 18
102 20 2
102 21 0
102 22 18
102 23 18
102 24 18
102 25 18
102 26 18
102 27 6
103 0 18
103 1 18
103 2 1
103 3 16
103 4 18
103 5 18
103 6 18
103 7 3
103 8 5
103 9 12
103 10 18
103 11 18
103 12 2
103 13 1
103 14 10
103 15 18
103 16 18
103 17 18
103 18 18
103 19 3
103 20 12
103 21 18
103 22 18
103 23 18
103 24 18
103 25 18
103 26 18
103 27 18
104 0 18
104 1 12
104 2 12
104 3 14
104 4 18
104 5 18
104 6 7
104 7 14
104 8 18
104 9 18
104 10 18
104 11 18
104 12 4
104 13 16
104 14 18
104 15 18
104 16 1
104 17 2
104 18 18
104 19 18
104 20 18
104 21 18
104 22 18
104 23 18
104 24 18
104 25 18
104 26 18
104 27 18
105 0 18
105 1 18
105 2 18
105 3 18
105 4 18
105 5 2
105 6 0
105 7 7
105 8 18
105 9 18
105 10 3
105 11 2
105 12 7
105 13 11
105 14 18
105 15 18
105 16 18
105 17 18
105 18 11
105 19 11
105 20 11
105 21 18
105 22 18
105 23 18
105 24 18
105 25 18
105 26 18
105 27 18
106 0 10
106 1 12
106 2 18
106 3 18
106 4 18
106 5 8
106 6 5
106 7 18
106 8 18
106 9 10
106 10 12
106 11 15
106 12 18
106 13 18
106 14 18
106 15 18
106 16 18
106 17 18
106 18 18
106 19 0
106 20 4
106 21 18
106 22 18
106 23 18
106 24 18
106 25 18
106 26 18
106 27 2
107 0 5
107 1 18
107 2 18
107 3 18
107 4 18
107 5 18
107 6 18
107 7 18
107 8 18
107 9 5
107 10 5
107 11 6
107 12 9
107 13 11
107 14 18
107 15 18
107 16 18
107 17 18
107 18 18
107 19 15
107 20 15
107 21 18
107 22 18
107 23 18
107 24 7
107 25 5
107 26 18
107 27 18
108 0 10
108 1 18
108 2 18
108 3 18
108 4 18
108 5 18
108 6 18
108 7 18
108 8 18
108 9 18
108 10 6
108 11 5
108 12 6
108 13 6
108 14 18
108 15 18
108 16 18
108 17 18
108 18 0
108 19 5
108 20 18
108 21 18
108 22 12
108 23 17
108 24 18
108 25 18
108 26 18
108 27 0
109 0 18
109 1 15
109 2 15
109 3 18
109 4 18
109 5 18
109 6 0
109 7 14
109 8 18
109 9 18
109 10 18
109 11 2
109 12 7
109 13 7
109 14 18
109 15 18
109 16 18
109 17 18
109 18 18
109 19 11
109 20 11
109 21 11
109 22 18
109 23 18
109 24 18
109 25 18
109 26 18
109 27 18
110 0 18
110 1 2
110 2 4
110 3 18
110 4 18
110 5 0
110 6 3
110 7 11
110 8 18
110 9 18
110 10 18
110 11 18
110 12 16
110 13 15
110 14 18
110 15 18
110 16 18
110 17 18
110 18 18
110 19 18
110 20 18
110 21 18
110 22 18
110 23 18
110 24 18
110 25 18
110 26 6
110 27 5
111 0 18
111 1 18
111 2 18
111 3 18
111 4 18
111 5 18
111 6 13
111 7 17
111 8 18
111 9 18
111 10 18
111 11 18
111 12 18
111 13 18
111 14 18
111 15 3
111 16 11
111 17 13
111 18 13
111 19 16
111 20 18
111 21 18
111 22 18
111 23 18
111 24 18
111 25 18
111 26 6
111 27 6
112 0 18
112 1 18
112 2 18
112 3 18
112 4 18
112 5 18
112 6 18
112 7 18
112 8 18
112 9 0
112 10 12
112 11 18
112 12 18
112 13 8
112 14 6
112 15 7
112 16 18
112 17 18
112 18 18
112 19 9
112 20 15
112 21 15
112 22 18
112 23 18
112 24 18
112 25 18
112 26 6
112 27 5
113 0 13
113 1 18
113 2 18
113 3 18
113 4 18
113 5 12
113 6 12
113 7 18
113 8 18
113 9 18
113 10 18
113 11 18
113 12 12
113 13 13
113 14 13
113 15 18
113 16 18
113 17 18
113 18 18
113 19 2
113 20 7
113 21 18
113 22 18
113 23 5
113 24 5
113 25 18
113 26 18
113 27 18
114 0 18
114 1 18
114 2 18
114 3 18
114 4 18
114 5 3
114 6 0
114 7 1
114 8 3
114 9 18
114 10 18
114 11 18
114 12 5
114 13 6
114 14 7
114 15 15
114 16 18
114 17 18
114 18 18
114 19 18
114 20 18
114 21 18
114 22 18
114 23 18
114 24 18
114 25 18
114 26 16
114 27 15
115 0 18
115 1 18
115 2 18
115 3 4
115 4 18
115 5 18
115 6 18
115 7 18
115 8 18
115 9 18
115 10 18
115 11 1
115 12 1
115 13 3
115 14 18
115 15 18
115 16 18
115 17 18
115 18 18
115 19 18
115 20 18
115 21 18
115 22 12
115 23 12
115 24 11
115 25 18
115 26 18
115 27 18
116 0 18
116 1 18
116 2 18
116 3 18
116 4 18
116 5 2
116 6 2
116 7 18
116 8 18
116 9 18
116 10 18
116 11 4
116 12 18
116 13 18
116 14 5
116 15 5
116 16 18
116 17 18
116 18 5
116 19 18
116 20 18
116 21 13
116 22 18
116 23 18
116 24 18
116 25 18
116 26 18
116 27 18
117 0 18
117 1 18
117 2 18
117 3 18
117 4 18
117 5 18
117 6 18
117 7 18
117 8 18
117 9 18
117 10 18
117 11 7
117 12 18
117 13 18
117 14 2
117 15 2
117 16 2
117 17 18
117 18 18
117 19 18
117 20 18
117 21 7
117 22 18
117 23 18
117 24 18
117 25 18
117 26 7
117 27 9
118 0 18
118 1 18
118 2 3
118 3 18
118 4 18
118 5 18
118 6 18
118 7 7
118 8 18
118 9 18
118 10 15
118 11 18
118 12 18
118 13 2
118 14 18
118 15 18
118 16 18
118 17 18
118 18 3
118 19 18
118 20 18
118 21 18
118 22 4
118 23 18
118 24 18
118 25 7
118 26 18
118 27 18
119 0 18
119 1 18
119 2 18
119 3 18
119 4 10
119 5 18
119 6 18
119 7 18
119 8 18
119 9 1
119 10 0
119 11 7
119 12 18
119 13 18
119 14 18
119 15 5
119 16 7
119 17 18
119 18 18
119 19 18
119 20 2
119 21 18
119 22 18
119 23 18
119 24 1
119 25 18
119 26 18
119 27 18
