0 0 5 100 1
0 1 4 100 1
0 2 6 100 1
1 0 5 100 1
1 1 3 100 1
1 2 7 100 1
2 0 5 100 1
2 1 3 100 1
2 2 5 100 1
3 0 6 100 1
3 1 3 100 1
3 2 7 100 1
4 0 7 100 1
4 1 3 100 1
4 2 5 100 1
5 0 5 100 1
5 1 3 100 1
5 2 3 100 1
6 0 5 100 1
6 1 3 100 1
6 2 7 100 1
7 0 5 100 1
7 1 4 100 1
7 2 5 100 1
8 0 5 100 1
8 1 3 100 1
8 2 4 100 1
9 0 6 100 1
9 1 3 100 1
9 2 6 100 1
10 0 7 100 1
10 1 4 100 1
10 2 5 100 1
11 0 7 100 1
11 1 4 100 1
11 2 6 100 1
12 0 4 100 1
12 1 2 100 1
12 2 5 100 1
13 0 3 100 1
13 1 3 100 1
13 2 6 100 1
14 0 5 100 1
14 1 3 100 1
14 2 5 100 1
15 0 5 100 1
15 1 2 100 1
15 2 5 100 1
16 0 5 100 1
16 1 3 100 1
16 2 6 100 1
17 0 4 100 1
17 1 2 100 1
17 2 4 100 1
18 0 3 100 1
18 1 2 100 1
18 2 7 100 1
19 0 5 100 1
19 1 4 100 1
19 2 5 100 1
20 0 3 100 1
20 1 3 100 1
20 2 6 100 1
21 0 5 100 1
21 1 2 100 1
21 2 5 100 1
22 0 3 100 1
22 1 3 100 1
22 2 7 100 1
23 0 4 100 1
23 1 3 100 1
23 2 6 100 1
24 0 7 100 1
24 1 5 100 1
24 2 5 100 1
25 0 5 100 1
25 1 3 100 1
25 2 6 100 1
26 0 4 100 1
26 1 5 100 1
26 2 5 100 1
27 0 3 100 1
27 1 3 100 1
27 2 4 100 1
28 0 6 100 1
28 1 4 100 1
28 2 7 100 1
29 0 5 100 1
29 1 3 100 1
29 2 5 100 1
30 0 5 100 1
30 1 3 100 1
30 2 5 100 1
31 0 6 100 1
31 1 4 100 1
31 2 5 100 1
32 0 5 100 1
32 1 3 100 1
32 2 4 100 1
33 0 5 100 1
33 1 3 100 1
33 2 5 100 1
34 0 7 100 1
34 1 3 100 1
34 2 5 100 1
35 0 6 100 1
35 1 4 100 1
35 2 5 100 1
36 0 6 100 1
36 1 3 100 1
36 2 5 100 1
37 0 7 100 1
37 1 4 100 1
37 2 5 100 1
38 0 5 100 1
38 1 4 100 1
38 2 5 100 1
39 0 4 100 1
39 1 4 100 1
39 2 6 100 1
40 0 4 100 1
40 1 4 100 1
40 2 6 100 1
41 0 5 100 1
41 1 3 100 1
41 2 3 100 1
42 0 7 100 1
42 1 5 100 1
42 2 6 100 1
43 0 5 100 1
43 1 5 100 1
43 2 5 100 1
44 0 6 100 1
44 1 3 100 1
44 2 5 100 1
45 0 5 100 1
45 1 3 100 1
45 2 5 100 1
46 0 6 100 1
46 1 3 100 1
46 2 5 100 1
47 0 5 100 1
47 1 2 100 1
47 2 4 100 1
48 0 4 100 1
48 1 3 100 1
48 2 5 100 1
49 0 5 100 1
49 1 3 100 1
49 2 5 100 1
50 0 6 100 1
50 1 4 100 1
50 2 5 100 1
51 0 5 100 1
51 1 3 100 1
51 2 4 100 1
52 0 5 100 1
52 1 3 100 1
52 2 7 100 1
53 0 6 100 1
53 1 2 100 1
53 2 5 100 1
54 0 5 100 1
54 1 3 100 1
54 2 5 100 1
55 0 5 100 1
55 1 3 100 1
55 2 6 100 1
56 0 7 100 1
56 1 2 100 1
56 2 5 100 1
57 0 7 100 1
57 1 3 100 1
57 2 4 100 1
58 0 6 100 1
58 1 2 100 1
58 2 6 100 1
59 0 7 100 1
59 1 1 100 1
59 2 7 100 1
60 0 5 100 1
60 1 2 100 1
60 2 5 100 1
61 0 5 100 1
61 1 1 100 1
61 2 7 100 1
62 0 5 100 1
62 1 1 100 1
62 2 4 100 1
63 0 5 100 1
63 1 1 100 1
63 2 5 100 1
64 0 5 100 1
64 1 2 100 1
64 2 5 100 1
65 0 6 100 1
65 1 2 100 1
65 2 5 100 1
66 0 6 100 1
66 1 4 100 1
66 2 3 100 1
67 0 4 100 1
67 1 1 100 1
67 2 4 100 1
68 0 6 100 1
68 1 3 100 1
68 2 4 100 1
69 0 5 100 1
69 1 4 100 1
69 2 4 100 1
70 0 7 100 1
70 1 2 100 1
70 2 4 100 1
71 0 3 100 1
71 1 1 100 1
71 2 4 100 1
72 0 5 100 1
72 1 3 100 1
72 2 7 100 1
73 0 5 100 1
73 1 3 100 1
73 2 5 100 1
74 0 5 100 1
74 1 3 100 1
74 2 4 100 1
75 0 5 100 1
75 1 3 100 1
75 2 5 100 1
76 0 5 100 1
76 1 3 100 1
76 2 5 100 1
77 0 5 100 1
77 1 3 100 1
77 2 6 100 1
78 0 4 100 1
78 1 1 100 1
78 2 5 100 1
79 0 4 100 1
79 1 3 100 1
79 2 5 100 1
80 0 5 100 1
80 1 2 100 1
80 2 5 100 1
81 0 5 100 1
81 1 2 100 1
81 2 5 100 1
82 0 6 100 1
82 1 3 100 1
82 2 5 100 1
83 0 4 100 1
83 1 3 100 1
83 2 7 100 1
