31 32 33 34 35 36 37 38
23 33 38 39 40 41 56 61
55 56 57 58 59 60 61 76
15 16 17 18 19 20 21 22
23 24 25 26 63 67 68 78
17 18 37 38 39 40 60 81
12 13 14 15 16 17 18 31
2 3 4 11 30 49 50 51
30 31 32 33 34 35 36 37
4 5 6 7 8 9 10 14
37 38 39 40 41 75 76 77
20 21 22 42 43 44 45 46
19 20 38 39 40 52 53 54
8 52 53 54 55 69 70 71
5 25 49 50 51 52 53 54
32 57 58 59 70 71 72 73
53 54 55 56 57 66 78 79
26 27 28 29 30 31 32 33
31 32 33 34 35 36 37 38
32 39 40 41 52 53 54 55
9 10 11 12 13 48 49 50
16 46 47 48 49 50 51 52
