0 84 43 25920 24960 5 2 2 6
84 0 43 25920 24960 5 2 2 6
84 84 43 25920 24960 5 2 2 6
84 84 0 25920 24960 5 2 2 6
0 84 43 25920 24960 5 2 2 6
0 84 43 25920 24960 5 2 2 6
84 84 43 25920 24960 5 2 2 6
84 84 43 25920 24960 5 2 2 6
84 84 43 25920 24960 5 2 2 6
84 84 43 25920 24960 5 2 2 6
84 84 43 25920 24960 5 2 2 6
84 84 43 25920 24960 5 2 2 6
0 84 43 25920 24960 5 2 2 6
84 84 43 25920 24960 5 2 2 6
84 84 0 25920 24960 5 2 2 6
84 84 43 25920 24960 5 2 2 6
84 0 43 25920 24960 5 2 2 6
84 84 43 25920 24960 5 2 2 6
0 84 0 24300 23340 4 2 2 6
84 84 0 24300 23340 4 2 2 6
84 84 40 24300 23340 4 2 2 6
0 84 40 24300 23340 4 2 2 6
