0 6 1 1
0 82 1 2
1 48 2 1
1 49 2 1
1 50 2 1
1 51 2 1
1 52 2 1
1 64 0 3
1 65 0 3
1 76 0 1
1 77 0 1
1 78 0 1
2 1 2 3
2 2 2 3
2 3 2 3
2 9 0 1
2 10 0 1
2 11 0 1
2 12 0 1
2 17 1 3
2 18 1 3
2 19 1 3
2 20 1 3
2 52 0 3
2 53 0 3
5 12 2 1
5 13 2 1
6 0 2 3
6 1 2 3
6 2 2 3
6 3 2 3
6 53 0 1
6 54 0 1
6 55 0 1
6 56 0 1
6 57 0 1
6 70 1 2
6 71 1 2
7 31 0 1
8 41 0 1
8 42 0 1
8 43 0 1
9 21 2 2
9 22 2 2
9 23 2 2
11 52 1 3
11 53 1 3
11 79 1 2
11 80 1 2
12 2 2 3
12 3 2 3
12 4 2 3
12 5 2 3
12 26 2 2
12 27 2 2
12 28 2 2
12 64 2 2
12 65 2 2
12 66 2 2
12 67 2 2
12 68 2 2
12 83 1 2
13 35 2 1
13 42 1 1
13 57 1 2
15 3 0 1
15 4 0 1
15 26 1 2
15 27 1 2
15 28 1 2
15 29 1 2
19 0 0 1
19 1 0 1
19 35 0 2
19 36 0 2
19 68 0 2
19 69 0 2
19 70 0 2
19 71 0 2
20 3 1 2
20 4 1 2
20 5 1 2
20 6 1 2
20 7 1 2
20 31 2 1
20 75 1 2
20 76 1 2
20 77 1 2
20 78 1 2
20 79 1 2
21 73 2 2
21 74 2 2
