0 17 2 2
0 18 2 2
0 19 2 2
0 20 2 2
0 21 2 2
0 49 2 2
0 50 2 2
0 51 2 2
0 52 2 2
0 58 1 1
0 59 1 1
0 60 1 1
0 61 1 1
0 62 1 1
0 66 2 3
0 67 2 3
0 68 2 3
1 8 2 2
1 9 2 2
1 10 2 2
1 11 2 2
1 12 2 2
1 16 0 2
1 17 0 2
1 18 0 2
1 42 2 2
2 28 0 3
2 29 0 3
2 34 1 1
2 35 1 1
2 40 1 2
2 67 0 3
2 72 2 2
2 80 2 1
2 81 2 1
2 82 2 1
3 1 1 2
3 9 0 2
3 10 0 2
3 11 0 2
3 12 0 2
3 13 0 2
3 23 0 3
3 24 0 3
3 25 0 3
3 33 0 3
3 34 0 3
3 39 1 3
3 40 1 3
3 41 1 3
3 58 0 2
3 59 0 2
3 60 0 2
3 61 0 2
3 62 0 2
3 70 0 1
3 71 0 1
4 3 1 3
4 11 1 1
4 12 1 1
4 13 1 1
4 34 2 2
4 35 2 2
4 36 2 2
4 41 2 1
4 58 2 2
4 59 2 2
4 60 2 2
4 71 1 3
4 72 1 3
4 73 1 3
4 80 2 2
4 81 2 2
4 82 2 2
5 21 2 3
5 22 2 3
5 23 2 3
5 24 2 3
5 29 1 2
5 53 2 3
5 54 2 3
5 55 2 3
5 56 2 3
5 74 1 1
5 75 1 1
5 76 1 1
6 19 0 1
6 20 0 1
6 21 0 1
6 22 0 1
6 26 0 3
6 38 2 1
6 39 2 1
6 45 2 2
6 46 2 2
6 47 2 2
6 48 2 2
6 49 2 2
6 63 0 2
7 23 2 3
7 24 2 3
7 44 0 1
7 45 0 1
7 46 0 1
7 52 2 3
7 68 1 3
7 69 1 3
7 76 1 3
8 50 0 3
8 58 0 1
8 59 0 1
8 60 0 1
8 61 0 1
8 62 0 1
8 71 2 3
8 72 2 3
8 76 1 1
8 77 1 1
9 0 1 1
9 12 1 2
9 13 1 2
9 31 0 2
9 32 0 2
9 33 0 2
9 34 0 2
9 54 2 2
9 59 2 3
9 60 2 3
9 61 2 3
9 62 2 3
9 73 0 3
9 74 0 3
9 75 0 3
9 76 0 3
9 77 0 3
10 9 2 2
10 10 2 2
10 11 2 2
10 12 2 2
10 20 1 1
10 21 1 1
10 22 1 1
10 23 1 1
10 43 2 2
10 44 2 2
10 55 0 1
10 56 0 1
10 57 0 1
10 58 0 1
10 63 1 3
10 64 1 3
10 69 1 1
10 70 1 1
10 83 2 2
11 1 2 3
11 2 2 3
11 3 2 3
11 4 2 3
11 5 2 3
11 12 0 1
11 13 0 1
11 24 0 3
11 25 0 3
11 26 0 3
11 27 0 3
11 28 0 3
11 47 2 1
11 61 1 3
11 62 1 3
11 63 1 3
11 64 1 3
11 65 1 3
12 32 1 1
12 33 1 1
12 34 1 1
12 56 1 2
12 57 1 2
12 58 1 2
12 59 1 2
12 60 1 2
12 74 2 1
12 75 2 1
12 76 2 1
12 77 2 1
12 78 2 1
13 17 0 1
13 18 0 1
13 19 0 1
13 25 1 1
13 26 1 1
13 27 1 1
13 62 2 1
13 63 2 1
13 64 2 1
13 74 1 2
13 75 1 2
13 76 1 2
13 77 1 2
14 15 1 1
14 16 1 1
14 17 1 1
14 18 1 1
14 19 1 1
14 30 0 3
14 31 0 3
14 40 0 1
14 41 0 1
14 42 0 1
14 43 0 1
14 58 1 3
14 59 1 3
14 60 1 3
14 68 0 2
14 69 0 2
14 76 0 2
14 77 0 2
14 78 0 2
14 79 0 2
14 80 0 2
15 11 1 2
15 12 1 2
15 17 1 2
15 18 1 2
15 19 1 2
15 45 1 1
15 46 1 1
15 47 1 1
15 54 1 1
15 55 1 1
15 62 2 3
15 63 2 3
15 78 0 3
15 79 0 3
15 80 0 3
15 81 0 3
16 11 2 2
16 12 2 2
16 19 0 1
16 20 0 1
16 21 0 1
16 22 0 1
16 30 0 1
16 31 0 1
16 32 0 1
16 38 2 2
16 39 2 2
16 40 2 2
16 41 2 2
16 59 2 3
16 60 2 3
16 68 0 3
16 69 0 3
16 70 0 3
16 71 0 3
17 3 2 1
17 4 2 1
17 5 2 1
17 6 2 1
17 7 2 1
17 12 1 1
17 46 1 1
17 47 1 1
17 48 1 1
17 49 1 1
17 58 0 2
17 59 0 2
17 60 0 2
17 61 0 2
17 74 0 1
17 75 0 1
17 76 0 1
17 77 0 1
17 78 0 1
18 15 1 2
18 16 1 2
18 40 1 1
18 45 1 2
18 64 1 3
18 65 1 3
18 66 1 3
18 67 1 3
18 74 1 3
18 75 1 3
18 76 1 3
18 77 1 3
18 78 1 3
19 5 1 3
19 11 0 1
19 15 1 3
19 16 1 3
19 17 1 3
19 27 1 1
19 75 1 2
19 76 1 2
19 77 1 2
20 38 1 3
20 44 0 2
20 45 0 2
20 46 0 2
20 47 0 2
20 58 0 1
20 63 1 2
20 68 1 3
20 69 1 3
20 70 1 3
21 7 2 2
21 8 2 2
21 19 1 3
21 20 1 3
21 21 1 3
21 27 1 1
21 28 1 1
21 29 1 1
21 30 1 1
21 31 1 1
21 38 2 1
21 42 2 3
21 57 1 2
21 58 1 2
21 59 1 2
21 79 1 1
21 80 1 1
