0 0 3
0 1 3
0 2 5
0 3 5
0 4 5
0 5 3
0 6 3
0 7 5
0 8 5
0 9 3
0 10 3
0 11 3
0 12 5
0 13 5
0 14 1
0 15 3
0 16 3
0 17 3
0 18 5
0 19 5
0 20 1
0 21 1
0 22 1
0 23 1
0 24 3
0 25 5
0 26 5
0 27 5
1 0 2
1 1 3
1 2 3
1 3 5
1 4 5
1 5 0
1 6 2
1 7 2
1 8 2
1 9 5
1 10 5
1 11 5
1 12 0
1 13 0
1 14 5
1 15 5
1 16 0
1 17 2
1 18 2
1 19 5
1 20 5
1 21 5
1 22 2
1 23 2
1 24 3
1 25 3
1 26 5
1 27 5
2 0 5
2 1 5
2 2 3
2 3 3
2 4 3
2 5 5
2 6 5
2 7 3
2 8 3
2 9 3
2 10 5
2 11 5
2 12 0
2 13 0
2 14 0
2 15 0
2 16 0
2 17 5
2 18 5
2 19 5
2 20 5
2 21 0
2 22 3
2 23 5
2 24 5
2 25 0
2 26 0
2 27 1
3 0 5
3 1 5
3 2 5
3 3 5
3 4 4
3 5 4
3 6 4
3 7 4
3 8 4
3 9 5
3 10 5
3 11 5
3 12 5
3 13 5
3 14 1
3 15 2
3 16 2
3 17 2
3 18 3
3 19 5
3 20 5
3 21 5
3 22 5
3 23 2
3 24 2
3 25 1
3 26 1
3 27 3
4 0 3
4 1 4
4 2 5
4 3 5
4 4 0
4 5 4
4 6 5
4 7 5
4 8 3
4 9 3
4 10 3
4 11 3
4 12 5
4 13 5
4 14 5
4 15 0
4 16 0
4 17 0
4 18 4
4 19 5
4 20 5
4 21 5
4 22 5
4 23 0
4 24 0
4 25 3
4 26 3
4 27 3
5 0 3
5 1 4
5 2 5
5 3 5
5 4 5
5 5 5
5 6 5
5 7 4
5 8 4
5 9 4
5 10 5
5 11 5
5 12 1
5 13 1
5 14 1
5 15 1
5 16 1
5 17 5
5 18 5
5 19 1
5 20 3
5 21 5
5 22 5
5 23 3
5 24 3
5 25 3
5 26 5
5 27 5
6 0 5
6 1 5
6 2 5
6 3 2
6 4 2
6 5 2
6 6 2
6 7 5
6 8 5
6 9 2
6 10 4
6 11 5
6 12 5
6 13 5
6 14 0
6 15 2
6 16 2
6 17 3
6 18 3
6 19 5
6 20 5
6 21 3
6 22 3
6 23 3
6 24 5
6 25 5
6 26 0
6 27 0
7 0 2
7 1 2
7 2 2
7 3 1
7 4 5
7 5 5
7 6 5
7 7 1
7 8 2
7 9 5
7 10 5
7 11 5
7 12 5
7 13 5
7 14 2
7 15 1
7 16 1
7 17 5
7 18 5
7 19 2
7 20 1
7 21 1
7 22 2
7 23 1
7 24 5
7 25 5
7 26 2
7 27 2
8 0 5
8 1 0
8 2 4
8 3 5
8 4 5
8 5 1
8 6 4
8 7 5
8 8 5
8 9 0
8 10 1
8 11 1
8 12 5
8 13 5
8 14 0
8 15 0
8 16 1
8 17 1
8 18 1
8 19 5
8 20 5
8 21 5
8 22 5
8 23 0
8 24 0
8 25 1
8 26 1
8 27 1
9 0 3
9 1 3
9 2 5
9 3 5
9 4 1
9 5 4
9 6 5
9 7 5
9 8 1
9 9 1
9 10 1
9 11 3
9 12 5
9 13 5
9 14 4
9 15 4
9 16 4
9 17 5
9 18 5
9 19 1
9 20 1
9 21 5
9 22 5
9 23 1
9 24 1
9 25 4
9 26 5
9 27 5
10 0 1
10 1 1
10 2 1
10 3 5
10 4 5
10 5 5
10 6 5
10 7 1
10 8 1
10 9 5
10 10 5
10 11 1
10 12 1
10 13 1
10 14 5
10 15 5
10 16 4
10 17 4
10 18 4
10 19 4
10 20 4
10 21 5
10 22 5
10 23 1
10 24 1
10 25 1
10 26 5
10 27 5
11 0 0
11 1 0
11 2 0
11 3 5
11 4 5
11 5 0
11 6 0
11 7 5
11 8 5
11 9 5
11 10 5
11 11 0
11 12 0
11 13 0
11 14 2
11 15 5
11 16 5
11 17 1
11 18 1
11 19 5
11 20 5
11 21 2
11 22 2
11 23 2
11 24 1
11 25 3
11 26 5
11 27 5
12 0 0
12 1 5
12 2 5
12 3 5
12 4 5
12 5 0
12 6 3
12 7 3
12 8 3
12 9 5
12 10 5
12 11 3
12 12 3
12 13 3
12 14 3
12 15 5
12 16 5
12 17 1
12 18 1
12 19 5
12 20 5
12 21 0
12 22 0
12 23 0
12 24 0
12 25 0
12 26 5
12 27 5
13 0 3
13 1 3
13 2 3
13 3 3
13 4 3
13 5 5
13 6 5
13 7 3
13 8 3
13 9 3
13 10 3
13 11 5
13 12 5
13 13 5
13 14 3
13 15 3
13 16 5
13 17 5
13 18 3
13 19 3
13 20 3
13 21 5
13 22 5
13 23 5
13 24 3
13 25 3
13 26 3
13 27 3
14 0 3
14 1 3
14 2 3
14 3 3
14 4 3
14 5 5
14 6 5
14 7 5
14 8 5
14 9 5
14 10 0
14 11 0
14 12 5
14 13 5
14 14 0
14 15 0
14 16 0
14 17 5
14 18 5
14 19 2
14 20 2
14 21 2
14 22 2
14 23 2
14 24 5
14 25 5
14 26 0
14 27 0
15 0 4
15 1 5
15 2 5
15 3 3
15 4 3
15 5 5
15 6 5
15 7 2
15 8 2
15 9 5
15 10 5
15 11 0
15 12 3
15 13 3
15 14 5
15 15 5
15 16 0
15 17 0
15 18 0
15 19 5
15 20 5
15 21 1
15 22 4
15 23 4
15 24 5
15 25 5
15 26 0
15 27 0
16 0 5
16 1 5
16 2 0
16 3 0
16 4 0
16 5 0
16 6 1
16 7 5
16 8 5
16 9 0
16 10 0
16 11 5
16 12 5
16 13 5
16 14 2
16 15 2
16 16 2
16 17 2
16 18 1
16 19 5
16 20 5
16 21 5
16 22 2
16 23 1
16 24 5
16 25 5
16 26 1
16 27 1
17 0 1
17 1 2
17 2 2
17 3 2
17 4 5
17 5 5
17 6 5
17 7 0
17 8 0
17 9 5
17 10 5
17 11 0
17 12 1
17 13 2
17 14 4
17 15 5
17 16 5
17 17 0
17 18 0
17 19 5
17 20 5
17 21 5
17 22 0
17 23 2
17 24 5
17 25 5
17 26 1
17 27 4
18 0 5
18 1 1
18 2 1
18 3 5
18 4 5
18 5 5
18 6 5
18 7 0
18 8 1
18 9 1
18 10 1
18 11 5
18 12 5
18 13 5
18 14 1
18 15 1
18 16 1
18 17 5
18 18 5
18 19 0
18 20 0
18 21 3
18 22 5
18 23 5
18 24 0
18 25 1
18 26 3
18 27 3
19 0 2
19 1 3
19 2 3
19 3 3
19 4 3
19 5 5
19 6 5
19 7 5
19 8 5
19 9 5
19 10 2
19 11 2
19 12 3
19 13 3
19 14 3
19 15 5
19 16 5
19 17 5
19 18 2
19 19 2
19 20 3
19 21 3
19 22 5
19 23 5
19 24 3
19 25 3
19 26 5
19 27 5
20 0 2
20 1 5
20 2 5
20 3 0
20 4 0
20 5 0
20 6 0
20 7 5
20 8 5
20 9 3
20 10 3
20 11 3
20 12 3
20 13 3
20 14 5
20 15 5
20 16 5
20 17 2
20 18 2
20 19 5
20 20 5
20 21 5
20 22 0
20 23 2
20 24 2
20 25 2
20 26 5
20 27 5
21 0 0
21 1 5
21 2 5
21 3 3
21 4 3
21 5 3
21 6 3
21 7 3
21 8 5
21 9 5
21 10 1
21 11 1
21 12 5
21 13 5
21 14 5
21 15 2
21 16 2
21 17 2
21 18 2
21 19 5
21 20 5
21 21 5
21 22 1
21 23 3
21 24 5
21 25 5
21 26 0
21 27 0
22 0 5
22 1 2
22 2 2
22 3 4
22 4 4
22 5 5
22 6 5
22 7 0
22 8 2
22 9 5
22 10 5
22 11 5
22 12 0
22 13 0
22 14 1
22 15 1
22 16 4
22 17 5
22 18 5
22 19 0
22 20 0
22 21 0
22 22 1
22 23 5
22 24 5
22 25 5
22 26 5
22 27 5
23 0 5
23 1 5
23 2 1
23 3 1
23 4 1
23 5 5
23 6 5
23 7 0
23 8 0
23 9 0
23 10 0
23 11 5
23 12 5
23 13 5
23 14 0
23 15 0
23 16 0
23 17 5
23 18 5
23 19 0
23 20 0
23 21 1
23 22 1
23 23 5
23 24 5
23 25 0
23 26 1
23 27 5
24 0 0
24 1 1
24 2 5
24 3 5
24 4 1
24 5 3
24 6 5
24 7 5
24 8 0
24 9 0
24 10 3
24 11 3
24 12 5
24 13 5
24 14 2
24 15 3
24 16 5
24 17 5
24 18 0
24 19 1
24 20 1
24 21 3
24 22 5
24 23 5
24 24 0
24 25 2
24 26 5
24 27 5
25 0 5
25 1 5
25 2 5
25 3 0
25 4 2
25 5 1
25 6 2
25 7 1
25 8 5
25 9 5
25 10 2
25 11 2
25 12 5
25 13 5
25 14 0
25 15 0
25 16 0
25 17 0
25 18 0
25 19 5
25 20 5
25 21 2
25 22 1
25 23 5
25 24 5
25 25 5
25 26 3
25 27 3
26 0 1
26 1 1
26 2 3
26 3 3
26 4 5
26 5 5
26 6 5
26 7 5
26 8 5
26 9 1
26 10 1
26 11 1
26 12 1
26 13 3
26 14 5
26 15 5
26 16 3
26 17 3
26 18 3
26 19 5
26 20 5
26 21 5
26 22 3
26 23 3
26 24 5
26 25 5
26 26 3
26 27 3
27 0 5
27 1 5
27 2 0
27 3 4
27 4 5
27 5 5
27 6 5
27 7 1
27 8 1
27 9 2
27 10 5
27 11 5
27 12 2
27 13 2
27 14 1
27 15 1
27 16 2
27 17 5
27 18 5
27 19 2
27 20 1
27 21 2
27 22 4
27 23 4
27 24 5
27 25 5
27 26 5
27 27 5
28 0 5
28 1 1
28 2 4
28 3 5
28 4 5
28 5 5
28 6 5
28 7 0
28 8 0
28 9 1
28 10 3
28 11 4
28 12 5
28 13 5
28 14 3
28 15 3
28 16 5
28 17 5
28 18 1
28 19 1
28 20 3
28 21 3
28 22 5
28 23 5
28 24 0
28 25 1
28 26 3
28 27 5
29 0 5
29 1 2
29 2 2
29 3 5
29 4 5
29 5 0
29 6 0
29 7 2
29 8 5
29 9 5
29 10 2
29 11 2
29 12 5
29 13 5
29 14 0
29 15 2
29 16 3
29 17 3
29 18 3
29 19 5
29 20 5
29 21 0
29 22 0
29 23 5
29 24 5
29 25 0
29 26 2
29 27 2
30 0 5
30 1 5
30 2 1
30 3 1
30 4 1
30 5 5
30 6 5
30 7 2
30 8 2
30 9 1
30 10 5
30 11 5
30 12 2
30 13 2
30 14 5
30 15 5
30 16 3
30 17 3
30 18 3
30 19 5
30 20 5
30 21 2
30 22 3
30 23 5
30 24 5
30 25 2
30 26 2
30 27 2
31 0 5
31 1 0
31 2 0
31 3 0
31 4 2
31 5 3
31 6 5
31 7 5
31 8 0
31 9 0
31 10 5
31 11 5
31 12 2
31 13 2
31 14 3
31 15 3
31 16 3
31 17 5
31 18 5
31 19 5
31 20 5
31 21 2
31 22 2
31 23 3
31 24 3
31 25 3
31 26 5
31 27 5
32 0 0
32 1 0
32 2 0
32 3 0
32 4 0
32 5 5
32 6 5
32 7 5
32 8 5
32 9 5
32 10 0
32 11 0
32 12 0
32 13 0
32 14 5
32 15 5
32 16 5
32 17 5
32 18 0
32 19 0
32 20 0
32 21 0
32 22 5
32 23 5
32 24 0
32 25 0
32 26 5
32 27 5
33 0 3
33 1 5
33 2 5
33 3 5
33 4 0
33 5 3
33 6 3
33 7 3
33 8 5
33 9 5
33 10 2
33 11 2
33 12 2
33 13 3
33 14 3
33 15 5
33 16 5
33 17 0
33 18 0
33 19 5
33 20 5
33 21 5
33 22 0
33 23 2
33 24 2
33 25 2
33 26 5
33 27 5
34 0 0
34 1 5
34 2 5
34 3 5
34 4 5
34 5 0
34 6 0
34 7 3
34 8 4
34 9 5
34 10 5
34 11 0
34 12 3
34 13 3
34 14 5
34 15 5
34 16 3
34 17 3
34 18 3
34 19 5
34 20 5
34 21 3
34 22 3
34 23 3
34 24 4
34 25 5
34 26 5
34 27 5
35 0 5
35 1 5
35 2 2
35 3 2
35 4 2
35 5 1
35 6 1
35 7 5
35 8 5
35 9 0
35 10 2
35 11 2
35 12 5
35 13 5
35 14 5
35 15 5
35 16 5
35 17 1
35 18 2
35 19 1
35 20 2
35 21 4
35 22 5
35 23 5
35 24 3
35 25 4
35 26 5
35 27 5
36 0 2
36 1 2
36 2 5
36 3 5
36 4 0
36 5 2
36 6 2
36 7 2
36 8 5
36 9 5
36 10 0
36 11 0
36 12 5
36 13 5
36 14 2
36 15 3
36 16 3
36 17 5
36 18 5
36 19 5
36 20 5
36 21 1
36 22 3
36 23 5
36 24 5
36 25 0
36 26 0
36 27 1
37 0 2
37 1 2
37 2 1
37 3 5
37 4 5
37 5 5
37 6 5
37 7 1
37 8 3
37 9 5
37 10 5
37 11 1
37 12 1
37 13 1
37 14 3
37 15 5
37 16 5
37 17 1
37 18 1
37 19 5
37 20 5
37 21 3
37 22 4
37 23 5
37 24 5
37 25 2
37 26 2
37 27 2
38 0 5
38 1 0
38 2 0
38 3 0
38 4 5
38 5 5
38 6 5
38 7 0
38 8 4
38 9 5
38 10 5
38 11 5
38 12 5
38 13 5
38 14 0
38 15 0
38 16 0
38 17 5
38 18 5
38 19 4
38 20 4
38 21 5
38 22 5
38 23 5
38 24 0
38 25 0
38 26 0
38 27 0
39 0 0
39 1 5
39 2 5
39 3 1
39 4 1
39 5 5
39 6 5
39 7 5
39 8 0
39 9 2
39 10 5
39 11 5
39 12 3
39 13 3
39 14 5
39 15 5
39 16 0
39 17 0
39 18 0
39 19 5
39 20 5
39 21 0
39 22 0
39 23 0
39 24 5
39 25 5
39 26 1
39 27 1
