0 0 3 100 1
0 1 2 100 1
0 2 2 100 1
0 3 3 100 1
0 4 4 100 1
0 5 2 100 1
0 6 3 100 1
0 7 2 100 1
0 8 2 100 1
0 9 3 100 1
1 0 2 100 1
1 1 3 100 1
1 2 3 100 1
1 3 3 100 1
1 4 3 100 1
1 5 3 100 1
1 6 2 100 1
1 7 2 100 1
1 8 2 100 1
1 9 3 100 1
2 0 3 100 1
2 1 3 100 1
2 2 2 100 1
2 3 3 100 1
2 4 3 100 1
2 5 2 100 1
2 6 3 100 1
2 7 4 100 1
2 8 5 100 1
2 9 4 100 1
3 0 2 100 1
3 1 3 100 1
3 2 3 100 1
3 3 4 100 1
3 4 5 100 1
3 5 4 100 1
3 6 3 100 1
3 7 3 100 1
3 8 4 100 1
3 9 2 100 1
4 0 3 100 1
4 1 3 100 1
4 2 3 100 1
4 3 2 100 1
4 4 3 100 1
4 5 3 100 1
4 6 4 100 1
4 7 4 100 1
4 8 2 100 1
4 9 3 100 1
5 0 4 100 1
5 1 3 100 1
5 2 3 100 1
5 3 3 100 1
5 4 3 100 1
5 5 2 100 1
5 6 3 100 1
5 7 4 100 1
5 8 2 100 1
5 9 4 100 1
6 0 3 100 1
6 1 4 100 1
6 2 2 100 1
6 3 2 100 1
6 4 3 100 1
6 5 3 100 1
6 6 2 100 1
6 7 4 100 1
6 8 2 100 1
6 9 3 100 1
7 0 3 100 1
7 1 3 100 1
7 2 3 100 1
7 3 4 100 1
7 4 5 100 1
7 5 4 100 1
7 6 3 100 1
7 7 3 100 1
7 8 3 100 1
7 9 3 100 1
8 0 3 100 1
8 1 3 100 1
8 2 3 100 1
8 3 2 100 1
8 4 5 100 1
8 5 3 100 1
8 6 2 100 1
8 7 3 100 1
8 8 3 100 1
8 9 3 100 1
9 0 4 100 1
9 1 3 100 1
9 2 2 100 1
9 3 3 100 1
9 4 2 100 1
9 5 5 100 1
9 6 4 100 1
9 7 3 100 1
9 8 4 100 1
9 9 4 100 1
10 0 3 100 1
10 1 3 100 1
10 2 2 100 1
10 3 2 100 1
10 4 5 100 1
10 5 4 100 1
10 6 2 100 1
10 7 4 100 1
10 8 3 100 1
10 9 2 100 1
11 0 3 100 1
11 1 3 100 1
11 2 3 100 1
11 3 3 100 1
11 4 3 100 1
11 5 2 100 1
11 6 4 100 1
11 7 5 100 1
11 8 3 100 1
11 9 3 100 1
12 0 2 100 1
12 1 2 100 1
12 2 3 100 1
12 3 2 100 1
12 4 5 100 1
12 5 3 100 1
12 6 4 100 1
12 7 3 100 1
12 8 2 100 1
12 9 4 100 1
13 0 3 100 1
13 1 5 100 1
13 2 2 100 1
13 3 3 100 1
13 4 4 100 1
13 5 2 100 1
13 6 4 100 1
13 7 3 100 1
13 8 2 100 1
13 9 3 100 1
14 0 3 100 1
14 1 3 100 1
14 2 2 100 1
14 3 3 100 1
14 4 3 100 1
14 5 2 100 1
14 6 3 100 1
14 7 3 100 1
14 8 5 100 1
14 9 3 100 1
15 0 3 100 1
15 1 3 100 1
15 2 4 100 1
15 3 3 100 1
15 4 3 100 1
15 5 3 100 1
15 6 4 100 1
15 7 2 100 1
15 8 3 100 1
15 9 3 100 1
16 0 4 100 1
16 1 3 100 1
16 2 4 100 1
16 3 3 100 1
16 4 3 100 1
16 5 2 100 1
16 6 4 100 1
16 7 4 100 1
16 8 3 100 1
16 9 4 100 1
17 0 3 100 1
17 1 4 100 1
17 2 4 100 1
17 3 3 100 1
17 4 3 100 1
17 5 3 100 1
17 6 3 100 1
17 7 4 100 1
17 8 3 100 1
17 9 3 100 1
18 0 4 100 1
18 1 2 100 1
18 2 3 100 1
18 3 3 100 1
18 4 3 100 1
18 5 3 100 1
18 6 3 100 1
18 7 2 100 1
18 8 3 100 1
18 9 3 100 1
19 0 4 100 1
19 1 3 100 1
19 2 3 100 1
19 3 3 100 1
19 4 5 100 1
19 5 4 100 1
19 6 5 100 1
19 7 2 100 1
19 8 3 100 1
19 9 2 100 1
20 0 5 100 1
20 1 2 100 1
20 2 3 100 1
20 3 2 100 1
20 4 3 100 1
20 5 4 100 1
20 6 4 100 1
20 7 3 100 1
20 8 2 100 1
20 9 3 100 1
21 0 4 100 1
21 1 3 100 1
21 2 3 100 1
21 3 3 100 1
21 4 3 100 1
21 5 3 100 1
21 6 2 100 1
21 7 4 100 1
21 8 2 100 1
21 9 3 100 1
22 0 4 100 1
22 1 3 100 1
22 2 4 100 1
22 3 4 100 1
22 4 3 100 1
22 5 3 100 1
22 6 3 100 1
22 7 3 100 1
22 8 3 100 1
22 9 3 100 1
23 0 3 100 1
23 1 3 100 1
23 2 3 100 1
23 3 4 100 1
23 4 2 100 1
23 5 4 100 1
23 6 3 100 1
23 7 3 100 1
23 8 4 100 1
23 9 3 100 1
24 0 2 100 1
24 1 3 100 1
24 2 5 100 1
24 3 3 100 1
24 4 3 100 1
24 5 2 100 1
24 6 4 100 1
24 7 2 100 1
24 8 3 100 1
24 9 4 100 1
25 0 3 100 1
25 1 3 100 1
25 2 2 100 1
25 3 2 100 1
25 4 4 100 1
25 5 3 100 1
25 6 3 100 1
25 7 3 100 1
25 8 3 100 1
25 9 2 100 1
26 0 3 100 1
26 1 3 100 1
26 2 3 100 1
26 3 3 100 1
26 4 3 100 1
26 5 3 100 1
26 6 3 100 1
26 7 2 100 1
26 8 2 100 1
26 9 3 100 1
27 0 2 100 1
27 1 4 100 1
27 2 4 100 1
27 3 3 100 1
27 4 3 100 1
27 5 3 100 1
27 6 4 100 1
27 7 3 100 1
27 8 3 100 1
27 9 2 100 1
28 0 3 100 1
28 1 3 100 1
28 2 3 100 1
28 3 2 100 1
28 4 2 100 1
28 5 2 100 1
28 6 2 100 1
28 7 4 100 1
28 8 3 100 1
28 9 3 100 1
29 0 3 100 1
29 1 3 100 1
29 2 3 100 1
29 3 3 100 1
29 4 5 100 1
29 5 4 100 1
29 6 2 100 1
29 7 2 100 1
29 8 5 100 1
29 9 3 100 1
30 0 2 100 1
30 1 2 100 1
30 2 2 100 1
30 3 3 100 1
30 4 2 100 1
30 5 5 100 1
30 6 3 100 1
30 7 3 100 1
30 8 3 100 1
30 9 5 100 1
31 0 3 100 1
31 1 4 100 1
31 2 3 100 1
31 3 2 100 1
31 4 4 100 1
31 5 5 100 1
31 6 2 100 1
31 7 3 100 1
31 8 4 100 1
31 9 3 100 1
32 0 3 100 1
32 1 3 100 1
32 2 4 100 1
32 3 3 100 1
32 4 5 100 1
32 5 3 100 1
32 6 4 100 1
32 7 3 100 1
32 8 4 100 1
32 9 3 100 1
33 0 3 100 1
33 1 3 100 1
33 2 3 100 1
33 3 2 100 1
33 4 2 100 1
33 5 3 100 1
33 6 2 100 1
33 7 3 100 1
33 8 3 100 1
33 9 4 100 1
34 0 2 100 1
34 1 3 100 1
34 2 3 100 1
34 3 3 100 1
34 4 2 100 1
34 5 3 100 1
34 6 3 100 1
34 7 2 100 1
34 8 3 100 1
34 9 4 100 1
35 0 5 100 1
35 1 3 100 1
35 2 3 100 1
35 3 4 100 1
35 4 3 100 1
35 5 4 100 1
35 6 3 100 1
35 7 4 100 1
35 8 3 100 1
35 9 3 100 1
36 0 3 100 1
36 1 2 100 1
36 2 3 100 1
36 3 3 100 1
36 4 3 100 1
36 5 4 100 1
36 6 3 100 1
36 7 3 100 1
36 8 2 100 1
36 9 3 100 1
37 0 3 100 1
37 1 3 100 1
37 2 2 100 1
37 3 3 100 1
37 4 3 100 1
37 5 2 100 1
37 6 2 100 1
37 7 3 100 1
37 8 3 100 1
37 9 3 100 1
38 0 3 100 1
38 1 3 100 1
38 2 4 100 1
38 3 3 100 1
38 4 2 100 1
38 5 5 100 1
38 6 3 100 1
38 7 3 100 1
38 8 3 100 1
38 9 3 100 1
39 0 4 100 1
39 1 3 100 1
39 2 3 100 1
39 3 2 100 1
39 4 3 100 1
39 5 4 100 1
39 6 5 100 1
39 7 2 100 1
39 8 3 100 1
39 9 3 100 1
40 0 2 100 1
40 1 3 100 1
40 2 2 100 1
40 3 5 100 1
40 4 3 100 1
40 5 3 100 1
40 6 4 100 1
40 7 3 100 1
40 8 3 100 1
40 9 5 100 1
41 0 3 100 1
41 1 5 100 1
41 2 3 100 1
41 3 4 100 1
41 4 3 100 1
41 5 3 100 1
41 6 3 100 1
41 7 2 100 1
41 8 3 100 1
41 9 4 100 1
42 0 3 100 1
42 1 3 100 1
42 2 4 100 1
42 3 4 100 1
42 4 2 100 1
42 5 2 100 1
42 6 3 100 1
42 7 4 100 1
42 8 3 100 1
42 9 3 100 1
43 0 4 100 1
43 1 3 100 1
43 2 3 100 1
43 3 2 100 1
43 4 3 100 1
43 5 3 100 1
43 6 3 100 1
43 7 3 100 1
43 8 3 100 1
43 9 3 100 1
44 0 4 100 1
44 1 5 100 1
44 2 3 100 1
44 3 3 100 1
44 4 3 100 1
44 5 3 100 1
44 6 3 100 1
44 7 4 100 1
44 8 2 100 1
44 9 2 100 1
45 0 3 100 1
45 1 2 100 1
45 2 2 100 1
45 3 2 100 1
45 4 3 100 1
45 5 3 100 1
45 6 2 100 1
45 7 3 100 1
45 8 2 100 1
45 9 3 100 1
46 0 2 100 1
46 1 3 100 1
46 2 2 100 1
46 3 3 100 1
46 4 3 100 1
46 5 4 100 1
46 6 5 100 1
46 7 3 100 1
46 8 2 100 1
46 9 4 100 1
47 0 3 100 1
47 1 4 100 1
47 2 2 100 1
47 3 3 100 1
47 4 4 100 1
47 5 2 100 1
47 6 5 100 1
47 7 3 100 1
47 8 3 100 1
47 9 2 100 1
48 0 3 100 1
48 1 3 100 1
48 2 3 100 1
48 3 2 100 1
48 4 4 100 1
48 5 3 100 1
48 6 2 100 1
48 7 3 100 1
48 8 2 100 1
48 9 3 100 1
49 0 3 100 1
49 1 4 100 1
49 2 5 100 1
49 3 4 100 1
49 4 3 100 1
49 5 3 100 1
49 6 4 100 1
49 7 4 100 1
49 8 3 100 1
49 9 3 100 1
50 0 4 100 1
50 1 2 100 1
50 2 3 100 1
50 3 3 100 1
50 4 2 100 1
50 5 3 100 1
50 6 2 100 1
50 7 2 100 1
50 8 2 100 1
50 9 2 100 1
51 0 2 100 1
51 1 5 100 1
51 2 3 100 1
51 3 4 100 1
51 4 3 100 1
51 5 4 100 1
51 6 2 100 1
51 7 3 100 1
51 8 2 100 1
51 9 4 100 1
52 0 4 100 1
52 1 3 100 1
52 2 3 100 1
52 3 3 100 1
52 4 3 100 1
52 5 3 100 1
52 6 3 100 1
52 7 2 100 1
52 8 3 100 1
52 9 2 100 1
53 0 5 100 1
53 1 4 100 1
53 2 3 100 1
53 3 4 100 1
53 4 2 100 1
53 5 3 100 1
53 6 3 100 1
53 7 3 100 1
53 8 3 100 1
53 9 4 100 1
54 0 3 100 1
54 1 3 100 1
54 2 3 100 1
54 3 3 100 1
54 4 4 100 1
54 5 4 100 1
54 6 3 100 1
54 7 2 100 1
54 8 2 100 1
54 9 3 100 1
55 0 3 100 1
55 1 4 100 1
55 2 4 100 1
55 3 5 100 1
55 4 3 100 1
55 5 2 100 1
55 6 3 100 1
55 7 2 100 1
55 8 2 100 1
55 9 4 100 1
56 0 3 100 1
56 1 2 100 1
56 2 5 100 1
56 3 4 100 1
56 4 4 100 1
56 5 5 100 1
56 6 2 100 1
56 7 3 100 1
56 8 3 100 1
56 9 4 100 1
57 0 4 100 1
57 1 3 100 1
57 2 2 100 1
57 3 3 100 1
57 4 3 100 1
57 5 2 100 1
57 6 4 100 1
57 7 4 100 1
57 8 4 100 1
57 9 5 100 1
58 0 3 100 1
58 1 3 100 1
58 2 4 100 1
58 3 2 100 1
58 4 3 100 1
58 5 5 100 1
58 6 3 100 1
58 7 3 100 1
58 8 2 100 1
58 9 3 100 1
59 0 3 100 1
59 1 4 100 1
59 2 3 100 1
59 3 3 100 1
59 4 2 100 1
59 5 2 100 1
59 6 2 100 1
59 7 2 100 1
59 8 3 100 1
59 9 2 100 1
60 0 3 100 1
60 1 3 100 1
60 2 3 100 1
60 3 3 100 1
60 4 2 100 1
60 5 4 100 1
60 6 3 100 1
60 7 2 100 1
60 8 3 100 1
60 9 2 100 1
61 0 3 100 1
61 1 2 100 1
61 2 2 100 1
61 3 2 100 1
61 4 5 100 1
61 5 2 100 1
61 6 2 100 1
61 7 4 100 1
61 8 4 100 1
61 9 3 100 1
62 0 3 100 1
62 1 3 100 1
62 2 3 100 1
62 3 3 100 1
62 4 3 100 1
62 5 2 100 1
62 6 3 100 1
62 7 5 100 1
62 8 3 100 1
62 9 5 100 1
63 0 3 100 1
63 1 2 100 1
63 2 2 100 1
63 3 5 100 1
63 4 2 100 1
63 5 4 100 1
63 6 5 100 1
63 7 4 100 1
63 8 5 100 1
63 9 5 100 1
64 0 4 100 1
64 1 3 100 1
64 2 2 100 1
64 3 5 100 1
64 4 3 100 1
64 5 2 100 1
64 6 4 100 1
64 7 4 100 1
64 8 3 100 1
64 9 2 100 1
65 0 4 100 1
65 1 2 100 1
65 2 4 100 1
65 3 2 100 1
65 4 4 100 1
65 5 5 100 1
65 6 3 100 1
65 7 4 100 1
65 8 3 100 1
65 9 3 100 1
66 0 4 100 1
66 1 3 100 1
66 2 3 100 1
66 3 4 100 1
66 4 3 100 1
66 5 5 100 1
66 6 3 100 1
66 7 2 100 1
66 8 2 100 1
66 9 4 100 1
67 0 2 100 1
67 1 4 100 1
67 2 2 100 1
67 3 3 100 1
67 4 3 100 1
67 5 3 100 1
67 6 2 100 1
67 7 3 100 1
67 8 3 100 1
67 9 4 100 1
68 0 2 100 1
68 1 2 100 1
68 2 3 100 1
68 3 4 100 1
68 4 3 100 1
68 5 2 100 1
68 6 3 100 1
68 7 3 100 1
68 8 2 100 1
68 9 3 100 1
69 0 4 100 1
69 1 2 100 1
69 2 5 100 1
69 3 3 100 1
69 4 3 100 1
69 5 2 100 1
69 6 2 100 1
69 7 3 100 1
69 8 3 100 1
69 9 2 100 1
70 0 2 100 1
70 1 5 100 1
70 2 2 100 1
70 3 3 100 1
70 4 2 100 1
70 5 5 100 1
70 6 4 100 1
70 7 3 100 1
70 8 4 100 1
70 9 5 100 1
71 0 2 100 1
71 1 4 100 1
71 2 2 100 1
71 3 2 100 1
71 4 3 100 1
71 5 2 100 1
71 6 3 100 1
71 7 4 100 1
71 8 2 100 1
71 9 4 100 1
72 0 4 100 1
72 1 3 100 1
72 2 3 100 1
72 3 4 100 1
72 4 4 100 1
72 5 2 100 1
72 6 3 100 1
72 7 3 100 1
72 8 3 100 1
72 9 4 100 1
73 0 4 100 1
73 1 3 100 1
73 2 5 100 1
73 3 3 100 1
73 4 3 100 1
73 5 3 100 1
73 6 3 100 1
73 7 4 100 1
73 8 2 100 1
73 9 2 100 1
74 0 3 100 1
74 1 3 100 1
74 2 3 100 1
74 3 3 100 1
74 4 3 100 1
74 5 3 100 1
74 6 2 100 1
74 7 3 100 1
74 8 2 100 1
74 9 4 100 1
75 0 2 100 1
75 1 3 100 1
75 2 5 100 1
75 3 3 100 1
75 4 3 100 1
75 5 2 100 1
75 6 3 100 1
75 7 3 100 1
75 8 4 100 1
75 9 4 100 1
76 0 4 100 1
76 1 4 100 1
76 2 4 100 1
76 3 3 100 1
76 4 3 100 1
76 5 3 100 1
76 6 4 100 1
76 7 2 100 1
76 8 4 100 1
76 9 5 100 1
77 0 3 100 1
77 1 3 100 1
77 2 3 100 1
77 3 4 100 1
77 4 4 100 1
77 5 5 100 1
77 6 3 100 1
77 7 3 100 1
77 8 3 100 1
77 9 3 100 1
78 0 4 100 1
78 1 3 100 1
78 2 3 100 1
78 3 5 100 1
78 4 3 100 1
78 5 3 100 1
78 6 2 100 1
78 7 3 100 1
78 8 3 100 1
78 9 4 100 1
79 0 5 100 1
79 1 4 100 1
79 2 3 100 1
79 3 3 100 1
79 4 3 100 1
79 5 3 100 1
79 6 3 100 1
79 7 3 100 1
79 8 2 100 1
79 9 4 100 1
80 0 4 100 1
80 1 2 100 1
80 2 3 100 1
80 3 2 100 1
80 4 4 100 1
80 5 5 100 1
80 6 3 100 1
80 7 3 100 1
80 8 2 100 1
80 9 3 100 1
81 0 3 100 1
81 1 2 100 1
81 2 3 100 1
81 3 4 100 1
81 4 3 100 1
81 5 3 100 1
81 6 5 100 1
81 7 2 100 1
81 8 5 100 1
81 9 3 100 1
82 0 3 100 1
82 1 2 100 1
82 2 3 100 1
82 3 3 100 1
82 4 2 100 1
82 5 3 100 1
82 6 3 100 1
82 7 3 100 1
82 8 3 100 1
82 9 4 100 1
83 0 3 100 1
83 1 3 100 1
83 2 2 100 1
83 3 3 100 1
83 4 4 100 1
83 5 3 100 1
83 6 2 100 1
83 7 3 100 1
83 8 2 100 1
83 9 4 100 1
84 0 4 100 1
84 1 3 100 1
84 2 3 100 1
84 3 4 100 1
84 4 3 100 1
84 5 3 100 1
84 6 4 100 1
84 7 3 100 1
84 8 3 100 1
84 9 5 100 1
85 0 3 100 1
85 1 2 100 1
85 2 4 100 1
85 3 3 100 1
85 4 3 100 1
85 5 3 100 1
85 6 4 100 1
85 7 4 100 1
85 8 3 100 1
85 9 4 100 1
86 0 3 100 1
86 1 2 100 1
86 2 3 100 1
86 3 5 100 1
86 4 3 100 1
86 5 3 100 1
86 6 2 100 1
86 7 5 100 1
86 8 3 100 1
86 9 3 100 1
87 0 3 100 1
87 1 3 100 1
87 2 3 100 1
87 3 3 100 1
87 4 3 100 1
87 5 3 100 1
87 6 3 100 1
87 7 4 100 1
87 8 3 100 1
87 9 3 100 1
88 0 2 100 1
88 1 3 100 1
88 2 2 100 1
88 3 1 100 1
88 4 2 100 1
88 5 4 100 1
88 6 1 100 1
88 7 3 100 1
88 8 2 100 1
88 9 3 100 1
89 0 1 100 1
89 1 1 100 1
89 2 2 100 1
89 3 1 100 1
89 4 2 100 1
89 5 3 100 1
89 6 1 100 1
89 7 4 100 1
89 8 2 100 1
89 9 3 100 1
90 0 3 100 1
90 1 3 100 1
90 2 4 100 1
90 3 4 100 1
90 4 3 100 1
90 5 2 100 1
90 6 2 100 1
90 7 2 100 1
90 8 3 100 1
90 9 5 100 1
91 0 1 100 1
91 1 2 100 1
91 2 2 100 1
91 3 1 100 1
91 4 1 100 1
91 5 3 100 1
91 6 1 100 1
91 7 4 100 1
91 8 3 100 1
91 9 2 100 1
92 0 3 100 1
92 1 2 100 1
92 2 2 100 1
92 3 3 100 1
92 4 3 100 1
92 5 4 100 1
92 6 5 100 1
92 7 2 100 1
92 8 3 100 1
92 9 3 100 1
93 0 3 100 1
93 1 2 100 1
93 2 2 100 1
93 3 3 100 1
93 4 2 100 1
93 5 2 100 1
93 6 2 100 1
93 7 2 100 1
93 8 1 100 1
93 9 2 100 1
94 0 4 100 1
94 1 2 100 1
94 2 4 100 1
94 3 2 100 1
94 4 3 100 1
94 5 3 100 1
94 6 4 100 1
94 7 2 100 1
94 8 4 100 1
94 9 4 100 1
95 0 2 100 1
95 1 3 100 1
95 2 1 100 1
95 3 2 100 1
95 4 2 100 1
95 5 1 100 1
95 6 2 100 1
95 7 1 100 1
95 8 2 100 1
95 9 2 100 1
96 0 3 100 1
96 1 3 100 1
96 2 3 100 1
96 3 3 100 1
96 4 3 100 1
96 5 2 100 1
96 6 2 100 1
96 7 3 100 1
96 8 3 100 1
96 9 3 100 1
97 0 2 100 1
97 1 2 100 1
97 2 1 100 1
97 3 2 100 1
97 4 2 100 1
97 5 2 100 1
97 6 1 100 1
97 7 2 100 1
97 8 1 100 1
97 9 2 100 1
98 0 3 100 1
98 1 2 100 1
98 2 5 100 1
98 3 2 100 1
98 4 4 100 1
98 5 4 100 1
98 6 3 100 1
98 7 4 100 1
98 8 3 100 1
98 9 2 100 1
99 0 4 100 1
99 1 2 100 1
99 2 2 100 1
99 3 1 100 1
99 4 2 100 1
99 5 3 100 1
99 6 2 100 1
99 7 2 100 1
99 8 2 100 1
99 9 4 100 1
100 0 3 100 1
100 1 3 100 1
100 2 3 100 1
100 3 2 100 1
100 4 3 100 1
100 5 3 100 1
100 6 4 100 1
100 7 3 100 1
100 8 2 100 1
100 9 3 100 1
101 0 4 100 1
101 1 2 100 1
101 2 1 100 1
101 3 3 100 1
101 4 1 100 1
101 5 3 100 1
101 6 4 100 1
101 7 2 100 1
101 8 1 100 1
101 9 1 100 1
102 0 1 100 1
102 1 3 100 1
102 2 1 100 1
102 3 4 100 1
102 4 2 100 1
102 5 3 100 1
102 6 2 100 1
102 7 2 100 1
102 8 2 100 1
102 9 4 100 1
103 0 2 100 1
103 1 4 100 1
103 2 3 100 1
103 3 3 100 1
103 4 3 100 1
103 5 2 100 1
103 6 3 100 1
103 7 3 100 1
103 8 3 100 1
103 9 3 100 1
104 0 2 100 1
104 1 2 100 1
104 2 3 100 1
104 3 2 100 1
104 4 4 100 1
104 5 2 100 1
104 6 3 100 1
104 7 2 100 1
104 8 2 100 1
104 9 1 100 1
105 0 1 100 1
105 1 2 100 1
105 2 2 100 1
105 3 1 100 1
105 4 2 100 1
105 5 2 100 1
105 6 2 100 1
105 7 2 100 1
105 8 4 100 1
105 9 2 100 1
106 0 4 100 1
106 1 3 100 1
106 2 2 100 1
106 3 5 100 1
106 4 3 100 1
106 5 3 100 1
106 6 4 100 1
106 7 3 100 1
106 8 3 100 1
106 9 3 100 1
107 0 2 100 1
107 1 1 100 1
107 2 1 100 1
107 3 2 100 1
107 4 1 100 1
107 5 2 100 1
107 6 2 100 1
107 7 1 100 1
107 8 2 100 1
107 9 3 100 1
108 0 3 100 1
108 1 3 100 1
108 2 4 100 1
108 3 3 100 1
108 4 3 100 1
108 5 4 100 1
108 6 3 100 1
108 7 4 100 1
108 8 3 100 1
108 9 4 100 1
109 0 1 100 1
109 1 1 100 1
109 2 2 100 1
109 3 3 100 1
109 4 2 100 1
109 5 2 100 1
109 6 2 100 1
109 7 2 100 1
109 8 2 100 1
109 9 2 100 1
110 0 3 100 1
110 1 2 100 1
110 2 2 100 1
110 3 3 100 1
110 4 4 100 1
110 5 2 100 1
110 6 3 100 1
110 7 2 100 1
110 8 3 100 1
110 9 2 100 1
111 0 1 100 1
111 1 2 100 1
111 2 1 100 1
111 3 2 100 1
111 4 2 100 1
111 5 1 100 1
111 6 2 100 1
111 7 2 100 1
111 8 1 100 1
111 9 2 100 1
112 0 3 100 1
112 1 3 100 1
112 2 3 100 1
112 3 2 100 1
112 4 3 100 1
112 5 4 100 1
112 6 2 100 1
112 7 2 100 1
112 8 5 100 1
112 9 2 100 1
113 0 3 100 1
113 1 2 100 1
113 2 5 100 1
113 3 3 100 1
113 4 3 100 1
113 5 2 100 1
113 6 3 100 1
113 7 3 100 1
113 8 4 100 1
113 9 2 100 1
114 0 1 100 1
114 1 2 100 1
114 2 3 100 1
114 3 2 100 1
114 4 2 100 1
114 5 2 100 1
114 6 2 100 1
114 7 2 100 1
114 8 3 100 1
114 9 2 100 1
115 0 2 100 1
115 1 4 100 1
115 2 3 100 1
115 3 2 100 1
115 4 3 100 1
115 5 3 100 1
115 6 3 100 1
115 7 2 100 1
115 8 4 100 1
115 9 4 100 1
116 0 1 100 1
116 1 1 100 1
116 2 2 100 1
116 3 2 100 1
116 4 1 100 1
116 5 1 100 1
116 6 2 100 1
116 7 3 100 1
116 8 2 100 1
116 9 2 100 1
117 0 3 100 1
117 1 2 100 1
117 2 4 100 1
117 3 3 100 1
117 4 3 100 1
117 5 4 100 1
117 6 2 100 1
117 7 3 100 1
117 8 2 100 1
117 9 3 100 1
118 0 5 100 1
118 1 4 100 1
118 2 3 100 1
118 3 4 100 1
118 4 3 100 1
118 5 3 100 1
118 6 4 100 1
118 7 2 100 1
118 8 3 100 1
118 9 3 100 1
119 0 1 100 1
119 1 3 100 1
119 2 1 100 1
119 3 1 100 1
119 4 4 100 1
119 5 2 100 1
119 6 2 100 1
119 7 2 100 1
119 8 3 100 1
119 9 1 100 1
120 0 2 100 1
120 1 2 100 1
120 2 2 100 1
120 3 3 100 1
120 4 1 100 1
120 5 1 100 1
120 6 3 100 1
120 7 2 100 1
120 8 2 100 1
120 9 3 100 1
121 0 3 100 1
121 1 4 100 1
121 2 3 100 1
121 3 4 100 1
121 4 2 100 1
121 5 2 100 1
121 6 3 100 1
121 7 3 100 1
121 8 3 100 1
121 9 3 100 1
122 0 2 100 1
122 1 1 100 1
122 2 2 100 1
122 3 2 100 1
122 4 1 100 1
122 5 3 100 1
122 6 2 100 1
122 7 3 100 1
122 8 3 100 1
122 9 2 100 1
123 0 3 100 1
123 1 3 100 1
123 2 2 100 1
123 3 2 100 1
123 4 3 100 1
123 5 4 100 1
123 6 3 100 1
123 7 4 100 1
123 8 3 100 1
123 9 2 100 1
124 0 3 100 1
124 1 4 100 1
124 2 1 100 1
124 3 1 100 1
124 4 2 100 1
124 5 2 100 1
124 6 2 100 1
124 7 4 100 1
124 8 4 100 1
124 9 2 100 1
125 0 1 100 1
125 1 2 100 1
125 2 1 100 1
125 3 2 100 1
125 4 2 100 1
125 5 4 100 1
125 6 3 100 1
125 7 2 100 1
125 8 2 100 1
125 9 2 100 1
126 0 3 100 1
126 1 5 100 1
126 2 3 100 1
126 3 3 100 1
126 4 3 100 1
126 5 3 100 1
126 6 3 100 1
126 7 2 100 1
126 8 3 100 1
126 9 5 100 1
127 0 4 100 1
127 1 1 100 1
127 2 2 100 1
127 3 2 100 1
127 4 1 100 1
127 5 1 100 1
127 6 2 100 1
127 7 2 100 1
127 8 2 100 1
127 9 2 100 1
128 0 1 100 1
128 1 1 100 1
128 2 2 100 1
128 3 1 100 1
128 4 2 100 1
128 5 2 100 1
128 6 2 100 1
128 7 4 100 1
128 8 2 100 1
128 9 2 100 1
129 0 4 100 1
129 1 3 100 1
129 2 3 100 1
129 3 3 100 1
129 4 2 100 1
129 5 2 100 1
129 6 3 100 1
129 7 2 100 1
129 8 3 100 1
129 9 3 100 1
130 0 3 100 1
130 1 3 100 1
130 2 3 100 1
130 3 5 100 1
130 4 3 100 1
130 5 2 100 1
130 6 5 100 1
130 7 5 100 1
130 8 4 100 1
130 9 3 100 1
131 0 1 100 1
131 1 4 100 1
131 2 1 100 1
131 3 2 100 1
131 4 1 100 1
131 5 2 100 1
131 6 2 100 1
131 7 1 100 1
131 8 2 100 1
131 9 2 100 1
132 0 2 100 1
132 1 1 100 1
132 2 1 100 1
132 3 2 100 1
132 4 1 100 1
132 5 3 100 1
132 6 1 100 1
132 7 1 100 1
132 8 2 100 1
132 9 2 100 1
133 0 2 100 1
133 1 3 100 1
133 2 2 100 1
133 3 3 100 1
133 4 4 100 1
133 5 4 100 1
133 6 5 100 1
133 7 3 100 1
133 8 3 100 1
133 9 2 100 1
134 0 4 100 1
134 1 3 100 1
134 2 5 100 1
134 3 3 100 1
134 4 3 100 1
134 5 3 100 1
134 6 3 100 1
134 7 2 100 1
134 8 4 100 1
134 9 3 100 1
135 0 2 100 1
135 1 1 100 1
135 2 3 100 1
135 3 1 100 1
135 4 4 100 1
135 5 2 100 1
135 6 1 100 1
135 7 2 100 1
135 8 3 100 1
135 9 1 100 1
136 0 2 100 1
136 1 1 100 1
136 2 3 100 1
136 3 1 100 1
136 4 1 100 1
136 5 2 100 1
136 6 2 100 1
136 7 3 100 1
136 8 2 100 1
136 9 2 100 1
137 0 2 100 1
137 1 2 100 1
137 2 4 100 1
137 3 4 100 1
137 4 4 100 1
137 5 2 100 1
137 6 4 100 1
137 7 3 100 1
137 8 3 100 1
137 9 3 100 1
138 0 4 100 1
138 1 2 100 1
138 2 1 100 1
138 3 2 100 1
138 4 2 100 1
138 5 2 100 1
138 6 2 100 1
138 7 1 100 1
138 8 3 100 1
138 9 2 100 1
139 0 3 100 1
139 1 4 100 1
139 2 4 100 1
139 3 3 100 1
139 4 2 100 1
139 5 4 100 1
139 6 3 100 1
139 7 5 100 1
139 8 2 100 1
139 9 2 100 1
140 0 2 100 1
140 1 1 100 1
140 2 3 100 1
140 3 1 100 1
140 4 2 100 1
140 5 2 100 1
140 6 3 100 1
140 7 1 100 1
140 8 3 100 1
140 9 2 100 1
141 0 3 100 1
141 1 3 100 1
141 2 3 100 1
141 3 3 100 1
141 4 2 100 1
141 5 4 100 1
141 6 3 100 1
141 7 2 100 1
141 8 3 100 1
141 9 3 100 1
142 0 4 100 1
142 1 2 100 1
142 2 2 100 1
142 3 1 100 1
142 4 1 100 1
142 5 1 100 1
142 6 2 100 1
142 7 4 100 1
142 8 1 100 1
142 9 2 100 1
143 0 3 100 1
143 1 3 100 1
143 2 3 100 1
143 3 3 100 1
143 4 3 100 1
143 5 3 100 1
143 6 2 100 1
143 7 3 100 1
143 8 5 100 1
143 9 3 100 1
144 0 2 100 1
144 1 1 100 1
144 2 1 100 1
144 3 2 100 1
144 4 2 100 1
144 5 4 100 1
144 6 2 100 1
144 7 1 100 1
144 8 3 100 1
144 9 3 100 1
145 0 1 100 1
145 1 1 100 1
145 2 2 100 1
145 3 3 100 1
145 4 2 100 1
145 5 2 100 1
145 6 1 100 1
145 7 1 100 1
145 8 1 100 1
145 9 1 100 1
146 0 3 100 1
146 1 2 100 1
146 2 4 100 1
146 3 3 100 1
146 4 2 100 1
146 5 2 100 1
146 6 3 100 1
146 7 5 100 1
146 8 3 100 1
146 9 4 100 1
147 0 4 100 1
147 1 2 100 1
147 2 3 100 1
147 3 3 100 1
147 4 5 100 1
147 5 5 100 1
147 6 2 100 1
147 7 3 100 1
147 8 4 100 1
147 9 2 100 1
148 0 2 100 1
148 1 2 100 1
148 2 3 100 1
148 3 1 100 1
148 4 3 100 1
148 5 3 100 1
148 6 2 100 1
148 7 2 100 1
148 8 4 100 1
148 9 3 100 1
149 0 4 100 1
149 1 2 100 1
149 2 1 100 1
149 3 2 100 1
149 4 3 100 1
149 5 4 100 1
149 6 3 100 1
149 7 2 100 1
149 8 1 100 1
149 9 2 100 1
150 0 2 100 1
150 1 2 100 1
150 2 2 100 1
150 3 2 100 1
150 4 1 100 1
150 5 1 100 1
150 6 1 100 1
150 7 1 100 1
150 8 1 100 1
150 9 2 100 1
151 0 4 100 1
151 1 3 100 1
151 2 3 100 1
151 3 3 100 1
151 4 3 100 1
151 5 5 100 1
151 6 3 100 1
151 7 2 100 1
151 8 4 100 1
151 9 3 100 1
152 0 2 100 1
152 1 2 100 1
152 2 1 100 1
152 3 2 100 1
152 4 2 100 1
152 5 1 100 1
152 6 2 100 1
152 7 2 100 1
152 8 1 100 1
152 9 2 100 1
153 0 4 100 1
153 1 4 100 1
153 2 3 100 1
153 3 3 100 1
153 4 2 100 1
153 5 5 100 1
153 6 2 100 1
153 7 3 100 1
153 8 2 100 1
153 9 2 100 1
154 0 4 100 1
154 1 3 100 1
154 2 4 100 1
154 3 2 100 1
154 4 2 100 1
154 5 3 100 1
154 6 5 100 1
154 7 3 100 1
154 8 3 100 1
154 9 5 100 1
155 0 2 100 1
155 1 3 100 1
155 2 2 100 1
155 3 2 100 1
155 4 2 100 1
155 5 2 100 1
155 6 2 100 1
155 7 2 100 1
155 8 2 100 1
155 9 1 100 1
156 0 1 100 1
156 1 2 100 1
156 2 1 100 1
156 3 2 100 1
156 4 4 100 1
156 5 2 100 1
156 6 1 100 1
156 7 2 100 1
156 8 2 100 1
156 9 2 100 1
157 0 3 100 1
157 1 5 100 1
157 2 4 100 1
157 3 4 100 1
157 4 3 100 1
157 5 4 100 1
157 6 2 100 1
157 7 3 100 1
157 8 2 100 1
157 9 3 100 1
158 0 2 100 1
158 1 1 100 1
158 2 1 100 1
158 3 2 100 1
158 4 4 100 1
158 5 2 100 1
158 6 1 100 1
158 7 2 100 1
158 8 2 100 1
158 9 2 100 1
159 0 3 100 1
159 1 3 100 1
159 2 3 100 1
159 3 2 100 1
159 4 2 100 1
159 5 2 100 1
159 6 2 100 1
159 7 2 100 1
159 8 2 100 1
159 9 5 100 1
160 0 4 100 1
160 1 3 100 1
160 2 2 100 1
160 3 5 100 1
160 4 5 100 1
160 5 3 100 1
160 6 3 100 1
160 7 3 100 1
160 8 3 100 1
160 9 3 100 1
161 0 2 100 1
161 1 3 100 1
161 2 2 100 1
161 3 2 100 1
161 4 2 100 1
161 5 2 100 1
161 6 3 100 1
161 7 2 100 1
161 8 1 100 1
161 9 2 100 1
162 0 2 100 1
162 1 1 100 1
162 2 4 100 1
162 3 2 100 1
162 4 3 100 1
162 5 3 100 1
162 6 2 100 1
162 7 2 100 1
162 8 1 100 1
162 9 2 100 1
163 0 3 100 1
163 1 2 100 1
163 2 2 100 1
163 3 3 100 1
163 4 2 100 1
163 5 2 100 1
163 6 2 100 1
163 7 3 100 1
163 8 2 100 1
163 9 1 100 1
164 0 3 100 1
164 1 3 100 1
164 2 3 100 1
164 3 3 100 1
164 4 2 100 1
164 5 3 100 1
164 6 3 100 1
164 7 4 100 1
164 8 3 100 1
164 9 4 100 1
165 0 2 100 1
165 1 4 100 1
165 2 1 100 1
165 3 2 100 1
165 4 1 100 1
165 5 1 100 1
165 6 1 100 1
165 7 2 100 1
165 8 2 100 1
165 9 2 100 1
166 0 3 100 1
166 1 3 100 1
166 2 3 100 1
166 3 3 100 1
166 4 4 100 1
166 5 3 100 1
166 6 3 100 1
166 7 4 100 1
166 8 2 100 1
166 9 2 100 1
167 0 2 100 1
167 1 1 100 1
167 2 2 100 1
167 3 2 100 1
167 4 3 100 1
167 5 3 100 1
167 6 4 100 1
167 7 2 100 1
167 8 3 100 1
167 9 2 100 1
168 0 3 100 1
168 1 4 100 1
168 2 2 100 1
168 3 2 100 1
168 4 2 100 1
168 5 3 100 1
168 6 2 100 1
168 7 2 100 1
168 8 2 100 1
168 9 2 100 1
169 0 1 100 1
169 1 2 100 1
169 2 1 100 1
169 3 2 100 1
169 4 2 100 1
169 5 1 100 1
169 6 2 100 1
169 7 2 100 1
169 8 3 100 1
169 9 1 100 1
170 0 3 100 1
170 1 4 100 1
170 2 2 100 1
170 3 4 100 1
170 4 2 100 1
170 5 4 100 1
170 6 5 100 1
170 7 2 100 1
170 8 2 100 1
170 9 3 100 1
171 0 4 100 1
171 1 3 100 1
171 2 4 100 1
171 3 2 100 1
171 4 4 100 1
171 5 3 100 1
171 6 3 100 1
171 7 2 100 1
171 8 3 100 1
171 9 4 100 1
172 0 2 100 1
172 1 1 100 1
172 2 4 100 1
172 3 2 100 1
172 4 3 100 1
172 5 4 100 1
172 6 1 100 1
172 7 1 100 1
172 8 1 100 1
172 9 2 100 1
173 0 2 100 1
173 1 3 100 1
173 2 1 100 1
173 3 3 100 1
173 4 1 100 1
173 5 1 100 1
173 6 1 100 1
173 7 2 100 1
173 8 2 100 1
173 9 2 100 1
174 0 3 100 1
174 1 2 100 1
174 2 2 100 1
174 3 3 100 1
174 4 2 100 1
174 5 2 100 1
174 6 3 100 1
174 7 2 100 1
174 8 2 100 1
174 9 2 100 1
175 0 2 100 1
175 1 2 100 1
175 2 2 100 1
175 3 3 100 1
175 4 3 100 1
175 5 2 100 1
175 6 3 100 1
175 7 3 100 1
175 8 2 100 1
175 9 3 100 1
176 0 3 100 1
176 1 3 100 1
176 2 3 100 1
176 3 3 100 1
176 4 2 100 1
176 5 3 100 1
176 6 3 100 1
176 7 3 100 1
176 8 4 100 1
176 9 4 100 1
177 0 5 100 1
177 1 3 100 1
177 2 2 100 1
177 3 3 100 1
177 4 2 100 1
177 5 2 100 1
177 6 3 100 1
177 7 2 100 1
177 8 3 100 1
177 9 3 100 1
178 0 3 100 1
178 1 2 100 1
178 2 3 100 1
178 3 4 100 1
178 4 1 100 1
178 5 3 100 1
178 6 2 100 1
178 7 2 100 1
178 8 1 100 1
178 9 2 100 1
179 0 3 100 1
179 1 4 100 1
179 2 4 100 1
179 3 3 100 1
179 4 2 100 1
179 5 2 100 1
179 6 3 100 1
179 7 5 100 1
179 8 2 100 1
179 9 2 100 1
180 0 4 100 1
180 1 2 100 1
180 2 3 100 1
180 3 2 100 1
180 4 1 100 1
180 5 3 100 1
180 6 2 100 1
180 7 3 100 1
180 8 2 100 1
180 9 4 100 1
181 0 1 100 1
181 1 4 100 1
181 2 1 100 1
181 3 2 100 1
181 4 3 100 1
181 5 4 100 1
181 6 1 100 1
181 7 1 100 1
181 8 1 100 1
181 9 2 100 1
182 0 3 100 1
182 1 3 100 1
182 2 2 100 1
182 3 4 100 1
182 4 3 100 1
182 5 3 100 1
182 6 1 100 1
182 7 1 100 1
182 8 3 100 1
182 9 1 100 1
183 0 4 100 1
183 1 2 100 1
183 2 3 100 1
183 3 3 100 1
183 4 3 100 1
183 5 3 100 1
183 6 4 100 1
183 7 3 100 1
183 8 3 100 1
183 9 3 100 1
184 0 2 100 1
184 1 3 100 1
184 2 1 100 1
184 3 2 100 1
184 4 3 100 1
184 5 3 100 1
184 6 2 100 1
184 7 4 100 1
184 8 4 100 1
184 9 1 100 1
185 0 3 100 1
185 1 2 100 1
185 2 3 100 1
185 3 2 100 1
185 4 2 100 1
185 5 3 100 1
185 6 2 100 1
185 7 2 100 1
185 8 1 100 1
185 9 2 100 1
186 0 1 100 1
186 1 1 100 1
186 2 3 100 1
186 3 2 100 1
186 4 3 100 1
186 5 2 100 1
186 6 2 100 1
186 7 3 100 1
186 8 2 100 1
186 9 2 100 1
187 0 2 100 1
187 1 4 100 1
187 2 2 100 1
187 3 3 100 1
187 4 4 100 1
187 5 3 100 1
187 6 3 100 1
187 7 2 100 1
187 8 3 100 1
187 9 4 100 1
188 0 4 100 1
188 1 1 100 1
188 2 2 100 1
188 3 4 100 1
188 4 2 100 1
188 5 3 100 1
188 6 4 100 1
188 7 2 100 1
188 8 3 100 1
188 9 1 100 1
189 0 1 100 1
189 1 3 100 1
189 2 2 100 1
189 3 2 100 1
189 4 1 100 1
189 5 2 100 1
189 6 2 100 1
189 7 2 100 1
189 8 2 100 1
189 9 3 100 1
190 0 2 100 1
190 1 4 100 1
190 2 3 100 1
190 3 2 100 1
190 4 4 100 1
190 5 3 100 1
190 6 5 100 1
190 7 3 100 1
190 8 3 100 1
190 9 3 100 1
191 0 4 100 1
191 1 2 100 1
191 2 4 100 1
191 3 2 100 1
191 4 2 100 1
191 5 3 100 1
191 6 2 100 1
191 7 1 100 1
191 8 4 100 1
191 9 3 100 1
192 0 3 100 1
192 1 4 100 1
192 2 1 100 1
192 3 3 100 1
192 4 2 100 1
192 5 2 100 1
192 6 3 100 1
192 7 2 100 1
192 8 2 100 1
192 9 2 100 1
193 0 1 100 1
193 1 3 100 1
193 2 2 100 1
193 3 2 100 1
193 4 4 100 1
193 5 2 100 1
193 6 1 100 1
193 7 2 100 1
193 8 2 100 1
193 9 2 100 1
194 0 2 100 1
194 1 2 100 1
194 2 1 100 1
194 3 3 100 1
194 4 2 100 1
194 5 1 100 1
194 6 2 100 1
194 7 2 100 1
194 8 1 100 1
194 9 1 100 1
195 0 3 100 1
195 1 4 100 1
195 2 4 100 1
195 3 4 100 1
195 4 4 100 1
195 5 2 100 1
195 6 4 100 1
195 7 4 100 1
195 8 2 100 1
195 9 3 100 1
196 0 1 100 1
196 1 1 100 1
196 2 2 100 1
196 3 1 100 1
196 4 1 100 1
196 5 2 100 1
196 6 3 100 1
196 7 1 100 1
196 8 1 100 1
196 9 3 100 1
197 0 3 100 1
197 1 2 100 1
197 2 3 100 1
197 3 4 100 1
197 4 3 100 1
197 5 2 100 1
197 6 4 100 1
197 7 3 100 1
197 8 3 100 1
197 9 3 100 1
198 0 2 100 1
198 1 3 100 1
198 2 2 100 1
198 3 1 100 1
198 4 1 100 1
198 5 2 100 1
198 6 2 100 1
198 7 2 100 1
198 8 2 100 1
198 9 2 100 1
199 0 3 100 1
199 1 3 100 1
199 2 3 100 1
199 3 3 100 1
199 4 4 100 1
199 5 4 100 1
199 6 2 100 1
199 7 2 100 1
199 8 3 100 1
199 9 2 100 1
200 0 2 100 1
200 1 2 100 1
200 2 2 100 1
200 3 4 100 1
200 4 2 100 1
200 5 4 100 1
200 6 2 100 1
200 7 2 100 1
200 8 3 100 1
200 9 2 100 1
201 0 3 100 1
201 1 2 100 1
201 2 4 100 1
201 3 2 100 1
201 4 2 100 1
201 5 5 100 1
201 6 3 100 1
201 7 2 100 1
201 8 3 100 1
201 9 2 100 1
202 0 2 100 1
202 1 2 100 1
202 2 2 100 1
202 3 2 100 1
202 4 1 100 1
202 5 2 100 1
202 6 3 100 1
202 7 2 100 1
202 8 2 100 1
202 9 1 100 1
203 0 2 100 1
203 1 3 100 1
203 2 4 100 1
203 3 3 100 1
203 4 2 100 1
203 5 3 100 1
203 6 2 100 1
203 7 3 100 1
203 8 3 100 1
203 9 3 100 1
204 0 3 100 1
204 1 2 100 1
204 2 3 100 1
204 3 4 100 1
204 4 5 100 1
204 5 5 100 1
204 6 3 100 1
204 7 4 100 1
204 8 3 100 1
204 9 2 100 1
205 0 3 100 1
205 1 2 100 1
205 2 2 100 1
205 3 2 100 1
205 4 4 100 1
205 5 2 100 1
205 6 1 100 1
205 7 4 100 1
205 8 1 100 1
205 9 1 100 1
206 0 2 100 1
206 1 2 100 1
206 2 2 100 1
206 3 2 100 1
206 4 4 100 1
206 5 4 100 1
206 6 4 100 1
206 7 2 100 1
206 8 2 100 1
206 9 2 100 1
207 0 1 100 1
207 1 2 100 1
207 2 1 100 1
207 3 1 100 1
207 4 2 100 1
207 5 2 100 1
207 6 1 100 1
207 7 3 100 1
207 8 1 100 1
207 9 3 100 1
208 0 4 100 1
208 1 3 100 1
208 2 3 100 1
208 3 2 100 1
208 4 3 100 1
208 5 3 100 1
208 6 4 100 1
208 7 3 100 1
208 8 2 100 1
208 9 3 100 1
209 0 2 100 1
209 1 2 100 1
209 2 2 100 1
209 3 1 100 1
209 4 2 100 1
209 5 2 100 1
209 6 2 100 1
209 7 3 100 1
209 8 3 100 1
209 9 3 100 1
210 0 3 100 1
210 1 4 100 1
210 2 2 100 1
210 3 3 100 1
210 4 5 100 1
210 5 4 100 1
210 6 2 100 1
210 7 4 100 1
210 8 5 100 1
210 9 3 100 1
211 0 1 100 1
211 1 2 100 1
211 2 2 100 1
211 3 1 100 1
211 4 2 100 1
211 5 3 100 1
211 6 2 100 1
211 7 1 100 1
211 8 2 100 1
211 9 2 100 1
212 0 1 100 1
212 1 4 100 1
212 2 1 100 1
212 3 3 100 1
212 4 1 100 1
212 5 1 100 1
212 6 4 100 1
212 7 2 100 1
212 8 1 100 1
212 9 1 100 1
213 0 2 100 1
213 1 3 100 1
213 2 3 100 1
213 3 3 100 1
213 4 5 100 1
213 5 2 100 1
213 6 3 100 1
213 7 3 100 1
213 8 3 100 1
213 9 4 100 1
214 0 2 100 1
214 1 3 100 1
214 2 2 100 1
214 3 2 100 1
214 4 2 100 1
214 5 2 100 1
214 6 2 100 1
214 7 2 100 1
214 8 1 100 1
214 9 2 100 1
215 0 2 100 1
215 1 3 100 1
215 2 3 100 1
215 3 4 100 1
215 4 3 100 1
215 5 5 100 1
215 6 3 100 1
215 7 3 100 1
215 8 3 100 1
215 9 5 100 1
216 0 2 100 1
216 1 2 100 1
216 2 2 100 1
216 3 1 100 1
216 4 4 100 1
216 5 2 100 1
216 6 2 100 1
216 7 2 100 1
216 8 2 100 1
216 9 3 100 1
217 0 2 100 1
217 1 1 100 1
217 2 2 100 1
217 3 2 100 1
217 4 1 100 1
217 5 1 100 1
217 6 2 100 1
217 7 3 100 1
217 8 3 100 1
217 9 2 100 1
218 0 3 100 1
218 1 2 100 1
218 2 3 100 1
218 3 2 100 1
218 4 5 100 1
218 5 3 100 1
218 6 2 100 1
218 7 4 100 1
218 8 2 100 1
218 9 5 100 1
219 0 1 100 1
219 1 2 100 1
219 2 4 100 1
219 3 2 100 1
219 4 1 100 1
219 5 1 100 1
219 6 1 100 1
219 7 1 100 1
219 8 2 100 1
219 9 3 100 1
220 0 3 100 1
220 1 3 100 1
220 2 3 100 1
220 3 3 100 1
220 4 2 100 1
220 5 2 100 1
220 6 4 100 1
220 7 2 100 1
220 8 3 100 1
220 9 2 100 1
221 0 2 100 1
221 1 4 100 1
221 2 2 100 1
221 3 4 100 1
221 4 3 100 1
221 5 3 100 1
221 6 5 100 1
221 7 3 100 1
221 8 3 100 1
221 9 3 100 1
222 0 1 100 1
222 1 1 100 1
222 2 2 100 1
222 3 4 100 1
222 4 3 100 1
222 5 2 100 1
222 6 4 100 1
222 7 3 100 1
222 8 3 100 1
222 9 3 100 1
223 0 3 100 1
223 1 1 100 1
223 2 3 100 1
223 3 1 100 1
223 4 1 100 1
223 5 1 100 1
223 6 2 100 1
223 7 2 100 1
223 8 4 100 1
223 9 2 100 1
224 0 1 100 1
224 1 1 100 1
224 2 2 100 1
224 3 2 100 1
224 4 2 100 1
224 5 2 100 1
224 6 3 100 1
224 7 2 100 1
224 8 3 100 1
224 9 1 100 1
225 0 3 100 1
225 1 2 100 1
225 2 3 100 1
225 3 3 100 1
225 4 2 100 1
225 5 3 100 1
225 6 2 100 1
225 7 3 100 1
225 8 3 100 1
225 9 2 100 1
226 0 4 100 1
226 1 4 100 1
226 2 3 100 1
226 3 3 100 1
226 4 2 100 1
226 5 2 100 1
226 6 3 100 1
226 7 3 100 1
226 8 2 100 1
226 9 3 100 1
227 0 4 100 1
227 1 1 100 1
227 2 2 100 1
227 3 3 100 1
227 4 1 100 1
227 5 2 100 1
227 6 1 100 1
227 7 3 100 1
227 8 3 100 1
227 9 3 100 1
228 0 2 100 1
228 1 3 100 1
228 2 4 100 1
228 3 2 100 1
228 4 3 100 1
228 5 4 100 1
228 6 3 100 1
228 7 2 100 1
228 8 5 100 1
228 9 2 100 1
229 0 2 100 1
229 1 2 100 1
229 2 3 100 1
229 3 1 100 1
229 4 2 100 1
229 5 2 100 1
229 6 1 100 1
229 7 2 100 1
229 8 2 100 1
229 9 3 100 1
230 0 4 100 1
230 1 2 100 1
230 2 3 100 1
230 3 2 100 1
230 4 3 100 1
230 5 4 100 1
230 6 3 100 1
230 7 3 100 1
230 8 3 100 1
230 9 2 100 1
231 0 1 100 1
231 1 1 100 1
231 2 2 100 1
231 3 2 100 1
231 4 2 100 1
231 5 1 100 1
231 6 1 100 1
231 7 2 100 1
231 8 2 100 1
231 9 3 100 1
232 0 3 100 1
232 1 5 100 1
232 2 4 100 1
232 3 3 100 1
232 4 3 100 1
232 5 2 100 1
232 6 3 100 1
232 7 3 100 1
232 8 2 100 1
232 9 2 100 1
233 0 3 100 1
233 1 3 100 1
233 2 2 100 1
233 3 5 100 1
233 4 3 100 1
233 5 4 100 1
233 6 4 100 1
233 7 3 100 1
233 8 2 100 1
233 9 2 100 1
234 0 1 100 1
234 1 2 100 1
234 2 3 100 1
234 3 2 100 1
234 4 4 100 1
234 5 3 100 1
234 6 1 100 1
234 7 4 100 1
234 8 1 100 1
234 9 3 100 1
235 0 1 100 1
235 1 3 100 1
235 2 2 100 1
235 3 2 100 1
235 4 2 100 1
235 5 2 100 1
235 6 2 100 1
235 7 2 100 1
235 8 4 100 1
235 9 1 100 1
236 0 3 100 1
236 1 2 100 1
236 2 1 100 1
236 3 1 100 1
236 4 3 100 1
236 5 1 100 1
236 6 2 100 1
236 7 2 100 1
236 8 2 100 1
236 9 3 100 1
237 0 4 100 1
237 1 4 100 1
237 2 3 100 1
237 3 2 100 1
237 4 5 100 1
237 5 2 100 1
237 6 4 100 1
237 7 3 100 1
237 8 4 100 1
237 9 5 100 1
238 0 1 100 1
238 1 3 100 1
238 2 2 100 1
238 3 2 100 1
238 4 2 100 1
238 5 2 100 1
238 6 1 100 1
238 7 3 100 1
238 8 1 100 1
238 9 4 100 1
239 0 1 100 1
239 1 1 100 1
239 2 2 100 1
239 3 3 100 1
239 4 3 100 1
239 5 2 100 1
239 6 2 100 1
239 7 1 100 1
239 8 2 100 1
239 9 2 100 1
240 0 2 100 1
240 1 4 100 1
240 2 3 100 1
240 3 3 100 1
240 4 4 100 1
240 5 5 100 1
240 6 4 100 1
240 7 2 100 1
240 8 4 100 1
240 9 3 100 1
241 0 2 100 1
241 1 2 100 1
241 2 2 100 1
241 3 1 100 1
241 4 1 100 1
241 5 2 100 1
241 6 2 100 1
241 7 2 100 1
241 8 2 100 1
241 9 2 100 1
242 0 2 100 1
242 1 2 100 1
242 2 3 100 1
242 3 2 100 1
242 4 2 100 1
242 5 2 100 1
242 6 3 100 1
242 7 5 100 1
242 8 3 100 1
242 9 3 100 1
243 0 2 100 1
243 1 2 100 1
243 2 2 100 1
243 3 1 100 1
243 4 1 100 1
243 5 2 100 1
243 6 2 100 1
243 7 2 100 1
243 8 2 100 1
243 9 3 100 1
244 0 2 100 1
244 1 2 100 1
244 2 5 100 1
244 3 4 100 1
244 4 5 100 1
244 5 3 100 1
244 6 5 100 1
244 7 5 100 1
244 8 3 100 1
244 9 3 100 1
245 0 2 100 1
245 1 2 100 1
245 2 1 100 1
245 3 2 100 1
245 4 2 100 1
245 5 2 100 1
245 6 2 100 1
245 7 3 100 1
245 8 3 100 1
245 9 1 100 1
246 0 2 100 1
246 1 4 100 1
246 2 3 100 1
246 3 2 100 1
246 4 4 100 1
246 5 1 100 1
246 6 2 100 1
246 7 1 100 1
246 8 3 100 1
246 9 2 100 1
247 0 3 100 1
247 1 2 100 1
247 2 3 100 1
247 3 2 100 1
247 4 2 100 1
247 5 2 100 1
247 6 2 100 1
247 7 1 100 1
247 8 3 100 1
247 9 2 100 1
248 0 3 100 1
248 1 3 100 1
248 2 3 100 1
248 3 2 100 1
248 4 5 100 1
248 5 4 100 1
248 6 4 100 1
248 7 5 100 1
248 8 3 100 1
248 9 3 100 1
249 0 2 100 1
249 1 2 100 1
249 2 2 100 1
249 3 3 100 1
249 4 2 100 1
249 5 1 100 1
249 6 2 100 1
249 7 1 100 1
249 8 2 100 1
249 9 2 100 1
250 0 3 100 1
250 1 4 100 1
250 2 2 100 1
250 3 3 100 1
250 4 2 100 1
250 5 1 100 1
250 6 2 100 1
250 7 1 100 1
250 8 2 100 1
250 9 2 100 1
251 0 3 100 1
251 1 3 100 1
251 2 3 100 1
251 3 4 100 1
251 4 5 100 1
251 5 2 100 1
251 6 3 100 1
251 7 2 100 1
251 8 3 100 1
251 9 4 100 1
252 0 3 100 1
252 1 1 100 1
252 2 1 100 1
252 3 2 100 1
252 4 1 100 1
252 5 3 100 1
252 6 1 100 1
252 7 1 100 1
252 8 3 100 1
252 9 2 100 1
253 0 2 100 1
253 1 3 100 1
253 2 3 100 1
253 3 4 100 1
253 4 3 100 1
253 5 3 100 1
253 6 3 100 1
253 7 3 100 1
253 8 5 100 1
253 9 4 100 1
254 0 2 100 1
254 1 2 100 1
254 2 4 100 1
254 3 4 100 1
254 4 3 100 1
254 5 3 100 1
254 6 2 100 1
254 7 1 100 1
254 8 2 100 1
254 9 2 100 1
255 0 2 100 1
255 1 2 100 1
255 2 2 100 1
255 3 2 100 1
255 4 2 100 1
255 5 1 100 1
255 6 1 100 1
255 7 2 100 1
255 8 4 100 1
255 9 1 100 1
256 0 2 100 1
256 1 1 100 1
256 2 3 100 1
256 3 1 100 1
256 4 1 100 1
256 5 2 100 1
256 6 2 100 1
256 7 3 100 1
256 8 4 100 1
256 9 1 100 1
257 0 2 100 1
257 1 3 100 1
257 2 2 100 1
257 3 4 100 1
257 4 3 100 1
257 5 3 100 1
257 6 3 100 1
257 7 2 100 1
257 8 3 100 1
257 9 4 100 1
258 0 3 100 1
258 1 2 100 1
258 2 3 100 1
258 3 3 100 1
258 4 3 100 1
258 5 2 100 1
258 6 5 100 1
258 7 2 100 1
258 8 4 100 1
258 9 3 100 1
259 0 2 100 1
259 1 2 100 1
259 2 2 100 1
259 3 1 100 1
259 4 2 100 1
259 5 3 100 1
259 6 2 100 1
259 7 2 100 1
259 8 1 100 1
259 9 2 100 1
260 0 4 100 1
260 1 5 100 1
260 2 3 100 1
260 3 3 100 1
260 4 2 100 1
260 5 3 100 1
260 6 2 100 1
260 7 4 100 1
260 8 3 100 1
260 9 3 100 1
261 0 4 100 1
261 1 1 100 1
261 2 4 100 1
261 3 1 100 1
261 4 3 100 1
261 5 3 100 1
261 6 2 100 1
261 7 2 100 1
261 8 2 100 1
261 9 2 100 1
262 0 2 100 1
262 1 2 100 1
262 2 1 100 1
262 3 3 100 1
262 4 2 100 1
262 5 1 100 1
262 6 2 100 1
262 7 1 100 1
262 8 2 100 1
262 9 2 100 1
263 0 2 100 1
263 1 4 100 1
263 2 3 100 1
263 3 4 100 1
263 4 2 100 1
263 5 3 100 1
263 6 4 100 1
263 7 2 100 1
263 8 2 100 1
263 9 3 100 1
264 0 4 100 1
264 1 4 100 1
264 2 1 100 1
264 3 1 100 1
264 4 1 100 1
264 5 4 100 1
264 6 2 100 1
264 7 3 100 1
264 8 2 100 1
264 9 1 100 1
265 0 4 100 1
265 1 3 100 1
265 2 2 100 1
265 3 3 100 1
265 4 3 100 1
265 5 3 100 1
265 6 2 100 1
265 7 3 100 1
265 8 2 100 1
265 9 2 100 1
266 0 1 100 1
266 1 1 100 1
266 2 2 100 1
266 3 2 100 1
266 4 1 100 1
266 5 2 100 1
266 6 2 100 1
266 7 1 100 1
266 8 1 100 1
266 9 3 100 1
267 0 4 100 1
267 1 2 100 1
267 2 2 100 1
267 3 3 100 1
267 4 2 100 1
267 5 3 100 1
267 6 2 100 1
267 7 3 100 1
267 8 5 100 1
267 9 4 100 1
268 0 2 100 1
268 1 4 100 1
268 2 4 100 1
268 3 3 100 1
268 4 3 100 1
268 5 2 100 1
268 6 2 100 1
268 7 2 100 1
268 8 3 100 1
268 9 4 100 1
269 0 1 100 1
269 1 2 100 1
269 2 2 100 1
269 3 2 100 1
269 4 2 100 1
269 5 2 100 1
269 6 1 100 1
269 7 1 100 1
269 8 3 100 1
269 9 2 100 1
270 0 4 100 1
270 1 2 100 1
270 2 2 100 1
270 3 2 100 1
270 4 5 100 1
270 5 2 100 1
270 6 4 100 1
270 7 4 100 1
270 8 5 100 1
270 9 3 100 1
271 0 2 100 1
271 1 1 100 1
271 2 1 100 1
271 3 2 100 1
271 4 2 100 1
271 5 2 100 1
271 6 2 100 1
271 7 2 100 1
271 8 2 100 1
271 9 2 100 1
272 0 2 100 1
272 1 3 100 1
272 2 4 100 1
272 3 3 100 1
272 4 2 100 1
272 5 3 100 1
272 6 3 100 1
272 7 2 100 1
272 8 2 100 1
272 9 4 100 1
273 0 3 100 1
273 1 3 100 1
273 2 3 100 1
273 3 3 100 1
273 4 5 100 1
273 5 2 100 1
273 6 4 100 1
273 7 4 100 1
273 8 4 100 1
273 9 3 100 1
274 0 4 100 1
274 1 1 100 1
274 2 4 100 1
274 3 1 100 1
274 4 3 100 1
274 5 2 100 1
274 6 2 100 1
274 7 2 100 1
274 8 3 100 1
274 9 2 100 1
275 0 2 100 1
275 1 4 100 1
275 2 1 100 1
275 3 3 100 1
275 4 1 100 1
275 5 2 100 1
275 6 2 100 1
275 7 2 100 1
275 8 1 100 1
275 9 1 100 1
276 0 1 100 1
276 1 3 100 1
276 2 1 100 1
276 3 2 100 1
276 4 1 100 1
276 5 1 100 1
276 6 1 100 1
276 7 2 100 1
276 8 2 100 1
276 9 2 100 1
277 0 3 100 1
277 1 3 100 1
277 2 3 100 1
277 3 2 100 1
277 4 2 100 1
277 5 4 100 1
277 6 3 100 1
277 7 4 100 1
277 8 2 100 1
277 9 4 100 1
278 0 4 100 1
278 1 3 100 1
278 2 5 100 1
278 3 5 100 1
278 4 3 100 1
278 5 3 100 1
278 6 3 100 1
278 7 5 100 1
278 8 3 100 1
278 9 3 100 1
279 0 1 100 1
279 1 1 100 1
279 2 2 100 1
279 3 2 100 1
279 4 1 100 1
279 5 2 100 1
279 6 1 100 1
279 7 1 100 1
279 8 2 100 1
279 9 2 100 1
280 0 4 100 1
280 1 3 100 1
280 2 3 100 1
280 3 3 100 1
280 4 4 100 1
280 5 2 100 1
280 6 2 100 1
280 7 5 100 1
280 8 3 100 1
280 9 3 100 1
281 0 4 100 1
281 1 2 100 1
281 2 1 100 1
281 3 3 100 1
281 4 1 100 1
281 5 2 100 1
281 6 2 100 1
281 7 1 100 1
281 8 1 100 1
281 9 1 100 1
282 0 2 100 1
282 1 3 100 1
282 2 3 100 1
282 3 3 100 1
282 4 3 100 1
282 5 3 100 1
282 6 4 100 1
282 7 3 100 1
282 8 4 100 1
282 9 3 100 1
283 0 2 100 1
283 1 3 100 1
283 2 2 100 1
283 3 4 100 1
283 4 1 100 1
283 5 1 100 1
283 6 2 100 1
283 7 2 100 1
283 8 4 100 1
283 9 1 100 1
284 0 1 100 1
284 1 2 100 1
284 2 4 100 1
284 3 2 100 1
284 4 2 100 1
284 5 2 100 1
284 6 2 100 1
284 7 2 100 1
284 8 2 100 1
284 9 1 100 1
285 0 3 100 1
285 1 3 100 1
285 2 4 100 1
285 3 3 100 1
285 4 4 100 1
285 5 2 100 1
285 6 3 100 1
285 7 3 100 1
285 8 3 100 1
285 9 2 100 1
286 0 2 100 1
286 1 2 100 1
286 2 2 100 1
286 3 4 100 1
286 4 3 100 1
286 5 2 100 1
286 6 3 100 1
286 7 2 100 1
286 8 1 100 1
286 9 2 100 1
287 0 2 100 1
287 1 3 100 1
287 2 3 100 1
287 3 3 100 1
287 4 3 100 1
287 5 2 100 1
287 6 5 100 1
287 7 3 100 1
287 8 2 100 1
287 9 2 100 1
288 0 2 100 1
288 1 1 100 1
288 2 2 100 1
288 3 2 100 1
288 4 1 100 1
288 5 3 100 1
288 6 2 100 1
288 7 3 100 1
288 8 1 100 1
288 9 1 100 1
289 0 3 100 1
289 1 3 100 1
289 2 2 100 1
289 3 4 100 1
289 4 4 100 1
289 5 3 100 1
289 6 2 100 1
289 7 3 100 1
289 8 3 100 1
289 9 5 100 1
290 0 2 100 1
290 1 2 100 1
290 2 1 100 1
290 3 2 100 1
290 4 3 100 1
290 5 2 100 1
290 6 2 100 1
290 7 3 100 1
290 8 4 100 1
290 9 2 100 1
291 0 3 100 1
291 1 2 100 1
291 2 1 100 1
291 3 3 100 1
291 4 2 100 1
291 5 3 100 1
291 6 2 100 1
291 7 2 100 1
291 8 2 100 1
291 9 2 100 1
292 0 4 100 1
292 1 2 100 1
292 2 3 100 1
292 3 2 100 1
292 4 2 100 1
292 5 2 100 1
292 6 3 100 1
292 7 5 100 1
292 8 4 100 1
292 9 3 100 1
293 0 2 100 1
293 1 3 100 1
293 2 2 100 1
293 3 2 100 1
293 4 1 100 1
293 5 1 100 1
293 6 1 100 1
293 7 1 100 1
293 8 2 100 1
293 9 2 100 1
294 0 5 100 1
294 1 3 100 1
294 2 4 100 1
294 3 2 100 1
294 4 3 100 1
294 5 2 100 1
294 6 3 100 1
294 7 4 100 1
294 8 4 100 1
294 9 3 100 1
295 0 2 100 1
295 1 1 100 1
295 2 2 100 1
295 3 1 100 1
295 4 3 100 1
295 5 1 100 1
295 6 3 100 1
295 7 1 100 1
295 8 2 100 1
295 9 4 100 1
296 0 3 100 1
296 1 3 100 1
296 2 3 100 1
296 3 3 100 1
296 4 3 100 1
296 5 3 100 1
296 6 3 100 1
296 7 3 100 1
296 8 3 100 1
296 9 3 100 1
297 0 3 100 1
297 1 1 100 1
297 2 3 100 1
297 3 3 100 1
297 4 2 100 1
297 5 2 100 1
297 6 2 100 1
297 7 1 100 1
297 8 2 100 1
297 9 1 100 1
298 0 4 100 1
298 1 2 100 1
298 2 3 100 1
298 3 4 100 1
298 4 4 100 1
298 5 3 100 1
298 6 5 100 1
298 7 4 100 1
298 8 4 100 1
298 9 4 100 1
299 0 2 100 1
299 1 4 100 1
299 2 3 100 1
299 3 2 100 1
299 4 2 100 1
299 5 4 100 1
299 6 2 100 1
299 7 1 100 1
299 8 1 100 1
299 9 2 100 1
300 0 2 100 1
300 1 2 100 1
300 2 1 100 1
300 3 1 100 1
300 4 1 100 1
300 5 3 100 1
300 6 2 100 1
300 7 1 100 1
300 8 2 100 1
300 9 3 100 1
301 0 2 100 1
301 1 1 100 1
301 2 2 100 1
301 3 1 100 1
301 4 2 100 1
301 5 3 100 1
301 6 2 100 1
301 7 1 100 1
301 8 2 100 1
301 9 3 100 1
302 0 3 100 1
302 1 4 100 1
302 2 3 100 1
302 3 3 100 1
302 4 3 100 1
302 5 3 100 1
302 6 5 100 1
302 7 2 100 1
302 8 3 100 1
302 9 4 100 1
303 0 2 100 1
303 1 2 100 1
303 2 2 100 1
303 3 1 100 1
303 4 2 100 1
303 5 2 100 1
303 6 2 100 1
303 7 1 100 1
303 8 2 100 1
303 9 2 100 1
304 0 2 100 1
304 1 3 100 1
304 2 3 100 1
304 3 2 100 1
304 4 4 100 1
304 5 3 100 1
304 6 2 100 1
304 7 2 100 1
304 8 3 100 1
304 9 3 100 1
305 0 3 100 1
305 1 4 100 1
305 2 5 100 1
305 3 2 100 1
305 4 3 100 1
305 5 3 100 1
305 6 3 100 1
305 7 2 100 1
305 8 3 100 1
305 9 4 100 1
306 0 2 100 1
306 1 2 100 1
306 2 4 100 1
306 3 4 100 1
306 4 2 100 1
306 5 2 100 1
306 6 2 100 1
306 7 1 100 1
306 8 1 100 1
306 9 2 100 1
307 0 2 100 1
307 1 1 100 1
307 2 1 100 1
307 3 1 100 1
307 4 1 100 1
307 5 2 100 1
307 6 3 100 1
307 7 2 100 1
307 8 3 100 1
307 9 1 100 1
308 0 5 100 1
308 1 3 100 1
308 2 4 100 1
308 3 3 100 1
308 4 3 100 1
308 5 5 100 1
308 6 2 100 1
308 7 3 100 1
308 8 3 100 1
308 9 3 100 1
309 0 2 100 1
309 1 2 100 1
309 2 3 100 1
309 3 2 100 1
309 4 2 100 1
309 5 1 100 1
309 6 2 100 1
309 7 2 100 1
309 8 1 100 1
309 9 3 100 1
310 0 4 100 1
310 1 2 100 1
310 2 3 100 1
310 3 3 100 1
310 4 2 100 1
310 5 3 100 1
310 6 3 100 1
310 7 3 100 1
310 8 4 100 1
310 9 3 100 1
311 0 1 100 1
311 1 1 100 1
311 2 2 100 1
311 3 1 100 1
311 4 2 100 1
311 5 2 100 1
311 6 2 100 1
311 7 4 100 1
311 8 3 100 1
311 9 3 100 1
312 0 3 100 1
312 1 3 100 1
312 2 3 100 1
312 3 3 100 1
312 4 2 100 1
312 5 3 100 1
312 6 3 100 1
312 7 3 100 1
312 8 2 100 1
312 9 3 100 1
313 0 3 100 1
313 1 2 100 1
313 2 2 100 1
313 3 4 100 1
313 4 2 100 1
313 5 2 100 1
313 6 1 100 1
313 7 2 100 1
313 8 2 100 1
313 9 2 100 1
314 0 5 100 1
314 1 3 100 1
314 2 3 100 1
314 3 3 100 1
314 4 3 100 1
314 5 5 100 1
314 6 2 100 1
314 7 3 100 1
314 8 3 100 1
314 9 4 100 1
315 0 2 100 1
315 1 2 100 1
315 2 2 100 1
315 3 2 100 1
315 4 3 100 1
315 5 2 100 1
315 6 2 100 1
315 7 2 100 1
315 8 1 100 1
315 9 3 100 1
316 0 2 100 1
316 1 2 100 1
316 2 1 100 1
316 3 2 100 1
316 4 1 100 1
316 5 1 100 1
316 6 1 100 1
316 7 2 100 1
316 8 2 100 1
316 9 2 100 1
317 0 2 100 1
317 1 3 100 1
317 2 2 100 1
317 3 3 100 1
317 4 4 100 1
317 5 2 100 1
317 6 3 100 1
317 7 3 100 1
317 8 5 100 1
317 9 3 100 1
318 0 2 100 1
318 1 3 100 1
318 2 3 100 1
318 3 3 100 1
318 4 2 100 1
318 5 3 100 1
318 6 3 100 1
318 7 3 100 1
318 8 2 100 1
318 9 3 100 1
319 0 2 100 1
319 1 2 100 1
319 2 4 100 1
319 3 1 100 1
319 4 1 100 1
319 5 1 100 1
319 6 4 100 1
319 7 2 100 1
319 8 2 100 1
319 9 2 100 1
320 0 4 100 1
320 1 2 100 1
320 2 4 100 1
320 3 3 100 1
320 4 5 100 1
320 5 2 100 1
320 6 3 100 1
320 7 2 100 1
320 8 2 100 1
320 9 2 100 1
321 0 1 100 1
321 1 2 100 1
321 2 4 100 1
321 3 2 100 1
321 4 2 100 1
321 5 1 100 1
321 6 1 100 1
321 7 1 100 1
321 8 1 100 1
321 9 2 100 1
322 0 2 100 1
322 1 3 100 1
322 2 3 100 1
322 3 2 100 1
322 4 5 100 1
322 5 5 100 1
322 6 3 100 1
322 7 3 100 1
322 8 2 100 1
322 9 3 100 1
323 0 2 100 1
323 1 2 100 1
323 2 3 100 1
323 3 3 100 1
323 4 3 100 1
323 5 2 100 1
323 6 2 100 1
323 7 3 100 1
323 8 2 100 1
323 9 3 100 1
324 0 2 100 1
324 1 2 100 1
324 2 3 100 1
324 3 4 100 1
324 4 2 100 1
324 5 3 100 1
324 6 2 100 1
324 7 3 100 1
324 8 3 100 1
324 9 3 100 1
325 0 1 100 1
325 1 2 100 1
325 2 3 100 1
325 3 1 100 1
325 4 2 100 1
325 5 3 100 1
325 6 1 100 1
325 7 2 100 1
325 8 3 100 1
325 9 3 100 1
326 0 2 100 1
326 1 3 100 1
326 2 4 100 1
326 3 2 100 1
326 4 3 100 1
326 5 4 100 1
326 6 5 100 1
326 7 3 100 1
326 8 2 100 1
326 9 3 100 1
327 0 2 100 1
327 1 2 100 1
327 2 1 100 1
327 3 3 100 1
327 4 2 100 1
327 5 1 100 1
327 6 3 100 1
327 7 2 100 1
327 8 2 100 1
327 9 1 100 1
328 0 2 100 1
328 1 3 100 1
328 2 3 100 1
328 3 2 100 1
328 4 3 100 1
328 5 4 100 1
328 6 3 100 1
328 7 3 100 1
328 8 2 100 1
328 9 2 100 1
329 0 2 100 1
329 1 3 100 1
329 2 3 100 1
329 3 3 100 1
329 4 2 100 1
329 5 4 100 1
329 6 4 100 1
329 7 2 100 1
329 8 3 100 1
329 9 3 100 1
330 0 1 100 1
330 1 2 100 1
330 2 1 100 1
330 3 2 100 1
330 4 2 100 1
330 5 1 100 1
330 6 3 100 1
330 7 2 100 1
330 8 1 100 1
330 9 4 100 1
331 0 4 100 1
331 1 3 100 1
331 2 3 100 1
331 3 4 100 1
331 4 3 100 1
331 5 3 100 1
331 6 3 100 1
331 7 3 100 1
331 8 4 100 1
331 9 3 100 1
332 0 1 100 1
332 1 2 100 1
332 2 2 100 1
332 3 2 100 1
332 4 2 100 1
332 5 2 100 1
332 6 2 100 1
332 7 2 100 1
332 8 4 100 1
332 9 1 100 1
333 0 2 100 1
333 1 2 100 1
333 2 3 100 1
333 3 2 100 1
333 4 2 100 1
333 5 1 100 1
333 6 1 100 1
333 7 2 100 1
333 8 1 100 1
333 9 2 100 1
334 0 4 100 1
334 1 3 100 1
334 2 3 100 1
334 3 3 100 1
334 4 4 100 1
334 5 2 100 1
334 6 3 100 1
334 7 2 100 1
334 8 3 100 1
334 9 3 100 1
335 0 3 100 1
335 1 2 100 1
335 2 4 100 1
335 3 3 100 1
335 4 5 100 1
335 5 4 100 1
335 6 2 100 1
335 7 2 100 1
335 8 3 100 1
335 9 3 100 1
336 0 1 100 1
336 1 2 100 1
336 2 2 100 1
336 3 2 100 1
336 4 1 100 1
336 5 2 100 1
336 6 2 100 1
336 7 1 100 1
336 8 2 100 1
336 9 1 100 1
337 0 3 100 1
337 1 2 100 1
337 2 2 100 1
337 3 4 100 1
337 4 3 100 1
337 5 3 100 1
337 6 3 100 1
337 7 3 100 1
337 8 3 100 1
337 9 5 100 1
338 0 2 100 1
338 1 2 100 1
338 2 3 100 1
338 3 1 100 1
338 4 1 100 1
338 5 1 100 1
338 6 2 100 1
338 7 3 100 1
338 8 2 100 1
338 9 2 100 1
339 0 2 100 1
339 1 3 100 1
339 2 4 100 1
339 3 3 100 1
339 4 5 100 1
339 5 3 100 1
339 6 2 100 1
339 7 3 100 1
339 8 3 100 1
339 9 2 100 1
340 0 1 100 1
340 1 2 100 1
340 2 1 100 1
340 3 2 100 1
340 4 1 100 1
340 5 3 100 1
340 6 2 100 1
340 7 1 100 1
340 8 2 100 1
340 9 2 100 1
341 0 3 100 1
341 1 3 100 1
341 2 2 100 1
341 3 2 100 1
341 4 3 100 1
341 5 3 100 1
341 6 3 100 1
341 7 3 100 1
341 8 3 100 1
341 9 3 100 1
342 0 3 100 1
342 1 3 100 1
342 2 4 100 1
342 3 3 100 1
342 4 2 100 1
342 5 3 100 1
342 6 3 100 1
342 7 4 100 1
342 8 2 100 1
342 9 2 100 1
343 0 3 100 1
343 1 3 100 1
343 2 3 100 1
343 3 4 100 1
343 4 3 100 1
343 5 2 100 1
343 6 2 100 1
343 7 2 100 1
343 8 3 100 1
343 9 3 100 1
344 0 2 100 1
344 1 2 100 1
344 2 1 100 1
344 3 1 100 1
344 4 3 100 1
344 5 2 100 1
344 6 2 100 1
344 7 2 100 1
344 8 1 100 1
344 9 2 100 1
345 0 3 100 1
345 1 3 100 1
345 2 3 100 1
345 3 2 100 1
345 4 2 100 1
345 5 2 100 1
345 6 5 100 1
345 7 4 100 1
345 8 2 100 1
345 9 4 100 1
346 0 1 100 1
346 1 2 100 1
346 2 3 100 1
346 3 1 100 1
346 4 1 100 1
346 5 2 100 1
346 6 1 100 1
346 7 2 100 1
346 8 3 100 1
346 9 3 100 1
347 0 5 100 1
347 1 3 100 1
347 2 2 100 1
347 3 2 100 1
347 4 3 100 1
347 5 3 100 1
347 6 5 100 1
347 7 3 100 1
347 8 3 100 1
347 9 4 100 1
348 0 1 100 1
348 1 1 100 1
348 2 2 100 1
348 3 2 100 1
348 4 2 100 1
348 5 1 100 1
348 6 3 100 1
348 7 3 100 1
348 8 2 100 1
348 9 1 100 1
349 0 2 100 1
349 1 2 100 1
349 2 3 100 1
349 3 3 100 1
349 4 4 100 1
349 5 3 100 1
349 6 3 100 1
349 7 3 100 1
349 8 3 100 1
349 9 3 100 1
350 0 3 100 1
350 1 2 100 1
350 2 2 100 1
350 3 3 100 1
350 4 3 100 1
350 5 3 100 1
350 6 3 100 1
350 7 5 100 1
350 8 3 100 1
350 9 3 100 1
351 0 2 100 1
351 1 2 100 1
351 2 2 100 1
351 3 2 100 1
351 4 2 100 1
351 5 2 100 1
351 6 1 100 1
351 7 2 100 1
351 8 2 100 1
351 9 2 100 1
352 0 3 100 1
352 1 2 100 1
352 2 2 100 1
352 3 2 100 1
352 4 3 100 1
352 5 4 100 1
352 6 3 100 1
352 7 4 100 1
352 8 3 100 1
352 9 2 100 1
353 0 3 100 1
353 1 1 100 1
353 2 1 100 1
353 3 3 100 1
353 4 1 100 1
353 5 2 100 1
353 6 2 100 1
353 7 2 100 1
353 8 1 100 1
353 9 2 100 1
354 0 2 100 1
354 1 2 100 1
354 2 4 100 1
354 3 3 100 1
354 4 3 100 1
354 5 3 100 1
354 6 3 100 1
354 7 4 100 1
354 8 2 100 1
354 9 3 100 1
355 0 2 100 1
355 1 2 100 1
355 2 5 100 1
355 3 3 100 1
355 4 2 100 1
355 5 4 100 1
355 6 3 100 1
355 7 3 100 1
355 8 3 100 1
355 9 2 100 1
356 0 2 100 1
356 1 2 100 1
356 2 2 100 1
356 3 1 100 1
356 4 1 100 1
356 5 1 100 1
356 6 1 100 1
356 7 2 100 1
356 8 1 100 1
356 9 3 100 1
357 0 4 100 1
357 1 2 100 1
357 2 4 100 1
357 3 2 100 1
357 4 3 100 1
357 5 2 100 1
357 6 2 100 1
357 7 3 100 1
357 8 3 100 1
357 9 3 100 1
358 0 5 100 1
358 1 3 100 1
358 2 2 100 1
358 3 3 100 1
358 4 2 100 1
358 5 3 100 1
358 6 4 100 1
358 7 3 100 1
358 8 3 100 1
358 9 3 100 1
359 0 4 100 1
359 1 2 100 1
359 2 2 100 1
359 3 2 100 1
359 4 2 100 1
359 5 2 100 1
359 6 2 100 1
359 7 2 100 1
359 8 1 100 1
359 9 2 100 1
360 0 3 100 1
360 1 3 100 1
360 2 5 100 1
360 3 3 100 1
360 4 3 100 1
360 5 5 100 1
360 6 2 100 1
360 7 3 100 1
360 8 4 100 1
360 9 3 100 1
361 0 3 100 1
361 1 2 100 1
361 2 2 100 1
361 3 4 100 1
361 4 2 100 1
361 5 4 100 1
361 6 2 100 1
361 7 1 100 1
361 8 2 100 1
361 9 2 100 1
362 0 1 100 1
362 1 2 100 1
362 2 2 100 1
362 3 2 100 1
362 4 2 100 1
362 5 2 100 1
362 6 4 100 1
362 7 1 100 1
362 8 2 100 1
362 9 2 100 1
363 0 2 100 1
363 1 3 100 1
363 2 3 100 1
363 3 1 100 1
363 4 2 100 1
363 5 2 100 1
363 6 2 100 1
363 7 2 100 1
363 8 2 100 1
363 9 3 100 1
