11 88 89 90 91 92 93 94 106 107 108 109 110 111 225 226 227 267 268 269 270 271 272 273 274 275 276 277 278 339 340 341 342 343 344 345
39 40 41 42 78 96 184 185 186 187 188 254 255 256 257 258 259 260 261 262 263 264 298 299 300 301 302 303 304 305 306 307 308 309 310 357
40 41 42 43 44 145 146 147 148 149 150 151 216 217 218 219 220 221 222 223 224 236 237 238 239 240 241 242 243 244 306 307 324 341 342 343
18 19 20 21 66 161 162 163 164 165 166 167 186 187 188 189 190 191 192 226 246 247 248 249 250 275 305 306 307 308 309 310 311 351 352 353
23 73 74 115 116 127 128 129 130 131 132 133 134 135 136 137 138 139 210 211 212 289 290 291 292 293 294 295 296 297 298 299 300 301 302 337
36 37 38 39 40 41 42 86 87 88 89 90 91 92 93 94 95 96 128 129 130 131 132 191 192 229 230 231 236 254 255 256 257 264 362 363
20 21 22 23 24 25 26 27 28 29 30 89 162 220 221 222 261 262 263 264 265 266 267 268 277 278 279 280 281 282 283 284 285 286 287 288
11 12 13 14 15 16 17 18 19 20 89 90 91 92 93 94 95 96 97 98 99 100 101 102 174 175 176 177 178 179 180 181 182 183 184 185
0 1 2 18 35 36 37 38 39 40 41 42 99 204 205 224 225 226 227 228 229 277 278 279 280 281 282 283 284 285 286 287 288 289 290 359
57 116 117 118 119 120 121 122 123 221 222 223 224 225 226 227 244 245 246 256 257 258 259 260 261 262 263 264 265 277 278 279 352 353 354 355
70 71 72 73 74 75 76 77 78 79 80 81 82 161 166 167 168 169 170 171 172 173 174 175 176 177 178 179 221 222 223 224 225 341 342 343
31 32 33 34 43 44 45 46 47 48 49 50 51 52 57 58 205 206 207 208 209 210 211 212 213 214 215 216 349 350 351 352 353 354 355 356
11 12 13 14 15 16 121 180 181 182 183 184 185 186 187 204 205 206 207 208 209 258 266 267 268 269 270 271 272 273 274 275 276 277 278 279
50 51 52 53 54 55 56 57 177 178 179 180 181 182 183 215 216 217 218 219 220 221 222 223 299 300 301 302 303 304 305 306 307 308 309 310
6 7 8 9 10 11 12 13 14 15 16 17 18 19 95 96 97 98 99 100 101 158 159 160 161 162 163 164 165 166 214 267 268 269 270 271
16 17 18 19 20 21 22 23 24 25 26 27 28 29 120 121 122 123 124 125 143 239 240 241 242 243 244 316 317 318 319 320 321 322 323 357
19 20 21 22 23 24 25 26 27 28 29 30 53 54 55 56 57 103 104 105 106 107 108 109 137 138 139 140 141 142 143 144 145 146 147 148
119 120 121 122 123 124 125 126 127 128 129 130 131 132 177 178 179 180 181 182 183 192 193 194 232 233 234 235 236 322 323 344 345 346 347 354
2 3 4 5 30 31 32 33 54 55 56 57 58 59 93 134 236 237 238 239 316 317 318 319 320 321 322 323 324 325 326 327 328 349 350 351
3 4 5 6 7 8 9 10 38 39 40 41 42 43 44 45 99 152 153 154 155 156 157 158 159 160 161 162 163 164 258 259 260 261 262 263
29 30 31 32 33 34 35 74 75 76 77 78 79 80 81 101 102 103 104 105 106 107 108 109 110 111 112 148 149 150 173 174 357 358 359 360
6 7 8 9 10 170 171 172 173 186 187 188 189 190 191 192 193 194 195 196 197 198 199 209 210 211 212 213 214 215 216 217 218 219 220 252
17 18 19 20 21 22 23 24 25 26 27 28 29 30 72 73 74 75 76 77 78 79 80 93 94 262 263 264 265 266 274 275 276 277 278 279
28 29 35 36 54 55 56 57 58 59 60 61 62 70 71 72 73 113 114 115 148 149 150 151 152 153 154 155 156 174 313 314 315 316 321 322
20 21 22 23 24 25 26 27 28 29 30 31 32 127 128 129 130 131 132 133 134 135 216 246 247 248 249 250 251 252 253 254 255 256 307 308
9 10 11 12 13 14 15 16 17 18 19 20 21 22 47 102 103 104 105 106 107 108 109 110 111 286 287 288 289 290 291 292 293 294 295 296
7 10 11 12 57 58 59 60 61 62 63 64 65 66 67 68 128 129 130 131 132 133 134 135 136 137 138 184 282 342 343 344 345 346 347 348
4 5 6 7 8 9 10 11 12 13 14 15 16 17 23 24 25 26 96 97 98 189 190 191 192 193 194 195 196 197 198 199 200 201 252 297
24 25 26 27 28 29 30 31 32 33 34 35 106 107 108 109 110 111 112 113 114 115 116 119 120 328 329 330 331 332 333 334 335 336 357 360
46 47 48 49 50 51 52 53 54 55 56 57 58 59 79 80 144 222 223 224 225 226 227 228 229 261 346 347 348 349 350 351 352 353 354 355
27 28 29 30 31 46 54 55 56 62 63 64 65 66 67 68 69 90 91 92 93 126 127 128 260 261 262 283 284 285 286 336 337 338 339 340
32 33 34 35 36 37 38 39 40 41 78 90 91 92 93 94 95 96 97 98 99 100 101 102 103 250 251 252 253 254 255 256 257 258 270 271
33 34 35 36 37 38 39 50 54 55 56 82 100 117 125 126 127 128 129 130 182 183 306 324 325 326 330 331 332 333 334 335 336 337 338 339
19 20 21 22 23 24 25 26 27 58 59 60 61 62 63 64 65 66 67 144 219 220 221 222 232 233 234 235 236 237 283 302 303 304 305 309
165 166 167 168 169 170 171 172 181 182 183 184 185 186 187 260 261 265 266 267 268 269 270 271 272 273 274 350 351 352 353 354 355 356 357 358
15 16 50 51 52 53 54 55 56 57 61 62 187 188 189 200 219 220 221 222 223 224 225 226 227 228 232 233 234 235 236 237 238 239 240 241
81 82 83 88 89 90 91 92 93 94 95 96 97 98 99 100 101 112 113 114 115 116 131 132 133 178 179 180 181 182 183 259 260 261 262 263
73 74 75 76 77 78 79 80 81 113 158 181 182 183 184 185 186 187 188 269 270 271 272 273 274 275 309 310 311 312 313 314 315 316 357 358
31 32 33 34 35 36 37 38 39 40 41 42 55 56 57 87 88 89 217 218 219 220 221 222 241 255 291 292 293 349 350 351 352 353 354 355
49 50 113 114 115 116 117 118 119 120 121 122 123 124 232 246 247 248 249 274 275 276 277 278 279 280 281 282 283 284 311 312 313 314 315 316
53 138 139 147 148 149 167 168 169 170 171 172 242 243 244 245 246 247 248 249 250 251 252 342 343 344 345 346 347 348 349 350 351 352 353 354
17 18 19 20 21 22 23 24 25 99 100 101 102 103 104 109 110 111 112 113 114 115 116 117 118 119 120 121 122 181 182 272 273 322 323 324
69 70 71 72 73 74 75 76 77 78 79 129 137 138 139 140 145 146 147 183 248 249 250 251 252 253 308 326 327 328 329 330 331 332 346 347
7 8 9 10 11 12 13 14 15 16 35 36 37 38 41 42 43 44 45 63 64 65 66 67 68 69 70 71 224 225 226 227 228 229 230 231
7 8 9 10 11 12 13 14 15 16 17 118 119 120 121 122 131 132 133 134 147 148 266 267 268 269 270 271 272 273 292 293 294 295 296 355
173 174 175 176 177 178 179 180 181 182 183 194 195 196 197 201 202 203 204 205 206 207 208 221 222 223 224 225 226 227 228 229 292 293 294 295
257 258 259 260 261 262 263 264 265 266 267 315 316 317 318 319 320 321 322 323 324 325 326 333 334 335 336 337 338 339 340 341 342 343 344 345
6 7 8 9 10 11 84 85 109 110 111 112 113 114 115 116 117 118 229 256 257 258 259 260 261 262 263 264 274 275 276 277 298 299 347 348
13 54 55 56 57 58 59 209 210 211 212 213 214 215 216 217 218 219 220 221 270 271 272 273 274 275 276 277 327 328 329 330 335 336 337 338
21 22 23 24 25 26 27 28 29 30 31 112 144 190 191 192 193 194 239 240 241 242 243 350 351 352 353 354 355 356 357 358 359 360 361 362
