46 46 0 0 364 0 0 46 46 58 112320 111360 5 2 2 26
46 0 46 364 364 364 0 46 46 0 112320 111360 5 2 2 26
0 46 46 364 364 364 46 0 46 58 112320 111360 5 2 2 26
46 46 46 364 364 364 46 46 0 58 112320 111360 5 2 2 26
0 46 0 364 364 0 46 46 0 58 112320 111360 5 2 2 26
46 46 0 364 364 364 46 0 0 0 112320 111360 5 2 2 26
46 46 46 364 364 0 46 46 46 58 112320 111360 5 2 2 26
46 46 0 0 0 364 46 46 0 0 112320 111360 5 2 2 26
0 0 46 364 364 364 46 0 46 58 112320 111360 5 2 2 26
46 46 46 364 0 0 46 46 46 0 112320 111360 5 2 2 26
0 0 46 364 0 0 46 0 0 0 112320 111360 5 2 2 26
46 46 0 364 364 0 0 0 46 58 112320 111360 5 2 2 26
46 46 0 364 364 364 46 0 0 0 112320 111360 5 2 2 26
0 46 46 0 364 0 0 0 46 0 112320 111360 5 2 2 26
0 46 46 364 364 0 46 46 46 58 112320 111360 5 2 2 26
46 46 46 364 0 0 46 46 0 0 112320 111360 5 2 2 26
46 46 0 364 364 364 46 46 46 0 112320 111360 5 2 2 26
46 46 46 364 364 0 46 46 46 0 112320 111360 5 2 2 26
46 46 46 364 364 0 0 46 46 58 112320 111360 5 2 2 26
46 46 46 0 0 364 0 46 46 58 112320 111360 5 2 2 26
0 46 0 0 364 364 0 46 46 58 112320 111360 5 2 2 26
46 46 46 364 364 364 0 46 46 58 112320 111360 5 2 2 26
46 46 46 364 364 364 0 0 0 58 112320 111360 5 2 2 26
0 0 46 364 364 0 46 46 0 0 112320 111360 5 2 2 26
46 46 46 0 364 364 0 46 0 58 112320 111360 5 2 2 26
0 46 0 364 0 0 46 46 46 0 112320 111360 5 2 2 26
46 46 0 0 0 364 0 46 46 58 112320 111360 5 2 2 26
46 46 46 364 364 364 46 46 0 0 112320 111360 5 2 2 26
0 46 46 364 0 0 46 0 46 0 112320 111360 5 2 2 26
46 46 46 364 0 364 46 0 0 58 112320 111360 5 2 2 26
0 46 46 0 364 0 46 46 46 0 112320 111360 5 2 2 26
46 46 46 364 364 364 0 0 0 58 112320 111360 5 2 2 26
0 0 46 364 364 0 0 46 46 0 112320 111360 5 2 2 26
46 0 0 0 364 364 0 46 0 0 112320 111360 5 2 2 26
46 46 0 364 364 364 0 0 46 58 112320 111360 5 2 2 26
46 46 0 364 364 364 46 0 0 58 112320 111360 5 2 2 26
46 46 0 0 364 364 46 0 46 0 112320 111360 5 2 2 26
46 46 46 364 364 364 46 46 46 58 112320 111360 5 2 2 26
0 46 0 0 0 364 46 0 46 58 112320 111360 5 2 2 26
46 46 46 364 364 364 46 0 46 58 112320 111360 5 2 2 26
28 28 28 364 364 0 28 28 0 35 67380 66420 5 2 2 39
28 0 28 364 364 364 28 0 0 0 67380 66420 5 2 2 39
0 28 28 364 364 0 0 28 0 35 67380 66420 5 2 2 39
28 0 28 364 364 364 28 28 28 35 67380 66420 5 2 2 39
0 28 28 364 364 364 0 28 28 35 67380 66420 5 2 2 39
0 25 0 0 364 364 0 0 25 32 61740 60780 5 2 2 17
25 0 25 0 364 0 0 25 25 0 61740 60780 5 2 2 17
0 0 0 364 0 364 25 25 25 32 61740 60780 5 2 2 17
0 25 25 364 364 0 25 0 25 32 61740 60780 5 2 2 17
25 0 0 364 364 0 25 25 0 32 61740 60780 5 2 2 17
