0 96 9 1
0 97 9 1
0 135 1 1
0 145 9 2
0 165 7 1
0 178 0 2
0 179 0 2
0 180 0 2
0 181 0 2
0 197 0 1
0 244 1 3
0 245 1 3
0 246 1 3
0 260 9 2
0 261 9 2
0 262 9 2
0 263 9 2
0 264 9 2
0 316 4 2
0 317 4 2
0 318 4 2
0 319 4 2
0 320 4 2
1 0 2 1
1 1 2 1
1 2 2 1
1 3 2 1
1 4 2 1
1 17 4 2
1 18 4 2
1 43 4 2
1 44 4 2
1 45 4 2
1 46 4 2
1 47 4 2
1 71 5 1
1 72 5 1
1 73 5 1
1 79 7 3
1 80 7 3
1 81 7 3
1 82 7 3
1 83 7 3
1 102 0 1
1 103 0 1
1 104 0 1
1 105 0 1
1 136 4 2
1 137 4 2
1 138 4 2
1 139 4 2
1 151 0 1
1 152 0 1
1 153 0 1
1 154 0 1
1 155 0 1
1 170 4 1
1 171 4 1
1 172 4 1
1 173 4 1
1 174 4 1
1 189 3 1
1 190 3 1
1 191 3 1
1 243 0 2
1 244 0 2
1 276 3 3
1 277 3 3
1 278 3 3
1 279 3 3
1 280 3 3
1 287 0 2
1 288 0 2
1 289 0 2
1 290 0 2
2 56 3 2
2 57 3 2
2 58 3 2
2 114 1 3
2 115 1 3
2 116 1 3
2 117 1 3
2 170 1 3
2 171 1 3
2 172 1 3
2 173 1 3
2 177 3 1
2 178 3 1
2 179 3 1
2 180 3 1
2 181 3 1
2 199 5 2
2 245 4 3
2 246 4 3
2 288 6 1
2 313 9 3
2 317 5 2
2 337 4 1
2 338 4 1
2 361 1 2
2 362 1 2
2 363 1 2
3 88 3 3
3 89 3 3
3 90 3 3
3 91 3 3
3 92 3 3
3 151 6 1
3 152 6 1
3 153 6 1
3 154 6 1
3 211 3 2
3 289 2 1
3 355 0 3
3 356 0 3
3 357 0 3
4 45 4 1
4 46 4 1
4 47 4 1
4 48 4 1
4 49 4 1
4 57 3 2
4 58 3 2
4 122 7 3
4 157 1 2
4 158 1 2
4 159 1 2
4 160 1 2
4 214 6 1
4 215 6 1
4 216 6 1
4 339 7 2
4 340 7 2
4 341 7 2
5 4 5 1
5 5 5 1
5 6 5 1
5 7 5 1
5 8 5 1
5 60 5 2
5 61 5 2
5 119 6 3
5 120 6 3
5 121 6 3
5 122 6 3
5 123 6 3
5 170 1 2
5 171 1 2
5 172 1 2
5 188 4 1
5 189 4 1
5 190 4 1
5 220 1 1
5 221 1 1
5 222 1 1
5 223 1 1
5 242 4 3
5 243 4 3
5 244 4 3
5 245 4 3
5 274 1 1
5 275 1 1
5 276 1 1
5 277 1 1
5 316 5 1
5 317 5 1
5 318 5 1
5 319 5 1
5 320 5 1
6 10 0 2
6 11 0 2
6 12 0 2
6 91 2 1
6 105 6 2
6 112 2 3
6 113 2 3
6 114 2 3
6 210 6 2
6 211 6 2
6 212 6 2
6 213 6 2
6 214 6 2
6 300 1 2
6 301 1 2
6 302 1 2
6 330 6 3
6 331 6 3
6 332 6 3
6 333 6 3
6 334 6 3
6 345 8 3
6 346 8 3
6 347 8 3
6 348 8 3
7 112 0 1
7 113 0 1
7 114 0 1
7 127 7 1
7 128 7 1
7 129 7 1
7 130 7 1
7 131 7 1
7 192 5 2
7 193 5 2
7 194 5 2
7 240 7 2
7 241 7 2
7 242 7 2
7 243 7 2
7 244 7 2
7 268 5 1
7 269 5 1
7 288 6 2
7 307 0 3
7 308 0 3
7 309 0 3
7 310 0 3
7 311 0 3
7 335 6 2
7 336 6 2
8 3 2 3
8 4 2 3
8 5 2 3
8 6 2 3
8 7 2 3
8 13 2 3
8 14 2 3
8 15 2 3
8 77 2 1
8 78 2 1
8 123 6 1
8 124 6 1
8 125 6 1
8 126 6 1
8 151 2 1
8 183 6 2
8 184 6 2
8 206 4 2
8 207 4 2
8 208 4 2
8 237 2 1
8 238 2 1
8 239 2 1
8 240 2 1
8 241 2 1
8 246 4 2
8 247 4 2
8 261 2 3
8 262 2 3
8 263 2 3
8 292 2 3
8 354 9 2
9 3 2 2
9 4 2 2
9 73 8 2
9 74 8 2
9 75 8 2
9 76 8 2
9 99 3 2
9 100 3 2
9 101 3 2
9 105 2 1
9 106 2 1
9 138 3 3
9 139 3 3
9 140 3 3
9 141 3 3
9 142 3 3
9 207 0 2
9 208 0 2
9 209 0 2
9 210 0 2
9 211 0 2
9 267 7 2
9 313 6 3
9 314 6 3
10 22 3 1
10 83 3 3
10 84 3 3
10 85 3 3
10 100 2 2
10 101 2 2
10 102 2 2
10 103 2 2
10 110 2 2
10 144 2 3
10 145 2 3
10 146 2 3
10 147 2 3
10 186 3 2
10 192 2 1
10 193 2 1
10 194 2 1
10 204 6 1
10 205 6 1
10 206 6 1
10 210 2 1
10 211 2 1
10 212 2 1
10 230 3 1
10 279 6 1
10 301 3 2
10 302 3 2
11 7 9 1
11 35 1 3
11 36 1 3
11 37 1 3
11 83 1 1
11 84 1 1
11 85 1 1
11 86 1 1
11 87 1 1
11 91 0 1
11 92 0 1
11 93 0 1
11 94 0 1
11 95 0 1
11 123 9 2
11 124 9 2
11 125 9 2
11 126 9 2
11 185 3 1
11 251 3 1
11 252 3 1
11 259 1 3
11 260 1 3
11 261 1 3
11 262 1 3
11 263 1 3
11 326 9 3
11 327 9 3
11 328 9 3
11 329 9 3
11 330 9 3
11 335 9 3
11 336 9 3
11 337 9 3
12 26 1 1
12 27 1 1
12 28 1 1
12 41 6 3
12 42 6 3
12 43 6 3
12 69 1 1
12 70 1 1
12 167 0 2
12 168 0 2
12 169 0 2
12 188 6 1
12 215 0 2
12 216 0 2
12 239 3 1
12 240 3 1
12 241 3 1
13 3 4 1
13 4 4 1
13 70 1 2
13 71 1 2
13 72 1 2
13 73 1 2
13 74 1 2
13 82 8 1
13 83 8 1
13 113 1 1
13 114 1 1
13 115 1 1
13 116 1 1
13 166 2 1
13 187 2 3
13 188 2 3
13 189 2 3
13 224 4 2
13 225 4 2
13 226 4 2
13 227 4 2
13 249 1 2
13 250 1 2
13 251 1 2
13 252 1 2
13 253 1 2
13 272 2 3
13 273 2 3
13 274 2 3
13 275 2 3
13 335 4 2
13 336 4 2
13 337 4 2
13 341 1 1
13 342 1 1
13 343 1 1
13 344 1 1
13 354 8 2
13 359 2 2
13 360 2 2
13 361 2 2
13 362 2 2
14 52 7 1
14 53 7 1
14 54 7 1
14 55 7 1
14 56 7 1
14 94 1 2
14 143 2 2
14 144 2 2
14 175 6 3
14 176 6 3
14 177 6 3
14 184 2 1
14 185 2 1
14 186 2 1
14 187 2 1
14 235 8 3
14 274 2 3
15 31 6 1
15 60 3 1
15 65 3 3
15 66 3 3
15 67 3 3
15 68 3 3
15 83 2 1
15 84 2 1
15 109 1 1
15 110 1 1
15 111 1 1
15 112 1 1
15 218 1 1
15 225 0 2
15 226 0 2
15 227 0 2
15 228 0 2
15 229 0 2
15 340 0 1
15 358 6 1
15 359 6 1
15 360 6 1
16 7 5 1
16 92 8 3
16 93 8 3
16 130 1 1
16 131 1 1
16 132 1 1
16 133 1 1
16 161 8 2
16 162 8 2
16 204 3 3
16 205 3 3
16 206 3 3
16 207 3 3
16 208 3 3
16 225 3 2
16 226 3 2
16 227 3 2
16 228 3 2
16 229 3 2
16 236 6 2
16 237 6 2
16 238 6 2
16 239 6 2
16 258 5 3
16 259 5 3
16 267 0 1
16 268 0 1
16 269 0 1
16 270 0 1
16 283 5 1
16 284 5 1
16 285 5 1
16 286 5 1
16 287 5 1
16 305 7 3
16 306 7 3
16 307 7 3
16 308 7 3
16 314 0 3
16 315 0 3
16 316 0 3
16 317 0 3
17 92 0 3
17 93 0 3
17 94 0 3
17 198 7 3
17 263 8 1
17 264 8 1
17 265 8 1
17 307 1 3
17 308 1 3
17 309 1 3
17 310 1 3
17 341 4 1
17 342 4 1
17 357 8 3
17 358 8 3
17 359 8 3
17 360 8 3
17 361 8 3
18 27 7 3
18 28 7 3
18 34 4 1
18 35 4 1
18 96 1 3
18 97 1 3
18 98 1 3
18 126 2 2
18 127 2 2
18 128 2 2
18 129 2 2
18 130 2 2
18 145 2 1
18 146 2 1
18 147 2 1
18 206 1 3
18 207 1 3
18 281 7 1
18 282 7 1
18 283 7 1
18 291 3 3
18 292 3 3
18 338 0 2
18 339 0 2
18 340 0 2
18 341 0 2
18 342 0 2
19 18 0 3
19 19 0 3
19 20 0 3
19 34 2 2
19 35 2 2
19 36 2 2
19 113 1 3
19 201 1 2
19 202 1 2
19 203 1 2
19 220 0 2
19 236 2 1
19 237 2 1
19 238 2 1
19 239 2 1
19 243 0 1
19 244 0 1
19 245 0 1
19 302 2 3
19 303 2 3
19 304 2 3
20 6 8 2
20 7 8 2
20 8 8 2
20 9 8 2
20 10 8 2
20 60 1 2
20 91 8 2
20 92 8 2
20 93 8 2
20 114 1 1
20 167 5 2
20 168 5 2
20 169 5 2
20 218 9 2
20 281 1 3
20 282 1 3
20 283 1 3
20 284 1 3
20 302 9 2
20 303 9 2
20 345 7 2
20 346 7 2
20 347 7 2
20 348 7 2
21 11 8 1
21 12 8 1
21 18 9 3
21 19 9 3
21 20 9 3
21 21 9 3
21 45 5 1
21 46 5 1
21 47 5 1
21 48 5 1
21 49 5 1
21 84 9 2
21 85 9 2
21 201 5 3
21 202 5 3
21 223 3 2
21 224 3 2
21 225 3 2
21 226 3 2
21 230 4 1
21 231 4 1
21 232 4 1
21 233 4 1
21 270 3 2
21 271 3 2
21 272 3 2
21 273 3 2
21 274 3 2
21 286 4 1
21 287 4 1
21 314 2 2
21 328 4 1
21 332 4 3
21 338 5 3
21 339 5 3
21 340 5 3
21 341 5 3
21 342 5 3
22 44 0 2
22 45 0 2
22 46 0 2
22 151 2 3
22 152 2 3
22 153 2 3
22 154 2 3
22 173 2 2
22 174 2 2
22 221 4 2
22 345 1 2
22 352 4 3
22 353 4 3
22 354 4 3
22 355 4 3
22 356 4 3
23 64 4 3
23 80 7 2
23 81 7 2
23 82 7 2
23 97 2 1
23 98 2 1
23 99 2 1
23 100 2 1
23 116 7 3
23 136 3 1
23 137 3 1
23 138 3 1
23 157 3 2
23 158 3 2
23 159 3 2
23 160 3 2
23 161 3 2
23 176 3 2
23 177 3 2
23 178 3 2
23 179 3 2
23 180 3 2
23 205 4 3
23 206 4 3
23 207 4 3
23 208 4 3
23 212 4 1
23 213 4 1
23 214 4 1
23 275 2 3
23 276 2 3
23 277 2 3
23 278 2 3
23 361 2 1
24 39 4 2
24 40 4 2
24 41 4 2
24 57 0 2
24 58 0 2
24 97 9 1
24 98 9 1
24 147 9 3
24 148 9 3
24 149 9 3
24 150 9 3
24 151 9 3
24 183 0 3
24 184 0 3
24 185 0 3
24 186 0 3
24 198 5 3
24 204 1 2
24 205 1 2
24 206 1 2
25 28 7 3
25 29 7 3
25 80 3 1
25 81 3 1
25 82 3 1
25 83 3 1
25 84 3 1
25 113 7 3
25 124 8 2
25 125 8 2
25 126 8 2
25 127 8 2
25 148 7 2
25 149 7 2
25 150 7 2
25 179 7 2
25 180 7 2
25 181 7 2
25 182 7 2
25 183 7 2
25 195 3 3
25 196 3 3
25 197 3 3
25 198 3 3
25 199 3 3
25 204 1 2
25 205 1 2
25 206 1 2
25 207 1 2
25 214 3 1
25 215 3 1
25 245 8 1
25 246 8 1
25 247 8 1
25 248 8 1
25 264 8 1
25 284 8 1
25 325 6 3
25 326 6 3
25 327 6 3
25 328 6 3
25 337 6 3
25 338 6 3
25 355 7 2
25 356 7 2
25 357 7 2
26 14 1 3
26 15 1 3
26 16 1 3
26 17 1 3
26 90 9 1
26 91 9 1
26 150 8 1
26 151 8 1
26 152 8 1
26 153 8 1
26 272 5 3
26 273 5 3
26 274 5 3
26 275 5 3
26 296 9 2
26 297 9 2
26 298 9 2
26 299 9 2
26 323 8 1
27 46 1 2
27 47 1 2
27 48 1 2
27 49 1 2
27 65 1 1
27 66 1 1
27 67 1 1
27 80 3 2
27 81 3 2
27 82 3 2
27 83 3 2
27 84 3 2
27 88 4 3
27 89 4 3
27 90 4 3
27 91 4 3
27 104 2 2
27 105 2 2
27 106 2 2
27 107 2 2
27 156 4 2
27 157 4 2
27 158 4 2
27 159 4 2
27 170 4 1
27 171 4 1
27 242 6 1
27 243 6 1
27 244 6 1
27 253 4 2
27 259 7 3
27 260 7 3
27 261 7 3
27 262 7 3
27 267 3 3
27 286 7 1
27 287 7 1
27 288 7 1
27 292 0 1
27 305 0 1
27 306 0 1
27 326 1 3
27 327 1 3
27 328 1 3
27 329 1 3
27 330 1 3
28 52 1 1
28 134 1 1
28 135 1 1
28 174 1 1
28 175 1 1
28 176 1 1
28 177 1 1
28 178 1 1
28 236 3 2
28 237 3 2
28 238 3 2
28 239 3 2
28 246 3 1
28 247 3 1
28 248 3 1
28 307 6 1
28 308 6 1
28 309 6 1
28 310 6 1
28 311 6 1
28 347 2 1
29 41 3 3
29 42 3 3
29 82 2 1
29 83 2 1
29 84 2 1
29 85 2 1
29 86 2 1
29 150 6 2
29 151 6 2
29 152 6 2
29 162 0 3
29 163 0 3
29 203 2 1
29 204 2 1
29 205 2 1
29 206 2 1
29 207 2 1
29 211 3 2
29 212 3 2
29 213 3 2
29 279 5 2
29 280 5 2
29 281 5 2
29 282 5 2
29 283 5 2
30 42 8 2
30 43 8 2
30 44 8 2
30 58 6 1
30 59 6 1
30 60 6 1
30 61 6 1
30 71 6 2
30 72 6 2
30 73 6 2
30 74 6 2
30 87 2 1
30 103 7 1
30 104 7 1
30 108 2 2
30 153 7 2
30 154 7 2
30 155 7 2
30 156 7 2
30 160 7 1
30 161 7 1
30 162 7 1
30 163 7 1
30 164 7 1
30 170 8 1
30 171 8 1
30 172 8 1
30 173 8 1
30 174 8 1
30 227 2 1
30 228 2 1
30 229 2 1
30 230 2 1
30 231 2 1
30 287 6 3
30 288 6 3
30 315 6 3
30 316 6 3
30 329 8 3
31 174 0 1
31 175 0 1
31 290 5 1
31 291 5 1
31 292 5 1
31 293 5 1
31 294 5 1
32 14 7 2
32 15 7 2
32 28 2 2
32 29 2 2
32 30 2 2
32 31 2 2
32 83 7 2
32 84 7 2
32 85 7 2
32 86 7 2
32 90 3 3
32 91 3 3
32 92 3 3
32 131 3 2
32 146 3 1
32 147 3 1
32 148 3 1
32 149 3 1
32 194 7 2
32 201 2 3
32 202 2 3
32 220 2 1
32 301 3 3
32 302 3 3
32 303 3 3
32 304 3 3
32 356 8 1
32 357 8 1
32 358 8 1
32 359 8 1
32 360 8 1
33 48 0 3
33 49 0 3
33 50 0 3
33 51 0 3
33 52 0 3
33 119 5 1
33 120 5 1
33 121 5 1
33 122 5 1
33 160 0 1
33 161 0 1
33 188 0 1
33 189 0 1
33 190 0 1
33 191 0 1
33 192 0 1
33 228 0 1
33 229 0 1
33 230 0 1
33 231 0 1
33 251 0 2
33 252 0 2
33 317 0 1
33 318 0 1
33 319 0 1
33 320 0 1
33 345 4 2
34 9 8 2
34 10 8 2
34 11 8 2
34 36 8 1
34 41 8 1
34 42 8 1
34 71 3 3
34 72 3 3
34 210 1 1
34 211 1 1
34 212 1 1
34 213 1 1
34 214 1 1
34 221 4 2
34 222 4 2
34 228 5 3
34 229 5 3
34 240 8 1
34 241 8 1
34 299 4 2
34 300 4 2
34 301 4 2
34 302 4 2
34 325 4 3
34 326 4 3
34 327 4 3
34 328 4 3
34 329 4 3
35 17 9 2
35 18 9 2
35 19 9 2
35 80 6 3
35 81 6 3
35 82 6 3
35 83 6 3
35 125 4 3
35 126 4 3
35 127 4 3
35 135 4 2
35 136 4 2
35 137 4 2
35 138 4 2
35 148 4 1
35 173 0 2
35 174 0 2
35 175 0 2
35 176 0 2
35 177 0 2
35 201 1 1
35 202 1 1
35 203 1 1
35 242 6 1
35 274 5 1
35 275 5 1
35 280 9 1
35 281 9 1
35 282 9 1
35 316 0 3
35 317 0 3
36 52 8 1
36 53 8 1
36 54 8 1
36 55 8 1
36 56 8 1
36 134 8 1
36 135 8 1
36 136 8 1
36 142 1 1
36 143 1 1
36 144 1 1
36 158 4 3
36 159 4 3
36 160 4 3
36 161 4 3
36 162 4 3
36 185 4 1
36 186 4 1
36 250 0 2
36 251 0 2
36 286 0 3
36 306 1 2
36 307 1 2
36 308 1 2
36 309 1 2
36 310 1 2
36 329 0 3
36 330 0 3
36 331 0 3
36 332 0 3
36 333 0 3
36 361 8 3
37 40 8 2
37 41 8 2
37 58 7 1
37 59 7 1
37 65 7 3
37 153 1 2
37 154 1 2
37 155 1 2
37 167 0 1
37 168 0 1
37 169 0 1
37 170 0 1
37 190 4 1
37 191 4 1
37 192 4 1
37 193 4 1
37 278 5 2
37 279 5 2
37 280 5 2
37 281 5 2
37 282 5 2
37 336 6 3
37 337 6 3
37 338 6 3
37 339 6 3
38 2 8 1
38 3 8 1
38 4 8 1
38 5 8 1
38 49 1 1
38 50 1 1
38 51 1 1
38 148 6 1
38 174 5 1
38 175 5 1
38 176 5 1
38 201 8 3
38 202 8 3
38 203 8 3
38 204 8 3
38 316 1 1
38 339 6 3
38 340 6 3
38 341 6 3
39 4 0 2
39 5 0 2
39 6 0 2
39 64 3 2
39 223 8 1
39 224 8 1
39 225 8 1
39 226 8 1
39 251 1 2
39 294 2 2
39 295 2 2
39 301 8 2
39 302 8 2
39 327 8 1
39 328 8 1
39 329 8 1
39 330 8 1
39 331 8 1
39 344 4 1
39 345 4 1
39 346 4 1
40 1 4 3
40 2 4 3
40 17 2 1
40 18 2 1
40 19 2 1
40 20 2 1
40 117 6 3
40 118 6 3
40 119 6 3
40 187 1 2
40 188 1 2
40 189 1 2
40 190 1 2
40 191 1 2
40 201 7 3
40 202 7 3
40 203 7 3
40 204 7 3
40 274 0 2
40 275 0 2
40 276 0 2
40 277 0 2
40 278 0 2
41 63 2 3
41 64 2 3
41 65 2 3
41 66 2 3
41 75 3 3
41 76 3 3
41 93 0 1
41 94 0 1
41 124 0 1
41 125 0 1
41 160 4 3
41 161 4 3
41 162 4 3
41 163 4 3
41 174 0 2
41 175 0 2
41 176 0 2
41 209 2 3
41 213 6 2
41 214 6 2
41 215 6 2
41 216 6 2
41 217 6 2
41 245 3 1
41 252 4 2
41 253 4 2
41 254 4 2
41 255 4 2
41 298 0 2
41 299 0 2
41 341 0 2
41 342 0 2
41 343 0 2
41 344 0 2
41 360 6 3
41 361 6 3
42 50 3 2
42 93 1 3
42 94 1 3
42 111 2 3
42 112 2 3
42 113 2 3
42 114 2 3
42 115 2 3
42 141 1 3
42 142 1 3
42 143 1 3
42 144 1 3
42 159 9 1
42 160 9 1
42 166 7 3
42 167 7 3
42 168 7 3
42 176 9 1
42 210 3 3
42 214 7 1
42 215 7 1
42 216 7 1
42 238 7 3
42 239 7 3
42 240 7 3
42 241 7 3
42 242 7 3
42 262 9 2
42 263 9 2
42 264 9 2
42 265 9 2
42 302 2 3
43 2 8 2
43 3 8 2
43 4 8 2
43 5 8 2
43 6 8 2
43 49 7 3
43 146 7 2
43 147 7 2
43 148 7 2
43 149 7 2
43 177 2 1
43 178 2 1
43 179 2 1
43 180 2 1
43 184 6 3
43 204 2 3
43 205 2 3
43 206 2 3
43 257 8 1
43 258 8 1
43 259 8 1
43 260 8 1
43 352 9 1
43 353 9 1
44 103 3 2
44 104 3 2
44 105 3 2
44 106 3 2
44 107 3 2
44 111 1 1
44 112 1 1
44 113 1 1
44 135 8 1
44 149 9 1
44 150 9 1
44 151 9 1
44 152 9 1
44 164 5 1
44 201 7 3
44 202 7 3
44 203 7 3
44 204 7 3
44 205 7 3
44 219 8 1
44 220 8 1
44 221 8 1
44 222 8 1
44 256 3 2
44 275 1 2
44 276 1 2
44 310 8 3
44 311 8 3
44 338 2 2
44 339 2 2
44 340 2 2
44 341 2 2
44 342 2 2
44 352 4 2
44 353 4 2
44 354 4 2
45 43 1 2
45 44 1 2
45 50 8 2
45 51 8 2
45 52 8 2
45 63 5 2
45 64 5 2
45 99 1 1
45 100 1 1
45 101 1 1
45 102 1 1
45 108 1 3
45 109 1 3
45 110 1 3
45 118 9 3
45 123 4 1
45 124 4 1
45 128 1 3
45 129 1 3
45 130 1 3
45 185 5 3
45 186 5 3
45 187 5 3
45 188 5 3
45 189 5 3
45 230 1 2
45 231 1 2
45 232 1 2
45 299 9 3
45 300 9 3
45 318 5 2
45 319 5 2
45 320 5 2
45 337 9 1
45 338 9 1
46 128 8 3
46 129 8 3
46 130 8 3
46 131 8 3
46 137 4 3
46 138 4 3
46 139 4 3
46 179 2 3
46 184 2 1
46 185 2 1
46 218 7 3
46 219 7 3
46 220 7 3
46 221 7 3
46 222 7 3
46 347 7 1
46 348 7 1
46 349 7 1
46 350 7 1
47 3 3 1
47 4 3 1
47 58 5 1
47 59 5 1
47 60 5 1
47 61 5 1
47 120 6 1
47 121 6 1
47 122 6 1
47 123 6 1
47 149 6 3
47 150 6 3
47 151 6 3
47 227 3 2
47 254 8 3
47 255 8 3
47 301 9 2
47 302 9 2
47 303 9 2
47 304 9 2
47 327 8 3
47 328 8 3
47 329 8 3
47 330 8 3
47 331 8 3
48 3 4 1
48 4 4 1
48 5 4 1
48 6 4 1
48 37 6 3
48 38 6 3
48 42 9 1
48 43 9 1
48 44 9 1
48 90 1 2
48 91 1 2
48 92 1 2
48 112 8 1
48 113 8 1
48 114 8 1
48 131 8 3
48 132 8 3
48 133 8 3
48 139 9 3
48 140 9 3
48 141 9 3
48 146 8 3
48 147 8 3
48 176 3 2
48 177 3 2
48 178 3 2
48 185 2 1
48 253 9 1
48 254 9 1
49 8 9 1
49 9 9 1
49 10 9 1
49 11 9 1
49 12 9 1
49 44 0 2
49 79 9 3
49 80 9 3
49 81 9 3
49 82 9 3
49 83 9 3
49 130 6 1
49 131 6 1
49 132 6 1
49 133 6 1
49 134 6 1
49 171 9 2
49 172 9 2
49 173 9 2
49 174 9 2
49 175 9 2
49 202 6 1
49 203 6 1
49 204 6 1
49 233 0 1
49 234 0 1
49 235 0 1
49 257 9 3
49 258 9 3
49 259 9 3
49 314 7 1
49 315 7 1
49 316 7 1
49 317 7 1
