0 1 1 3
0 2 1 3
0 3 1 3
0 4 1 3
0 5 1 3
0 13 4 3
0 14 4 3
0 15 4 3
0 16 4 3
0 35 7 1
0 36 7 1
0 37 7 1
0 38 7 1
0 39 7 1
0 49 4 3
0 50 4 3
0 51 4 3
0 59 1 3
0 63 1 3
0 64 1 3
0 65 1 3
0 66 1 3
0 67 1 3
0 77 7 3
0 78 7 3
0 118 8 2
0 119 8 2
0 120 8 2
0 121 8 2
0 153 9 2
0 154 9 2
0 155 9 2
0 203 9 3
0 204 9 3
0 205 9 3
0 206 9 3
0 217 1 1
0 218 1 1
0 219 1 1
0 239 0 1
0 250 9 2
0 256 7 1
0 285 8 1
0 286 8 1
0 293 7 2
0 294 7 2
0 303 8 2
0 304 8 2
0 305 8 2
0 306 8 2
0 307 8 2
0 311 9 3
0 312 9 3
0 330 0 2
0 331 0 2
0 332 0 2
0 346 8 1
0 354 4 2
0 355 4 2
0 356 4 2
1 24 0 1
1 53 8 3
1 54 8 3
1 64 2 1
1 65 2 1
1 66 2 1
1 67 2 1
1 117 0 2
1 118 0 2
1 119 0 2
1 120 0 2
1 121 0 2
1 125 5 2
1 126 5 2
1 127 5 2
1 128 5 2
1 129 5 2
1 178 4 1
1 179 4 1
1 180 4 1
1 181 4 1
1 182 4 1
1 201 7 2
1 202 7 2
1 203 7 2
1 204 7 2
1 205 7 2
1 209 4 2
1 210 4 2
1 211 4 2
1 212 4 2
1 213 4 2
1 221 3 3
1 222 3 3
1 226 5 1
1 227 5 1
1 228 5 1
1 229 5 1
1 230 5 1
1 239 3 1
1 312 2 2
1 313 2 2
1 320 7 1
1 324 0 2
1 325 0 2
1 326 0 2
1 332 5 2
1 333 5 2
1 334 5 2
1 335 5 2
1 336 5 2
1 340 2 1
1 341 2 1
1 359 7 3
1 360 7 3
1 361 7 3
1 362 7 3
2 3 2 1
2 4 2 1
2 5 2 1
2 6 2 1
2 11 8 3
2 12 8 3
2 13 8 3
2 14 8 3
2 21 4 2
2 22 4 2
2 23 4 2
2 24 4 2
2 25 4 2
2 46 5 3
2 47 5 3
2 48 5 3
2 49 5 3
2 64 5 1
2 68 9 2
2 69 9 2
2 74 3 3
2 75 3 3
2 81 2 3
2 94 3 2
2 95 3 2
2 102 9 1
2 103 9 1
2 104 9 1
2 105 9 1
2 106 9 1
2 124 9 3
2 137 9 2
2 138 9 2
2 139 9 2
2 140 9 2
2 141 9 2
2 156 1 2
2 157 1 2
2 158 1 2
2 159 1 2
2 165 9 2
2 166 9 2
2 192 2 3
2 193 2 3
2 207 3 3
2 208 3 3
2 225 3 3
2 226 3 3
2 227 3 3
2 228 3 3
2 252 1 3
2 253 1 3
2 263 4 3
2 264 4 3
2 265 4 3
2 266 4 3
2 277 1 1
2 278 1 1
2 279 1 1
2 280 1 1
2 295 4 3
2 296 4 3
2 297 4 3
2 298 4 3
2 299 4 3
2 328 1 1
2 329 1 1
2 330 1 1
2 331 1 1
2 344 4 1
2 356 8 3
2 357 8 3
3 3 7 1
3 4 7 1
3 29 1 2
3 30 1 2
3 31 1 2
3 36 1 1
3 37 1 1
3 54 6 3
3 55 6 3
3 56 6 3
3 68 5 2
3 69 5 2
3 70 5 2
3 71 5 2
3 72 5 2
3 80 6 3
3 81 6 3
3 82 6 3
3 83 6 3
3 84 6 3
3 98 0 1
3 99 0 1
3 100 0 1
3 118 3 3
3 119 3 3
3 127 0 1
3 128 0 1
3 138 4 1
3 139 4 1
3 144 3 3
3 174 3 1
3 175 3 1
3 181 1 2
3 182 1 2
3 194 3 2
3 195 3 2
3 196 3 2
3 197 3 2
3 198 3 2
3 222 4 3
3 234 3 3
3 235 3 3
3 236 3 3
3 237 3 3
3 238 3 3
3 243 4 2
3 244 4 2
3 245 4 2
3 254 5 3
3 255 5 3
3 256 5 3
3 257 5 3
3 258 5 3
3 265 4 3
3 279 9 3
3 280 9 3
3 281 9 3
3 282 9 3
3 283 9 3
3 293 9 1
3 300 0 3
3 301 0 3
3 302 0 3
3 303 0 3
3 304 0 3
3 313 4 1
3 314 4 1
3 315 4 1
3 316 4 1
3 317 4 1
3 321 6 2
3 322 6 2
3 323 6 2
3 324 6 2
3 342 1 1
3 343 1 1
3 362 9 1
3 363 9 1
4 7 6 2
4 8 6 2
4 9 6 2
4 10 6 2
4 11 6 2
4 24 6 3
4 25 6 3
4 26 6 3
4 32 7 2
4 84 3 2
4 85 3 2
4 86 3 2
4 87 3 2
4 88 3 2
4 92 3 1
4 93 3 1
4 94 3 1
4 95 3 1
4 106 7 2
4 107 7 2
4 108 7 2
4 117 6 1
4 118 6 1
4 140 7 3
4 141 7 3
4 142 7 3
4 146 3 2
4 147 3 2
4 148 3 2
4 149 3 2
4 177 7 3
4 198 1 1
4 199 1 1
4 200 1 1
4 201 1 1
4 222 1 3
4 226 4 2
4 227 4 2
4 228 4 2
4 229 4 2
4 251 9 2
4 252 9 2
4 253 9 2
4 261 7 1
4 262 7 1
4 263 7 1
4 264 7 1
4 272 9 1
4 273 9 1
4 274 9 1
4 275 9 1
4 276 9 1
4 310 3 1
4 311 3 1
4 327 7 3
4 347 1 2
4 348 1 2
5 16 1 1
5 17 1 1
5 18 1 1
5 19 1 1
5 26 3 1
5 27 3 1
5 28 3 1
5 29 3 1
5 50 0 1
5 51 0 1
5 52 0 1
5 67 5 3
5 68 5 3
5 74 6 3
5 78 5 3
5 79 5 3
5 102 1 3
5 108 3 2
5 109 3 2
5 110 3 2
5 111 3 2
5 133 0 2
5 134 0 2
5 135 0 2
5 136 0 2
5 137 0 2
5 145 0 2
5 146 0 2
5 153 3 1
5 157 6 2
5 158 6 2
5 159 6 2
5 160 6 2
5 164 3 2
5 165 3 2
5 176 1 1
5 177 1 1
5 178 1 1
5 179 1 1
5 180 1 1
5 197 4 2
5 198 4 2
5 199 4 2
5 200 4 2
5 237 1 2
5 284 0 3
5 285 0 3
5 286 0 3
5 287 0 3
5 288 0 3
5 293 6 2
5 294 6 2
5 295 6 2
5 299 6 1
5 300 6 1
5 301 6 1
5 306 4 1
5 307 4 1
5 308 4 1
5 324 4 2
5 325 4 2
5 326 4 2
5 331 0 1
5 332 0 1
5 333 0 1
5 341 1 3
5 342 1 3
5 343 1 3
5 344 1 3
5 351 3 1
5 355 1 2
5 356 1 2
5 357 1 2
5 358 1 2
6 0 0 1
6 1 0 1
6 2 0 1
6 3 0 1
6 16 9 2
6 17 9 2
6 18 9 2
6 38 9 2
6 39 9 2
6 43 1 2
6 44 1 2
6 48 9 1
6 49 9 1
6 50 9 1
6 51 9 1
6 52 9 1
6 63 2 2
6 64 2 2
6 65 2 2
6 66 2 2
6 83 6 1
6 84 6 1
6 97 1 2
6 118 6 3
6 119 6 3
6 120 6 3
6 126 3 2
6 127 3 2
6 128 3 2
6 129 3 2
6 130 3 2
6 139 4 1
6 140 4 1
6 145 2 2
6 146 2 2
6 147 2 2
6 148 2 2
6 163 2 2
6 164 2 2
6 171 0 2
6 172 0 2
6 173 0 2
6 174 0 2
6 175 0 2
6 179 2 3
6 180 2 3
6 186 8 2
6 187 8 2
6 188 8 2
6 189 8 2
6 190 8 2
6 196 4 2
6 197 4 2
6 202 2 2
6 224 9 3
6 225 9 3
6 229 6 2
6 230 6 2
6 231 6 2
6 232 6 2
6 244 2 1
6 245 2 1
6 246 2 1
6 247 2 1
6 248 2 1
6 290 4 2
6 291 4 2
6 292 4 2
6 306 8 3
6 307 8 3
6 308 8 3
6 317 0 1
6 318 0 1
6 319 0 1
7 0 0 1
7 1 0 1
7 2 0 1
7 3 0 1
7 4 0 1
7 21 6 3
7 27 7 1
7 35 1 1
7 36 1 1
7 37 1 1
7 38 1 1
7 39 1 1
7 58 1 2
7 59 1 2
7 60 1 2
7 61 1 2
7 62 1 2
7 70 1 2
7 77 7 1
7 105 0 1
7 106 0 1
7 119 0 3
7 120 0 3
7 121 0 3
7 146 6 3
7 147 6 3
7 148 6 3
7 149 6 3
7 150 6 3
7 158 1 2
7 159 1 2
7 166 1 3
7 167 1 3
7 168 1 3
7 199 5 2
7 200 5 2
7 201 5 2
7 202 5 2
7 209 1 2
7 210 1 2
7 211 1 2
7 215 1 3
7 216 1 3
7 217 1 3
7 218 1 3
7 219 1 3
7 228 0 2
7 229 0 2
7 235 6 3
7 258 1 2
7 259 1 2
7 260 1 2
7 261 1 2
7 279 0 2
7 280 0 2
7 281 0 2
7 282 0 2
7 294 5 2
7 295 5 2
7 319 0 2
7 324 1 1
7 325 1 1
7 326 1 1
7 327 1 1
7 341 0 3
7 342 0 3
7 343 0 3
7 356 5 3
8 45 8 3
8 46 8 3
8 47 8 3
8 60 4 2
8 61 4 2
8 62 4 2
8 63 4 2
8 67 2 3
8 68 2 3
8 69 2 3
8 70 2 3
8 71 2 3
8 90 9 2
8 91 9 2
8 104 2 1
8 105 2 1
8 132 9 3
8 133 9 3
8 134 9 3
8 135 9 3
8 159 5 1
8 160 5 1
8 161 5 1
8 162 5 1
8 167 8 2
8 168 8 2
8 169 8 2
8 170 8 2
8 171 8 2
8 177 6 2
8 178 6 2
8 179 6 2
8 213 8 2
8 214 8 2
8 215 8 2
8 216 8 2
8 253 3 3
8 308 4 2
8 309 4 2
8 310 4 2
8 311 4 2
8 312 4 2
8 324 5 2
8 336 9 1
8 337 9 1
8 338 9 1
8 346 3 1
8 347 3 1
8 348 3 1
9 13 0 2
9 14 0 2
9 15 0 2
9 31 8 2
9 32 8 2
9 33 8 2
9 34 8 2
9 38 7 3
9 45 3 3
9 46 3 3
9 47 3 3
9 59 3 1
9 60 3 1
9 61 3 1
9 62 3 1
9 63 3 1
9 87 1 3
9 88 1 3
9 92 6 2
9 93 6 2
9 94 6 2
9 110 2 2
9 111 2 2
9 112 2 2
9 113 2 2
9 125 1 3
9 126 1 3
9 127 1 3
9 128 1 3
9 129 1 3
9 160 6 2
9 161 6 2
9 162 6 2
9 163 6 2
9 164 6 2
9 178 8 1
9 179 8 1
9 180 8 1
9 181 8 1
9 185 1 1
9 186 1 1
9 187 1 1
9 197 2 1
9 198 2 1
9 202 2 2
9 217 0 1
9 218 0 1
9 219 0 1
9 220 0 1
9 229 7 2
9 230 7 2
9 239 7 3
9 248 6 1
9 249 6 1
9 250 6 1
9 251 6 1
9 252 6 1
9 285 6 3
9 286 6 3
9 294 2 1
9 308 1 3
9 309 1 3
9 324 1 3
9 325 1 3
9 326 1 3
9 327 1 3
9 328 1 3
9 338 1 2
9 339 1 2
9 340 1 2
9 346 2 3
9 356 7 3
9 357 7 3
10 3 2 1
10 4 2 1
10 5 2 1
10 32 3 1
10 33 3 1
10 34 3 1
10 41 2 2
10 42 2 2
10 43 2 2
10 44 2 2
10 50 2 1
10 51 2 1
10 52 2 1
10 53 2 1
10 92 3 1
10 93 3 1
10 94 3 1
10 95 3 1
10 96 3 1
10 114 2 1
10 115 2 1
10 116 2 1
10 117 2 1
10 123 3 3
10 124 3 3
10 131 3 2
10 132 3 2
10 133 3 2
10 134 3 2
10 138 6 3
10 180 2 2
10 181 2 2
10 244 3 3
10 252 2 3
10 253 2 3
10 254 2 3
10 255 2 3
10 256 2 3
10 271 2 1
10 272 2 1
10 286 3 1
10 287 3 1
10 288 3 1
10 289 3 1
10 290 3 1
10 295 2 3
10 296 2 3
10 308 3 2
10 309 3 2
10 310 3 2
10 311 3 2
10 312 3 2
10 335 6 3
10 336 6 3
10 337 6 3
10 338 6 3
10 345 3 3
10 346 3 3
10 347 3 3
10 348 3 3
10 349 3 3
10 353 2 3
10 354 2 3
10 355 2 3
11 11 8 1
11 12 8 1
11 13 8 1
11 66 9 1
11 67 9 1
11 75 4 2
11 76 4 2
11 77 4 2
11 78 4 2
11 108 4 1
11 109 4 1
11 110 4 1
11 111 4 1
11 112 4 1
11 116 1 3
11 117 1 3
11 118 1 3
11 119 1 3
11 131 9 1
11 132 9 1
11 133 9 1
11 134 9 1
11 135 9 1
11 150 3 3
11 151 3 3
11 152 3 3
11 164 4 1
11 165 4 1
11 166 4 1
11 167 4 1
11 168 4 1
11 177 0 3
11 178 0 3
11 179 0 3
11 180 0 3
11 190 4 1
11 191 4 1
11 202 3 2
11 203 3 2
11 219 9 2
11 220 9 2
11 227 4 1
11 228 4 1
11 240 4 2
11 241 4 2
11 242 4 2
11 243 4 2
11 277 1 1
11 278 1 1
11 279 1 1
11 280 1 1
11 284 1 2
11 292 8 1
11 296 8 1
11 297 8 1
11 298 8 1
11 358 3 1
11 359 3 1
11 360 3 1
12 2 1 2
12 3 1 2
12 4 1 2
12 5 1 2
12 33 1 2
12 51 1 3
12 57 0 2
12 58 0 2
12 59 0 2
12 60 0 2
12 61 0 2
12 74 5 3
12 75 5 3
12 76 5 3
12 77 5 3
12 88 4 3
12 89 4 3
12 90 4 3
12 91 4 3
12 92 4 3
12 96 3 3
12 97 3 3
12 103 6 1
12 104 6 1
12 110 5 2
12 111 5 2
12 112 5 2
12 113 5 2
12 114 5 2
12 129 5 3
12 140 5 1
12 141 5 1
12 142 5 1
12 177 0 2
12 178 0 2
12 222 3 1
12 223 3 1
12 224 3 1
12 232 3 3
12 252 1 2
12 253 1 2
12 254 1 2
12 255 1 2
12 256 1 2
12 289 3 3
12 290 3 3
12 291 3 3
12 292 3 3
12 298 1 1
12 299 1 1
12 300 1 1
12 305 5 2
12 306 5 2
12 310 6 2
12 311 6 2
12 312 6 2
12 320 5 1
12 321 5 1
12 322 5 1
12 323 5 1
12 324 5 1
12 328 0 1
12 329 0 1
12 330 0 1
12 331 0 1
12 332 0 1
12 337 4 1
12 342 5 1
12 343 5 1
12 344 5 1
12 345 5 1
12 357 0 2
13 10 2 1
13 11 2 1
13 24 2 2
13 25 2 2
13 26 2 2
13 27 2 2
13 38 2 3
13 45 2 1
13 46 2 1
13 47 2 1
13 48 2 1
13 59 2 1
13 60 2 1
13 61 2 1
13 62 2 1
13 89 1 3
13 90 1 3
13 91 1 3
13 92 1 3
13 102 1 3
13 107 8 2
13 108 8 2
13 109 8 2
13 130 4 1
13 131 4 1
13 135 8 3
13 141 2 3
13 142 2 3
13 143 2 3
13 144 2 3
13 149 4 1
13 150 4 1
13 157 2 1
13 158 2 1
13 159 2 1
13 160 2 1
13 161 2 1
13 173 1 3
13 196 8 2
13 197 8 2
13 198 8 2
13 199 8 2
13 205 2 2
13 243 4 2
13 244 4 2
13 260 2 3
13 281 1 2
13 282 1 2
13 283 1 2
13 284 1 2
13 289 8 3
13 290 8 3
13 291 8 3
13 292 8 3
13 293 8 3
13 315 8 1
13 316 8 1
13 317 8 1
13 318 8 1
13 319 8 1
13 326 2 1
13 327 2 1
14 31 8 2
14 32 8 2
14 33 8 2
14 44 1 1
14 45 1 1
14 46 1 1
14 63 2 3
14 64 2 3
14 65 2 3
14 66 2 3
14 77 1 1
14 78 1 1
14 79 1 1
14 114 9 3
14 115 9 3
14 116 9 3
14 117 9 3
14 137 8 1
14 138 8 1
14 139 8 1
14 150 8 1
14 151 8 1
14 152 8 1
14 153 8 1
14 154 8 1
14 168 6 3
14 169 6 3
14 170 6 3
14 171 6 3
14 191 9 2
14 192 9 2
14 193 9 2
14 205 8 3
14 206 8 3
14 207 8 3
14 208 8 3
14 209 8 3
14 216 3 2
14 217 3 2
14 224 4 2
14 225 4 2
14 226 4 2
14 227 4 2
14 241 1 3
14 254 7 2
14 255 7 2
14 256 7 2
14 257 7 2
14 264 4 1
14 282 2 1
14 283 2 1
14 284 2 1
14 285 2 1
14 286 2 1
14 303 6 1
14 304 6 1
14 305 6 1
14 310 4 2
14 311 4 2
14 312 4 2
14 313 4 2
14 325 2 1
14 332 8 1
14 333 8 1
14 334 8 1
14 335 8 1
14 346 9 2
14 347 9 2
14 348 9 2
14 355 2 1
14 356 2 1
15 37 0 1
15 41 7 1
15 42 7 1
15 92 0 3
15 93 0 3
15 94 0 3
15 95 0 3
15 103 0 1
15 104 0 1
15 105 0 1
15 127 7 1
15 135 2 3
15 136 2 3
15 137 2 3
15 138 2 3
15 144 3 2
15 152 6 2
15 153 6 2
15 154 6 2
15 155 6 2
15 161 0 1
15 162 0 1
15 163 0 1
15 168 0 1
15 169 0 1
15 170 0 1
15 171 0 1
15 172 0 1
15 178 7 1
15 187 7 2
15 194 0 3
15 205 1 3
15 206 1 3
15 212 1 1
15 213 1 1
15 236 6 3
15 237 6 3
15 238 6 3
15 255 7 2
15 261 0 1
15 262 0 1
15 263 0 1
15 264 0 1
15 273 3 1
15 274 3 1
15 275 3 1
15 296 7 1
15 297 7 1
15 298 7 1
15 299 7 1
15 303 6 2
15 304 6 2
15 305 6 2
15 306 6 2
15 307 6 2
15 313 1 3
15 314 1 3
15 315 1 3
15 325 0 3
15 326 0 3
15 327 0 3
15 328 0 3
15 350 2 3
15 351 2 3
16 13 6 2
16 14 6 2
16 41 6 2
16 45 8 2
16 46 8 2
16 47 8 2
16 48 8 2
16 58 8 3
16 59 8 3
16 60 8 3
16 61 8 3
16 68 3 3
16 69 3 3
16 80 1 1
16 81 1 1
16 97 7 2
16 98 7 2
16 111 7 2
16 112 7 2
16 113 7 2
16 114 7 2
16 122 3 2
16 123 3 2
16 124 3 2
16 125 3 2
16 149 5 2
16 150 5 2
16 169 1 1
16 170 1 1
16 178 6 1
16 192 5 3
16 193 5 3
16 198 0 2
16 199 0 2
16 200 0 2
16 275 4 2
16 276 4 2
16 322 8 3
16 323 8 3
16 324 8 3
16 325 8 3
16 326 8 3
16 339 4 3
16 340 4 3
16 341 4 3
16 345 4 3
16 346 4 3
16 358 7 1
16 359 7 1
16 360 7 1
16 361 7 1
17 5 7 3
17 6 7 3
17 7 7 3
17 8 7 3
17 18 8 2
17 19 8 2
17 30 8 3
17 31 8 3
17 32 8 3
17 39 3 1
17 40 3 1
17 41 3 1
17 42 3 1
17 43 3 1
17 57 8 1
17 58 8 1
17 59 8 1
17 63 1 3
17 64 1 3
17 65 1 3
17 66 1 3
17 70 0 1
17 71 0 1
17 72 0 1
17 80 6 2
17 81 6 2
17 82 6 2
17 83 6 2
17 84 6 2
17 102 3 1
17 103 3 1
17 104 3 1
17 105 3 1
17 111 6 2
17 112 6 2
17 117 4 2
17 118 4 2
17 140 7 2
17 141 7 2
17 142 7 2
17 143 7 2
17 144 7 2
17 158 4 2
17 159 4 2
17 160 4 2
17 161 4 2
17 170 2 1
17 171 2 1
17 202 6 3
17 203 6 3
17 204 6 3
17 212 2 3
17 213 2 3
17 214 2 3
17 215 2 3
17 228 7 3
17 229 7 3
17 230 7 3
17 231 7 3
17 237 1 2
17 238 1 2
17 239 1 2
17 240 1 2
17 241 1 2
17 249 3 1
17 254 2 3
17 255 2 3
17 269 0 1
17 273 4 1
17 274 4 1
17 275 4 1
17 276 4 1
17 293 0 2
17 294 0 2
17 295 0 2
17 301 0 3
17 302 0 3
17 303 0 3
17 315 6 2
17 316 6 2
17 317 6 2
17 318 6 2
17 335 3 2
17 336 3 2
17 337 3 2
18 19 2 1
18 20 2 1
18 21 2 1
18 44 1 1
18 45 1 1
18 46 1 1
18 47 1 1
18 60 1 2
18 68 3 3
18 69 3 3
18 77 8 3
18 78 8 3
18 79 8 3
18 80 8 3
18 81 8 3
18 106 2 2
18 107 2 2
18 115 2 1
18 119 4 1
18 120 4 1
18 121 4 1
18 161 9 1
18 162 9 1
18 167 1 1
18 168 1 1
18 169 1 1
18 170 1 1
18 171 1 1
18 183 1 2
18 184 1 2
18 190 8 1
18 213 1 1
18 214 1 1
18 215 1 1
18 216 1 1
18 220 3 3
18 221 3 3
18 250 3 3
18 251 3 3
18 252 3 3
18 253 3 3
18 254 3 3
18 265 8 3
18 266 8 3
18 267 8 3
18 268 8 3
18 298 9 3
18 299 9 3
18 330 4 2
18 331 4 2
18 332 4 2
18 352 0 1
18 358 8 3
18 359 8 3
18 360 8 3
18 361 8 3
18 362 8 3
19 50 5 2
19 51 5 2
19 55 8 2
19 56 8 2
19 57 8 2
19 58 8 2
19 65 7 3
19 105 5 3
19 118 8 1
19 119 8 1
19 120 8 1
19 121 8 1
19 122 8 1
19 130 1 3
19 131 1 3
19 132 1 3
19 133 1 3
19 145 8 2
19 146 8 2
19 147 8 2
19 148 8 2
19 195 1 1
19 196 1 1
19 197 1 1
19 227 1 3
19 228 1 3
19 229 1 3
19 230 1 3
19 231 1 3
19 249 2 1
19 250 2 1
19 251 2 1
19 264 5 2
19 268 8 2
19 269 8 2
19 270 8 2
19 271 8 2
19 272 8 2
19 288 7 3
19 296 2 2
19 297 2 2
19 312 5 3
19 313 5 3
19 314 5 3
19 315 5 3
19 316 5 3
19 323 9 1
19 334 0 2
19 335 0 2
19 336 0 2
19 349 2 1
19 350 2 1
19 358 2 2
19 359 2 2
20 1 7 2
20 15 1 1
20 22 1 2
20 23 1 2
20 24 1 2
20 39 7 1
20 51 9 3
20 52 9 3
20 53 9 3
20 54 9 3
20 55 9 3
20 68 7 3
20 69 7 3
20 82 5 3
20 83 5 3
20 157 7 2
20 158 7 2
20 159 7 2
20 182 5 1
20 186 1 2
20 187 1 2
20 188 1 2
20 189 1 2
20 205 7 3
20 238 7 1
20 239 7 1
20 240 7 1
20 241 7 1
20 242 7 1
20 255 8 1
20 256 8 1
20 257 8 1
20 258 8 1
20 264 8 2
20 265 8 2
20 266 8 2
20 292 5 1
20 293 5 1
20 294 5 1
20 295 5 1
20 321 8 3
20 322 8 3
20 327 8 1
20 328 8 1
20 329 8 1
20 330 8 1
20 337 5 3
20 338 5 3
20 339 5 3
20 353 1 3
20 354 1 3
20 355 1 3
20 356 1 3
21 26 2 1
21 27 2 1
21 28 2 1
21 34 8 2
21 35 8 2
21 39 8 2
21 40 8 2
21 41 8 2
21 56 3 1
21 62 2 2
21 63 2 2
21 64 2 2
21 65 2 2
21 66 2 2
21 73 2 1
21 74 2 1
21 75 2 1
21 76 2 1
21 92 5 3
21 93 5 3
21 94 5 3
21 95 5 3
21 99 4 1
21 100 4 1
21 101 4 1
21 114 9 2
21 115 9 2
21 116 9 2
21 125 2 3
21 126 2 3
21 127 2 3
21 135 3 1
21 151 7 3
21 152 7 3
21 153 7 3
21 154 7 3
21 158 8 1
21 159 8 1
21 160 8 1
21 161 8 1
21 162 8 1
21 176 9 2
21 177 9 2
21 178 9 2
21 179 9 2
21 247 4 1
21 248 4 1
21 249 4 1
21 255 1 3
21 256 1 3
21 257 1 3
21 263 5 3
21 264 5 3
21 265 5 3
21 281 9 1
21 282 9 1
21 293 1 2
21 298 4 3
21 299 4 3
21 300 4 3
21 301 4 3
21 305 9 2
21 306 9 2
21 355 5 2
21 356 5 2
21 357 5 2
22 1 2 3
22 2 2 3
22 3 2 3
22 11 3 2
22 12 3 2
22 31 5 3
22 32 5 3
22 54 4 2
22 55 4 2
22 56 4 2
22 57 4 2
22 58 4 2
22 81 4 3
22 82 4 3
22 83 4 3
22 84 4 3
22 85 4 3
22 91 4 1
22 95 3 2
22 96 3 2
22 97 3 2
22 103 1 1
22 104 1 1
22 105 1 1
22 106 1 1
22 107 1 1
22 114 5 3
22 115 5 3
22 116 5 3
22 117 5 3
22 129 5 1
22 134 4 2
22 135 4 2
22 136 4 2
22 137 4 2
22 138 4 2
22 144 2 3
22 180 1 2
22 181 1 2
22 187 0 2
22 188 0 2
22 189 0 2
22 208 3 1
22 209 3 1
22 228 9 1
22 229 9 1
22 230 9 1
22 231 9 1
22 232 9 1
22 238 4 1
22 244 4 3
22 258 5 1
22 280 9 3
22 281 9 3
22 282 9 3
22 297 4 3
22 298 4 3
22 314 9 3
22 315 9 3
22 316 9 3
22 321 1 2
22 322 1 2
22 323 1 2
22 335 9 1
22 361 4 1
22 362 4 1
22 363 4 1
23 6 7 3
23 10 6 2
23 17 6 2
23 18 6 2
23 26 6 3
23 27 6 3
23 31 3 2
23 32 3 2
23 33 3 2
23 34 3 2
23 42 6 3
23 74 2 3
23 75 2 3
23 76 2 3
23 89 2 2
23 90 2 2
23 91 2 2
23 105 3 1
23 106 3 1
23 130 3 3
23 131 3 3
23 132 3 3
23 166 3 2
23 185 2 1
23 186 2 1
23 187 2 1
23 194 4 2
23 195 4 2
23 196 4 2
23 197 4 2
23 198 4 2
23 221 3 1
23 222 3 1
23 223 3 1
23 224 3 1
23 225 3 1
23 257 7 1
23 258 7 1
23 265 6 2
23 266 6 2
23 267 6 2
23 282 4 3
23 297 2 2
23 298 2 2
23 299 2 2
23 300 2 2
23 305 2 2
23 306 2 2
23 307 2 2
23 308 2 2
23 309 2 2
23 343 3 1
23 344 3 1
23 345 3 1
23 346 3 1
23 347 3 1
23 354 4 1
23 355 4 1
23 356 4 1
23 357 4 1
24 3 0 1
24 4 0 1
24 5 0 1
24 6 0 1
24 33 9 2
24 34 9 2
24 35 9 2
24 45 9 3
24 46 9 3
24 47 9 3
24 66 9 2
24 67 9 2
24 68 9 2
24 69 9 2
24 76 2 2
24 82 7 2
24 83 7 2
24 88 2 2
24 89 2 2
24 90 2 2
24 117 1 3
24 121 0 2
24 122 0 2
24 123 0 2
24 139 0 1
24 140 0 1
24 141 0 1
24 167 9 3
24 168 9 3
24 175 7 3
24 176 7 3
24 177 7 3
24 178 7 3
24 212 9 1
24 213 9 1
24 214 9 1
24 220 5 3
24 221 5 3
24 228 9 3
24 229 9 3
24 230 9 3
24 231 9 3
24 232 9 3
24 241 2 1
24 242 2 1
24 243 2 1
24 244 2 1
24 260 0 3
24 261 0 3
24 262 0 3
24 263 0 3
24 264 0 3
24 269 1 1
24 270 1 1
24 290 1 1
24 291 1 1
24 296 4 2
24 310 5 3
24 311 5 3
24 312 5 3
24 313 5 3
24 314 5 3
24 321 2 2
24 322 2 2
24 323 2 2
24 324 2 2
24 328 5 2
24 329 5 2
24 330 5 2
24 331 5 2
24 332 5 2
24 349 4 3
24 350 4 3
24 351 4 3
24 355 9 2
25 1 6 1
25 40 6 3
25 41 6 3
25 42 6 3
25 43 6 3
25 55 6 2
25 56 6 2
25 57 6 2
25 58 6 2
25 59 6 2
25 65 7 3
25 66 7 3
25 67 7 3
25 75 6 1
25 88 7 3
25 89 7 3
25 90 7 3
25 98 7 1
25 99 7 1
25 133 7 1
25 134 7 1
25 135 7 1
25 141 8 1
25 142 8 1
25 143 8 1
25 144 8 1
25 221 7 3
25 222 7 3
25 223 7 3
25 236 6 2
25 237 6 2
25 238 6 2
25 239 6 2
25 240 6 2
25 297 8 1
25 298 8 1
25 299 8 1
25 300 8 1
25 301 8 1
25 312 6 3
25 313 6 3
25 314 6 3
25 318 8 3
25 342 6 3
25 343 6 3
25 344 6 3
25 345 6 3
26 1 0 1
26 2 0 1
26 3 0 1
26 4 0 1
26 8 0 1
26 9 0 1
26 24 5 3
26 25 5 3
26 26 5 3
26 27 5 3
26 34 5 3
26 35 5 3
26 36 5 3
26 45 7 2
26 46 7 2
26 47 7 2
26 48 7 2
26 74 5 1
26 75 5 1
26 76 5 1
26 77 5 1
26 95 9 3
26 96 9 3
26 97 9 3
26 98 9 3
26 105 5 2
26 106 5 2
26 114 1 2
26 115 1 2
26 116 1 2
26 117 1 2
26 118 1 2
26 123 0 1
26 124 0 1
26 125 0 1
26 126 0 1
26 141 5 1
26 142 5 1
26 143 5 1
26 144 5 1
26 165 7 1
26 183 5 2
26 188 7 2
26 189 7 2
26 190 7 2
26 194 7 2
26 195 7 2
26 196 7 2
26 204 1 1
26 205 1 1
26 206 1 1
26 207 1 1
26 208 1 1
26 226 8 1
26 227 8 1
26 228 8 1
26 229 8 1
26 230 8 1
26 234 8 3
26 235 8 3
26 236 8 3
26 237 8 3
26 238 8 3
26 246 7 1
26 247 7 1
26 248 7 1
26 249 7 1
26 253 7 3
26 254 7 3
26 255 7 3
26 256 7 3
26 264 7 3
26 265 7 3
26 266 7 3
26 290 1 1
26 291 1 1
26 292 1 1
26 329 5 2
26 330 5 2
26 331 5 2
26 332 5 2
26 350 9 3
26 351 9 3
26 352 9 3
26 353 9 3
27 29 7 2
27 33 7 3
27 34 7 3
27 35 7 3
27 36 7 3
27 41 4 1
27 56 7 2
27 57 7 2
27 58 7 2
27 71 4 3
27 72 4 3
27 73 4 3
27 74 4 3
27 75 4 3
27 115 6 1
27 116 6 1
27 117 6 1
27 118 6 1
27 134 0 2
27 135 0 2
27 136 0 2
27 142 0 2
27 143 0 2
27 144 0 2
27 145 0 2
27 146 0 2
27 150 3 3
27 151 3 3
27 152 3 3
27 205 7 3
27 206 7 3
27 207 7 3
27 211 5 1
27 212 5 1
27 213 5 1
27 214 5 1
27 215 5 1
27 221 6 3
27 222 6 3
27 223 6 3
27 224 6 3
27 235 0 1
27 274 7 1
27 275 7 1
27 276 7 1
27 277 7 1
27 278 7 1
27 335 0 2
27 336 0 2
27 343 4 3
27 344 4 3
27 351 3 3
27 352 3 3
27 353 3 3
27 354 3 3
27 355 3 3
28 0 6 1
28 1 6 1
28 2 6 1
28 6 8 1
28 7 8 1
28 8 8 1
28 15 6 2
28 21 3 3
28 44 6 1
28 56 8 3
28 66 2 2
28 67 2 2
28 68 2 2
28 69 2 2
28 70 2 2
28 87 6 3
28 88 6 3
28 89 6 3
28 90 6 3
28 118 3 3
28 125 8 3
28 126 8 3
28 127 8 3
28 128 8 3
28 129 8 3
28 142 3 3
28 143 3 3
28 144 3 3
28 156 1 1
28 157 1 1
28 165 2 2
28 166 2 2
28 182 6 2
28 190 8 1
28 191 8 1
28 192 8 1
28 193 8 1
28 194 8 1
28 202 8 2
28 203 8 2
28 204 8 2
28 205 8 2
28 209 3 2
28 210 3 2
28 211 3 2
28 215 1 2
28 216 1 2
28 217 1 2
28 218 1 2
28 222 6 1
28 223 6 1
28 224 6 1
28 254 8 1
28 255 8 1
28 268 6 3
28 269 6 3
28 277 8 1
28 278 8 1
28 279 8 1
28 286 2 3
28 287 2 3
28 288 2 3
28 296 8 1
28 297 8 1
28 298 8 1
28 299 8 1
28 316 8 1
28 317 8 1
28 322 6 1
28 323 6 1
28 324 6 1
28 325 6 1
28 326 6 1
28 337 6 1
28 338 6 1
28 339 6 1
28 340 6 1
28 341 6 1
29 27 5 2
29 28 5 2
29 63 6 2
29 64 6 2
29 65 6 2
29 92 2 2
29 93 2 2
29 94 2 2
29 95 2 2
29 96 2 2
29 104 2 3
29 105 2 3
29 106 2 3
29 107 2 3
29 126 3 2
29 127 3 2
29 128 3 2
29 129 3 2
29 171 9 3
29 172 9 3
29 173 9 3
29 181 6 3
29 182 6 3
29 189 9 3
29 196 0 1
29 230 6 1
29 231 6 1
29 232 6 1
29 233 6 1
29 234 6 1
29 242 5 1
29 243 5 1
29 266 1 2
29 271 1 1
29 290 2 2
29 297 6 1
29 298 6 1
29 299 6 1
29 300 6 1
29 301 6 1
29 311 1 3
29 312 1 3
29 313 1 3
29 314 1 3
29 315 1 3
29 320 9 1
29 321 9 1
29 322 9 1
29 323 9 1
29 324 9 1
29 335 2 3
29 336 2 3
29 337 2 3
30 3 4 3
30 4 4 3
30 5 4 3
30 6 4 3
30 11 2 3
30 16 6 3
30 17 6 3
30 18 6 3
30 19 6 3
30 20 6 3
30 32 6 1
30 33 6 1
30 34 6 1
30 35 6 1
30 51 2 3
30 82 1 1
30 116 4 3
30 117 4 3
30 118 4 3
30 148 4 1
30 178 6 2
30 179 6 2
30 186 4 3
30 187 4 3
30 191 7 1
30 192 7 1
30 193 7 1
30 194 7 1
30 207 7 2
30 208 7 2
30 209 7 2
30 210 7 2
30 211 7 2
30 218 8 2
30 219 8 2
30 220 8 2
30 221 8 2
30 222 8 2
30 235 4 2
30 236 4 2
30 237 4 2
30 238 4 2
30 247 8 1
30 248 8 1
30 249 8 1
30 250 8 1
30 251 8 1
30 255 8 1
30 256 8 1
30 264 1 2
30 271 2 1
30 272 2 1
30 307 7 1
30 348 1 1
30 349 1 1
30 350 1 1
31 26 5 2
31 27 5 2
31 28 5 2
31 29 5 2
31 30 5 2
31 61 3 2
31 72 4 1
31 73 4 1
31 110 5 3
31 111 5 3
31 112 5 3
31 113 5 3
31 117 1 1
31 118 1 1
31 119 1 1
31 126 3 3
31 139 1 2
31 140 1 2
31 141 1 2
31 142 1 2
31 143 1 2
31 149 0 1
31 150 0 1
31 151 0 1
31 152 0 1
31 157 3 1
31 158 3 1
31 181 4 3
31 182 4 3
31 193 1 1
31 194 1 1
31 195 1 1
31 196 1 1
31 203 9 2
31 204 9 2
31 223 3 2
31 224 3 2
31 225 3 2
31 226 3 2
31 227 3 2
31 231 1 1
31 232 1 1
31 233 1 1
31 264 5 1
31 265 5 1
31 266 5 1
31 267 5 1
31 268 5 1
31 282 2 2
31 283 2 2
31 299 1 3
31 300 1 3
31 307 4 2
31 308 4 2
31 309 4 2
31 310 4 2
31 311 4 2
31 319 9 3
31 320 9 3
31 321 9 3
31 329 3 1
31 330 3 1
31 331 3 1
31 339 5 1
31 340 5 1
31 341 5 1
31 347 9 1
31 348 9 1
31 349 9 1
31 350 9 1
31 358 9 1
31 363 2 1
32 8 7 1
32 9 7 1
32 10 7 1
32 19 4 1
32 20 4 1
32 21 4 1
32 22 4 1
32 41 7 2
32 42 7 2
32 43 7 2
32 63 3 2
32 73 4 2
32 98 4 1
32 102 3 2
32 103 3 2
32 104 3 2
32 110 3 1
32 111 3 1
32 112 3 1
32 113 3 1
32 118 8 2
32 119 8 2
32 120 8 2
32 161 2 3
32 162 2 3
32 163 2 3
32 179 7 2
32 186 7 1
32 187 7 1
32 206 8 2
32 207 8 2
32 211 7 3
32 212 7 3
32 213 7 3
32 214 7 3
32 232 3 2
32 248 8 1
32 249 8 1
32 254 7 2
32 255 7 2
32 262 8 3
32 263 8 3
32 264 8 3
32 272 8 3
32 273 8 3
32 274 8 3
32 275 8 3
32 276 8 3
32 282 7 2
32 283 7 2
32 284 7 2
32 290 7 2
32 291 7 2
32 292 7 2
32 293 7 2
32 318 7 3
32 319 7 3
32 320 7 3
32 340 4 1
32 341 4 1
32 342 4 1
32 343 4 1
32 344 4 1
32 350 8 1
33 1 0 3
33 2 0 3
33 3 0 3
33 4 0 3
33 5 0 3
33 14 0 1
33 37 7 1
33 56 4 1
33 57 4 1
33 73 0 2
33 74 0 2
33 78 5 3
33 79 5 3
33 80 5 3
33 86 7 1
33 87 7 1
33 92 4 2
33 93 4 2
33 94 4 2
33 95 4 2
33 96 4 2
33 110 7 2
33 127 0 2
33 128 0 2
33 129 0 2
33 130 0 2
33 135 4 2
33 151 4 1
33 152 4 1
33 166 0 1
33 167 0 1
33 168 0 1
33 169 0 1
33 170 0 1
33 176 0 3
33 177 0 3
33 178 0 3
33 179 0 3
33 180 0 3
33 202 5 2
33 210 7 3
33 211 7 3
33 240 4 3
33 241 4 3
33 247 7 2
33 258 4 2
33 259 4 2
33 260 4 2
33 268 5 2
33 287 7 3
33 288 7 3
33 289 7 3
33 293 7 2
33 294 7 2
33 295 7 2
33 311 5 1
33 325 5 2
33 337 5 2
33 338 5 2
33 351 5 1
33 352 5 1
33 353 5 1
33 354 5 1
34 1 8 2
34 16 1 3
34 24 9 1
34 25 9 1
34 26 9 1
34 30 0 2
34 52 3 3
34 53 3 3
34 66 8 1
34 76 5 2
34 77 5 2
34 78 5 2
34 79 5 2
34 80 5 2
34 87 3 1
34 88 3 1
34 89 3 1
34 90 3 1
34 96 8 3
34 97 8 3
34 98 8 3
34 99 8 3
34 105 5 1
34 112 9 2
34 113 9 2
34 114 9 2
34 115 9 2
34 116 9 2
34 122 8 1
34 123 8 1
34 124 8 1
34 130 5 1
34 131 5 1
34 132 5 1
34 133 5 1
34 134 5 1
34 140 3 1
34 153 3 3
34 154 3 3
34 155 3 3
34 156 3 3
34 157 3 3
34 173 9 1
34 177 1 3
34 178 1 3
34 179 1 3
34 196 8 2
34 249 1 2
34 250 1 2
34 251 1 2
34 252 1 2
34 253 1 2
34 276 5 3
34 280 8 2
34 281 8 2
34 287 9 1
34 309 4 2
34 310 4 2
34 311 4 2
34 319 8 3
34 320 8 3
34 349 8 3
34 360 0 1
34 361 0 1
35 2 9 2
35 3 9 2
35 4 9 2
35 27 1 3
35 28 1 3
35 29 1 3
35 30 1 3
35 31 1 3
35 37 9 1
35 38 9 1
35 46 5 2
35 47 5 2
35 64 1 1
35 65 1 1
35 66 1 1
35 67 1 1
35 109 1 3
35 110 1 3
35 111 1 3
35 112 1 3
35 113 1 3
35 117 9 2
35 118 9 2
35 119 9 2
35 120 9 2
35 142 5 2
35 156 0 1
35 157 0 1
35 158 0 1
35 159 0 1
35 160 0 1
35 191 0 3
35 192 0 3
35 193 0 3
35 194 0 3
35 249 5 2
35 250 5 2
35 251 5 2
35 252 5 2
35 257 1 2
35 258 1 2
35 259 1 2
35 260 1 2
35 261 1 2
35 270 3 1
35 297 0 1
35 298 0 1
35 299 0 1
35 300 0 1
35 301 0 1
35 321 0 1
35 322 0 1
35 323 0 1
35 324 0 1
35 331 5 1
35 332 5 1
35 333 5 1
35 334 5 1
35 335 5 1
35 340 9 2
35 353 4 2
35 354 4 2
36 2 5 1
36 3 5 1
36 4 5 1
36 13 1 3
36 18 5 1
36 19 5 1
36 20 5 1
36 21 5 1
36 25 4 3
36 26 4 3
36 27 4 3
36 28 4 3
36 36 5 1
36 37 5 1
36 38 5 1
36 70 5 3
36 71 5 3
36 75 6 1
36 76 6 1
36 103 6 1
36 104 6 1
36 117 1 3
36 125 4 2
36 168 0 3
36 169 0 3
36 170 0 3
36 190 4 1
36 191 4 1
36 192 4 1
36 207 6 1
36 208 6 1
36 209 6 1
36 233 0 1
36 240 4 2
36 241 4 2
36 242 4 2
36 266 6 1
36 267 6 1
36 268 6 1
36 269 6 1
36 270 6 1
36 277 0 3
36 278 0 3
36 279 0 3
36 291 6 3
36 292 6 3
36 293 6 3
36 294 6 3
36 339 5 1
36 340 5 1
36 341 5 1
36 342 5 1
36 348 5 3
36 349 5 3
36 353 4 1
36 354 4 1
36 355 4 1
36 356 4 1
36 357 4 1
37 2 6 3
37 6 6 2
37 14 3 3
37 15 3 3
37 16 3 3
37 17 3 3
37 18 3 3
37 23 1 2
37 24 1 2
37 35 0 2
37 86 8 3
37 93 5 1
37 94 5 1
37 103 7 1
37 104 7 1
37 105 7 1
37 129 9 1
37 130 9 1
37 131 9 1
37 132 9 1
37 145 8 1
37 160 4 3
37 175 9 3
37 176 9 3
37 177 9 3
37 178 9 3
37 179 9 3
37 198 3 1
37 205 2 1
37 206 2 1
37 210 4 2
37 222 2 1
37 223 2 1
37 224 2 1
37 225 2 1
37 231 5 3
37 232 5 3
37 233 5 3
37 247 5 1
37 248 5 1
37 249 5 1
37 255 8 3
37 256 8 3
37 304 9 2
37 305 9 2
37 324 1 3
37 347 8 3
37 348 8 3
37 349 8 3
37 350 8 3
37 351 8 3
38 13 1 3
38 17 8 1
38 21 8 2
38 43 6 1
38 44 6 1
38 58 8 3
38 59 8 3
38 60 8 3
38 61 8 3
38 62 8 3
38 70 6 3
38 71 6 3
38 81 5 3
38 82 5 3
38 83 5 3
38 84 5 3
38 85 5 3
38 90 9 1
38 91 9 1
38 92 9 1
38 93 9 1
38 99 5 1
38 100 5 1
38 105 5 3
38 110 6 1
38 111 6 1
38 112 6 1
38 118 6 3
38 123 9 1
38 131 8 3
38 132 8 3
38 133 8 3
38 138 8 2
38 139 8 2
38 140 8 2
38 157 6 1
38 158 6 1
38 180 5 2
38 188 8 1
38 189 8 1
38 190 8 1
38 212 8 2
38 213 8 2
38 223 6 1
38 224 6 1
38 230 8 1
38 236 5 2
38 237 5 2
38 238 5 2
38 262 9 3
38 263 9 3
38 264 9 3
38 265 9 3
38 266 9 3
38 282 1 3
38 283 1 3
38 284 1 3
38 285 1 3
38 299 1 1
38 300 1 1
38 301 1 1
38 302 1 1
38 303 1 1
38 308 5 2
38 309 5 2
38 310 5 2
38 311 5 2
38 312 5 2
38 323 8 1
38 324 8 1
38 332 6 3
38 345 9 2
38 346 9 2
38 362 8 3
39 0 9 3
39 21 8 3
39 22 8 3
39 30 6 3
39 31 6 3
39 32 6 3
39 33 6 3
39 34 6 3
39 58 0 3
39 59 0 3
39 60 0 3
39 72 0 2
39 73 0 2
39 74 0 2
39 79 9 3
39 80 9 3
39 85 6 2
39 86 6 2
39 87 6 2
39 88 6 2
39 89 6 2
39 95 1 3
39 96 1 3
39 105 0 1
39 106 0 1
39 107 0 1
39 108 0 1
39 131 9 3
39 132 9 3
39 133 9 3
39 134 9 3
39 143 8 3
39 147 3 1
39 148 3 1
39 149 3 1
39 150 3 1
39 151 3 1
39 164 8 1
39 169 4 3
39 170 4 3
39 171 4 3
39 172 4 3
39 173 4 3
39 183 5 2
39 184 5 2
39 185 5 2
39 194 3 1
39 210 3 2
39 215 0 3
39 216 0 3
39 217 0 3
39 218 0 3
39 219 0 3
39 243 2 2
39 259 5 1
39 260 5 1
39 261 5 1
39 267 9 1
39 268 9 1
39 269 9 1
39 270 9 1
39 286 9 3
39 287 9 3
39 288 9 3
39 318 9 3
39 319 9 3
39 320 9 3
39 338 8 2
39 358 4 3
39 359 4 3
39 360 4 3
39 361 4 3
40 9 2 3
40 33 4 1
40 34 4 1
40 35 4 1
40 36 4 1
40 41 1 2
40 49 4 3
40 50 4 3
40 63 3 2
40 64 3 2
40 65 3 2
40 66 3 2
40 67 3 2
40 75 6 2
40 76 6 2
40 77 6 2
40 78 6 2
40 82 7 1
40 83 7 1
40 84 7 1
40 85 7 1
40 99 9 2
40 100 9 2
40 101 9 2
40 102 9 2
40 124 6 3
40 125 6 3
40 126 6 3
40 127 6 3
40 128 6 3
40 132 7 2
40 153 1 1
40 157 3 1
40 158 3 1
40 159 3 1
40 160 3 1
40 161 3 1
40 174 7 2
40 175 7 2
40 176 7 2
40 177 7 2
40 182 3 2
40 183 3 2
40 211 4 1
40 212 4 1
40 213 4 1
40 214 4 1
40 219 0 1
40 226 0 2
40 227 0 2
40 228 0 2
40 229 0 2
40 237 9 2
40 238 9 2
40 259 3 3
40 260 3 3
40 261 3 3
40 262 3 3
40 263 3 3
40 269 7 1
40 284 0 3
40 285 0 3
40 286 0 3
40 287 0 3
40 288 0 3
40 296 9 3
40 297 9 3
40 298 9 3
40 304 4 3
40 305 4 3
40 306 4 3
40 312 7 1
40 318 0 1
40 319 0 1
40 331 3 2
40 332 3 2
41 6 6 2
41 7 6 2
41 8 6 2
41 9 6 2
41 31 5 2
41 32 5 2
41 33 5 2
41 34 5 2
41 39 2 3
41 40 2 3
41 41 2 3
41 42 2 3
41 43 2 3
41 49 6 1
41 50 6 1
41 51 6 1
41 52 6 1
41 53 6 1
41 70 5 3
41 108 2 1
41 139 3 2
41 147 0 3
41 148 0 3
41 149 0 3
41 150 0 3
41 169 6 3
41 183 4 3
41 184 4 3
41 185 4 3
41 186 4 3
41 187 4 3
41 198 5 1
41 199 5 1
41 200 5 1
41 201 5 1
41 202 5 1
41 225 2 1
41 226 2 1
41 234 0 2
41 235 0 2
41 236 0 2
41 237 0 2
41 259 4 2
41 260 4 2
41 261 4 2
41 270 2 1
41 277 0 3
41 278 0 3
41 279 0 3
41 280 0 3
41 304 0 3
41 305 0 3
41 306 0 3
41 307 0 3
41 311 3 3
41 312 3 3
41 318 5 2
41 319 5 2
41 330 3 1
41 331 3 1
41 332 3 1
41 333 3 1
41 349 3 1
42 2 1 3
42 3 1 3
42 4 1 3
42 15 3 2
42 16 3 2
42 17 3 2
42 18 3 2
42 27 2 2
42 28 2 2
42 34 1 2
42 40 7 3
42 41 7 3
42 42 7 3
42 58 2 2
42 59 2 2
42 60 2 2
42 61 2 2
42 62 2 2
42 101 2 3
42 102 2 3
42 103 2 3
42 104 2 3
42 121 2 2
42 122 2 2
42 128 4 2
42 135 3 3
42 136 3 3
42 149 1 3
42 150 1 3
42 151 1 3
42 152 1 3
42 185 1 1
42 186 1 1
42 187 1 1
42 188 1 1
42 200 7 2
42 201 7 2
42 202 7 2
42 221 3 1
42 225 3 2
42 230 3 3
42 231 3 3
42 257 7 1
42 258 7 1
42 271 2 3
42 278 4 2
42 279 4 2
42 309 4 2
42 310 4 2
42 311 4 2
42 338 3 3
42 351 7 3
42 352 7 3
43 18 0 1
43 19 0 1
43 20 0 1
43 21 0 1
43 22 0 1
43 28 8 1
43 29 8 1
43 30 8 1
43 76 6 2
43 77 6 2
43 82 7 1
43 83 7 1
43 93 8 3
43 101 5 3
43 106 7 1
43 107 7 1
43 108 7 1
43 114 9 1
43 115 9 1
43 116 9 1
43 124 7 2
43 125 7 2
43 126 7 2
43 127 7 2
43 132 3 3
43 133 3 3
43 134 3 3
43 155 7 1
43 156 7 1
43 157 7 1
43 170 5 3
43 171 5 3
43 197 2 1
43 198 2 1
43 199 2 1
43 200 2 1
43 214 4 1
43 215 4 1
43 216 4 1
43 217 4 1
43 236 3 2
43 240 6 3
43 241 6 3
43 242 6 3
43 247 2 2
43 248 2 2
43 249 2 2
43 250 2 2
43 251 2 2
43 273 8 3
43 274 8 3
43 275 8 3
43 276 8 3
43 284 4 1
43 289 2 3
43 293 2 3
43 298 8 1
43 299 8 1
43 300 8 1
43 304 4 2
43 305 4 2
43 306 4 2
43 307 4 2
43 313 2 2
43 314 2 2
43 315 2 2
43 323 5 2
43 324 5 2
43 325 5 2
43 338 0 1
43 339 0 1
44 31 3 2
44 32 3 2
44 36 9 3
44 37 9 3
44 38 9 3
44 43 5 3
44 44 5 3
44 45 5 3
44 46 5 3
44 47 5 3
44 59 5 3
44 66 3 1
44 67 3 1
44 75 4 3
44 76 4 3
44 77 4 3
44 82 3 2
44 83 3 2
44 95 5 2
44 96 5 2
44 97 5 2
44 98 5 2
44 157 3 2
44 158 3 2
44 170 9 1
44 171 9 1
44 172 9 1
44 173 9 1
44 180 9 1
44 181 9 1
44 191 1 2
44 192 1 2
44 193 1 2
44 213 5 2
44 214 5 2
44 215 5 2
44 235 7 1
44 236 7 1
44 237 7 1
44 238 7 1
44 239 7 1
44 246 2 1
44 247 2 1
44 248 2 1
44 249 2 1
44 284 4 3
44 285 4 3
44 286 4 3
44 287 4 3
44 315 4 1
44 316 4 1
44 317 4 1
44 321 5 3
44 322 5 3
44 323 5 3
44 346 3 3
45 6 8 2
45 7 8 2
45 8 8 2
45 9 8 2
45 10 8 2
45 19 4 2
45 20 4 2
45 21 4 2
45 29 8 3
45 30 8 3
45 31 8 3
45 75 1 2
45 76 1 2
45 77 1 2
45 78 1 2
45 89 5 2
45 93 1 2
45 94 1 2
45 95 1 2
45 142 8 2
45 143 8 2
45 144 8 2
45 145 8 2
45 151 9 3
45 152 9 3
45 153 9 3
45 154 9 3
45 155 9 3
45 163 8 1
45 164 8 1
45 165 8 1
45 166 8 1
45 167 8 1
45 210 8 3
45 211 8 3
45 212 8 3
45 213 8 3
45 244 9 3
45 245 9 3
45 246 9 3
45 247 9 3
45 253 5 2
45 254 5 2
45 255 5 2
45 256 5 2
45 257 5 2
45 269 8 3
45 276 8 2
45 277 8 2
45 278 8 2
45 290 9 3
45 291 9 3
45 328 5 2
45 329 5 2
45 330 5 2
45 348 8 2
45 349 8 2
45 357 5 3
45 358 5 3
46 7 8 2
46 12 2 1
46 13 2 1
46 14 2 1
46 15 2 1
46 16 2 1
46 30 2 2
46 31 2 2
46 39 4 2
46 40 4 2
46 41 4 2
46 47 0 3
46 48 0 3
46 49 0 3
46 61 2 1
46 68 7 2
46 69 7 2
46 70 7 2
46 71 7 2
46 72 7 2
46 77 2 1
46 78 2 1
46 79 2 1
46 80 2 1
46 81 2 1
46 87 7 3
46 88 7 3
46 89 7 3
46 90 7 3
46 98 2 1
46 99 2 1
46 100 2 1
46 101 2 1
46 102 2 1
46 110 2 2
46 111 2 2
46 112 2 2
46 113 2 2
46 114 2 2
46 122 4 1
46 147 7 3
46 148 7 3
46 154 0 3
46 155 0 3
46 156 0 3
46 157 0 3
46 158 0 3
46 166 2 3
46 167 2 3
46 168 2 3
46 169 2 3
46 170 2 3
46 174 8 1
46 189 0 2
46 190 0 2
46 191 0 2
46 199 0 2
46 200 0 2
46 201 0 2
46 209 2 1
46 210 2 1
46 211 2 1
46 230 7 2
46 231 7 2
46 232 7 2
46 238 4 1
46 239 4 1
46 240 4 1
46 241 4 1
46 242 4 1
46 246 7 1
46 247 7 1
46 252 8 2
46 253 8 2
46 254 8 2
46 269 2 2
46 270 2 2
46 271 2 2
46 272 2 2
46 280 8 3
46 281 8 3
46 282 8 3
46 283 8 3
46 284 8 3
46 300 2 2
46 301 2 2
46 302 2 2
46 303 2 2
46 307 7 1
46 308 7 1
46 309 7 1
46 354 7 1
47 23 6 2
47 24 6 2
47 25 6 2
47 26 6 2
47 27 6 2
47 33 7 3
47 34 7 3
47 35 7 3
47 36 7 3
47 37 7 3
47 42 5 3
47 43 5 3
47 44 5 3
47 76 6 1
47 77 6 1
47 78 6 1
47 79 6 1
47 95 7 1
47 96 7 1
47 97 7 1
47 98 7 1
47 105 8 2
47 106 8 2
47 107 8 2
47 108 8 2
47 131 6 1
47 132 6 1
47 133 6 1
47 155 7 1
47 156 7 1
47 157 7 1
47 158 7 1
47 159 7 1
47 164 6 1
47 165 6 1
47 166 6 1
47 167 6 1
47 168 6 1
47 176 9 2
47 177 9 2
47 178 9 2
47 179 9 2
47 198 7 2
47 199 7 2
47 200 7 2
47 205 5 2
47 213 6 2
47 214 6 2
47 215 6 2
47 238 3 3
47 239 3 3
47 266 6 1
47 271 9 1
47 272 9 1
47 278 7 1
47 279 7 1
47 280 7 1
47 286 8 1
47 287 8 1
47 291 8 2
47 292 8 2
47 293 8 2
47 294 8 2
47 317 8 3
47 318 8 3
47 319 8 3
47 320 8 3
47 321 8 3
47 342 5 1
47 343 5 1
47 355 6 1
47 356 6 1
47 357 6 1
47 358 6 1
47 359 6 1
48 61 6 1
48 62 6 1
48 63 6 1
48 71 6 2
48 72 6 2
48 98 9 1
48 99 9 1
48 100 9 1
48 120 2 2
48 121 2 2
48 122 2 2
48 123 2 2
48 124 2 2
48 151 2 1
48 152 2 1
48 153 2 1
48 154 2 1
48 155 2 1
48 165 1 1
48 166 1 1
48 167 1 1
48 168 1 1
48 189 2 1
48 190 2 1
48 191 2 1
48 192 2 1
48 199 4 2
48 205 6 3
48 206 6 3
48 222 6 1
48 223 6 1
48 224 6 1
48 225 6 1
48 236 8 1
48 237 8 1
48 238 8 1
48 239 8 1
48 245 8 1
48 246 8 1
48 247 8 1
48 248 8 1
48 249 8 1
48 262 8 3
48 263 8 3
48 264 8 3
48 288 8 1
48 293 3 1
48 294 3 1
48 309 2 1
48 310 2 1
48 311 2 1
48 316 3 2
48 351 9 3
48 352 9 3
48 353 9 3
48 354 9 3
48 359 3 3
49 0 7 1
49 18 0 1
49 19 0 1
49 20 0 1
49 32 7 3
49 33 7 3
49 40 9 3
49 51 6 2
49 52 6 2
49 57 7 3
49 58 7 3
49 59 7 3
49 60 7 3
49 61 7 3
49 69 7 1
49 70 7 1
49 71 7 1
49 88 6 1
49 89 6 1
49 90 6 1
49 91 6 1
49 97 0 2
49 98 0 2
49 99 0 2
49 100 0 2
49 105 4 2
49 106 4 2
49 107 4 2
49 108 4 2
49 120 0 1
49 121 0 1
49 122 0 1
49 123 0 1
49 145 6 3
49 146 6 3
49 147 6 3
49 148 6 3
49 156 7 1
49 161 4 1
49 162 4 1
49 163 4 1
49 183 7 2
49 184 7 2
49 185 7 2
49 186 7 2
49 213 9 3
49 214 9 3
49 220 9 1
49 224 9 2
49 225 9 2
49 226 9 2
49 227 9 2
49 247 9 2
49 248 9 2
49 249 9 2
49 250 9 2
49 267 6 3
49 268 6 3
49 269 6 3
49 270 6 3
49 271 6 3
49 285 7 2
49 286 7 2
49 292 6 1
49 293 6 1
49 294 6 1
49 295 6 1
49 296 6 1
49 338 9 2
49 339 9 2
49 340 9 2
49 341 9 2
49 342 9 2
