7 0 0
7 1 0
7 2 0
7 3 7
7 4 7
7 7 1
7 8 0
7 9 5
7 10 7
7 21 6
7 22 6
7 23 7
7 24 6
7 25 6
7 28 0
7 29 0
7 30 0
7 31 0
7 32 0
7 35 1
7 36 1
7 37 1
7 38 1
7 39 1
7 42 0
7 43 0
7 44 0
7 45 0
7 46 1
7 49 5
7 50 5
7 51 5
7 52 5
7 53 5
7 56 5
7 57 7
7 58 6
7 59 6
7 62 1
7 63 5
7 64 5
7 65 5
7 66 5
7 70 1
7 71 5
7 72 5
7 73 5
7 74 5
7 77 5
7 78 5
7 79 7
7 80 7
7 81 6
7 84 0
7 85 5
7 86 5
7 87 5
7 88 5
7 103 5
7 104 5
7 105 5
7 106 6
7 109 1
7 110 5
7 111 7
7 112 7
7 113 6
7 116 0
7 117 0
7 118 0
7 119 0
7 120 6
7 123 0
7 124 5
7 125 5
7 126 6
7 129 0
7 130 0
7 131 5
7 132 5
7 135 5
7 136 5
7 137 5
7 138 5
7 139 5
7 142 5
7 143 5
7 144 5
7 145 5
7 146 6
7 149 5
7 150 5
7 151 5
7 152 6
7 155 5
7 156 5
7 157 5
7 158 5
7 159 5
7 162 5
7 163 5
7 164 5
7 165 5
7 166 5
7 169 5
7 170 5
7 171 5
7 172 5
7 173 5
7 186 5
7 187 5
7 188 5
7 191 1
7 192 0
7 193 0
7 194 6
7 197 5
7 198 5
7 199 5
7 200 5
7 201 5
7 204 0
7 205 0
7 206 1
7 207 5
7 210 1
7 211 1
7 212 1
7 213 0
7 214 7
7 217 1
7 218 0
7 219 1
7 220 0
7 221 1
7 224 5
7 225 5
7 226 6
7 227 6
7 228 6
7 231 0
7 232 0
7 233 0
7 234 1
7 235 6
7 238 0
7 239 0
7 240 0
7 241 6
7 242 6
7 245 0
7 246 1
7 247 0
7 248 0
7 249 0
7 252 0
7 253 0
7 254 0
7 255 0
7 256 7
7 259 1
7 260 1
7 261 0
7 262 1
7 263 1
7 266 7
7 267 7
7 268 7
7 269 6
7 270 7
7 273 6
7 274 6
7 275 6
7 276 7
7 277 6
7 280 7
7 281 7
7 282 7
7 283 7
7 284 7
7 287 5
7 288 5
7 289 5
7 290 5
7 291 5
7 294 5
7 295 5
7 296 7
7 297 6
7 298 6
7 301 7
7 302 7
7 303 7
7 304 6
7 305 6
7 308 1
7 309 5
7 310 7
7 311 7
7 312 6
7 315 5
7 316 5
7 317 6
7 318 6
7 319 6
7 322 6
7 323 6
7 324 6
7 327 1
7 328 1
7 329 1
7 332 1
7 333 1
7 334 1
7 335 1
7 338 1
7 339 1
7 340 1
7 341 0
7 342 0
7 345 1
7 346 1
7 349 1
7 350 1
7 351 1
7 352 1
7 353 6
7 357 1
7 358 1
7 359 1
7 360 1
7 361 1
2 0 5
2 1 5
2 2 5
2 3 4
2 4 4
2 7 5
2 8 5
2 9 5
2 10 5
2 11 8
2 14 5
2 15 5
2 16 5
2 17 5
2 18 4
2 21 4
2 22 4
2 23 5
2 24 4
2 25 4
2 28 5
2 29 5
2 30 5
2 31 5
2 32 9
2 35 5
2 36 4
2 37 5
2 38 4
2 39 5
2 45 2
2 46 5
2 49 5
2 50 5
2 51 5
2 52 5
2 53 5
2 56 5
2 57 6
2 58 6
2 59 6
2 60 6
2 64 5
2 65 5
2 66 5
2 67 5
2 68 9
2 71 5
2 72 4
2 73 3
2 74 3
2 77 5
2 78 5
2 79 6
2 80 6
2 81 6
2 84 1
2 85 5
2 86 5
2 87 5
2 88 5
2 92 5
2 93 5
2 94 3
2 95 3
2 98 1
2 99 1
2 100 1
2 103 9
2 104 9
2 105 9
2 106 9
2 107 9
2 110 9
2 111 9
2 114 2
2 115 2
2 116 2
2 117 8
2 118 8
2 121 1
2 122 1
2 123 1
2 124 9
2 125 9
2 128 2
2 129 1
2 130 1
2 131 1
2 134 1
2 135 1
2 136 1
2 137 9
2 138 9
2 141 1
2 142 1
2 143 1
2 144 1
2 153 1
2 154 1
2 155 2
2 156 1
2 157 1
2 161 3
2 162 3
2 163 9
2 164 9
2 165 9
2 168 1
2 169 5
2 170 6
2 171 6
2 172 8
2 175 1
2 176 1
2 177 1
2 178 1
2 179 1
2 182 1
2 183 1
2 184 2
2 185 1
2 186 2
2 189 2
2 190 2
2 191 2
2 192 2
2 193 2
2 196 2
2 197 2
2 198 2
2 199 2
2 200 2
2 203 1
2 204 1
2 205 1
2 206 2
2 207 3
2 210 2
2 211 5
2 212 6
2 213 8
2 214 8
2 225 2
2 226 2
2 227 2
2 228 2
2 229 2
2 232 2
2 233 2
2 234 2
2 235 2
2 245 2
2 246 2
2 247 8
2 248 8
2 251 2
2 252 1
2 253 1
2 254 2
2 257 2
2 258 2
2 261 2
2 262 2
2 263 1
2 264 1
2 265 4
2 268 2
2 269 5
2 270 4
2 271 6
2 274 2
2 275 6
2 276 6
2 277 6
2 280 1
2 281 5
2 282 6
2 283 6
2 284 6
2 287 5
2 288 5
2 289 6
2 290 6
2 291 6
2 294 4
2 295 4
2 296 4
2 297 4
2 298 4
2 301 8
2 302 8
2 303 8
2 304 6
2 305 6
2 308 6
2 309 8
2 310 8
2 313 5
2 314 5
2 315 9
2 316 9
2 319 5
2 320 5
2 321 6
2 322 6
2 323 6
2 326 1
2 327 1
2 328 1
2 329 1
2 330 1
2 333 2
2 334 2
2 335 2
2 336 6
2 339 5
2 340 8
2 344 4
2 345 5
2 346 5
2 347 5
2 348 6
2 351 5
2 352 5
2 353 5
2 354 6
2 355 6
2 360 5
2 361 6
2 362 6
2 363 6
38 0 8
38 1 9
38 2 9
38 5 1
38 6 1
38 7 1
38 8 1
38 9 1
38 12 1
38 13 1
38 14 1
38 15 1
38 16 1
38 19 6
38 20 6
38 21 6
38 22 6
38 23 6
38 26 1
38 27 1
38 28 1
38 29 1
38 30 9
38 43 6
38 44 6
38 45 6
38 46 6
38 47 6
38 50 9
38 51 9
38 52 9
38 53 9
38 54 9
38 58 5
38 59 9
38 60 9
38 61 9
38 62 9
38 65 5
38 66 5
38 70 5
38 71 5
38 72 5
38 73 5
38 74 8
38 77 5
38 78 5
38 79 5
38 80 5
38 81 5
38 84 5
38 85 5
38 86 5
38 91 8
38 92 9
38 93 9
38 94 9
38 95 9
38 98 5
38 99 5
38 100 5
38 101 6
38 102 8
38 105 5
38 106 5
38 107 8
38 108 8
38 113 5
38 114 8
38 115 8
38 116 8
38 119 5
38 120 5
38 121 6
38 122 6
38 123 9
38 126 5
38 127 5
38 128 6
38 129 6
38 130 6
38 133 5
38 134 5
38 135 5
38 136 8
38 137 6
38 140 8
38 141 8
38 142 8
38 143 6
38 144 6
38 147 5
38 148 8
38 149 6
38 150 8
38 151 6
38 154 9
38 155 9
38 156 9
38 157 9
38 158 9
38 161 8
38 162 8
38 163 8
38 164 6
38 165 6
38 168 9
38 169 9
38 170 9
38 171 9
38 172 9
38 175 1
38 176 1
38 179 5
38 180 5
38 181 5
38 184 5
38 185 6
38 186 6
38 187 8
38 188 8
38 191 5
38 192 6
38 193 8
38 194 8
38 195 6
38 198 5
38 199 5
38 200 6
38 201 9
38 204 6
38 205 6
38 208 8
38 209 8
38 210 6
38 211 6
38 212 8
38 215 9
38 216 9
38 223 6
38 224 6
38 225 8
38 226 8
38 227 8
38 230 5
38 231 5
38 232 6
38 233 9
38 236 5
38 237 5
38 238 5
38 239 5
38 240 6
38 243 5
38 244 5
38 245 5
38 246 9
38 247 9
38 250 5
38 251 5
38 252 8
38 253 8
38 254 8
38 257 5
38 258 5
38 259 8
38 260 8
38 261 8
38 264 9
38 265 9
38 266 9
38 267 9
38 268 9
38 271 5
38 272 5
38 273 8
38 274 8
38 275 6
38 278 5
38 279 5
38 280 8
38 281 8
38 282 6
38 285 1
38 286 6
38 287 6
38 288 9
38 289 9
38 294 5
38 295 5
38 296 8
38 297 8
38 298 8
38 301 1
38 302 1
38 303 1
38 304 1
38 305 1
38 308 5
38 309 5
38 310 5
38 311 5
38 312 5
38 315 5
38 316 5
38 317 5
38 318 5
38 319 6
38 322 5
38 323 5
38 324 5
38 325 5
38 326 6
38 329 5
38 330 5
38 331 5
38 332 6
38 333 9
38 337 5
38 338 9
38 339 9
38 342 1
38 343 1
38 344 8
38 345 9
38 346 9
38 356 9
38 357 9
38 360 5
38 361 8
38 362 8
38 363 8
34 1 8
34 2 8
34 3 8
34 4 8
34 5 8
34 9 1
34 10 1
34 11 1
34 12 0
34 13 9
34 16 1
34 17 8
34 18 9
34 19 9
34 20 9
34 23 3
34 24 9
34 25 9
34 26 9
34 27 9
34 30 0
34 31 0
34 32 9
34 33 9
34 34 9
34 37 1
34 38 8
34 39 8
34 40 9
34 41 9
34 44 8
34 45 8
34 46 9
34 49 1
34 50 1
34 51 3
34 52 3
34 53 3
34 56 1
34 57 1
34 58 1
34 59 8
34 60 8
34 63 0
34 64 3
34 65 8
34 66 8
34 67 8
34 70 8
34 71 8
34 72 8
34 73 8
34 74 8
34 77 0
34 78 1
34 79 1
34 80 5
34 81 9
34 84 9
34 85 9
34 86 9
34 87 9
34 88 9
34 91 8
34 92 8
34 93 9
34 94 9
34 98 8
34 99 8
34 100 9
34 101 9
34 102 9
34 105 5
34 106 3
34 107 5
34 108 9
34 109 9
34 112 3
34 113 8
34 114 9
34 115 9
34 116 9
34 119 8
34 120 9
34 121 9
34 124 8
34 125 8
34 126 8
34 129 8
34 130 8
34 131 8
34 134 5
34 135 8
34 136 8
34 137 8
34 140 3
34 141 3
34 142 3
34 143 3
34 144 9
34 149 3
34 150 3
34 151 8
34 154 3
34 155 3
34 156 3
34 157 8
34 160 3
34 161 3
34 162 3
34 163 3
34 164 8
34 173 9
34 174 9
34 175 9
34 176 9
34 179 1
34 180 3
34 188 9
34 189 9
34 190 9
34 191 9
34 192 9
34 196 3
34 197 3
34 198 3
34 199 3
34 200 3
34 203 3
34 204 3
34 205 3
34 206 3
34 207 3
34 210 3
34 211 3
34 212 3
34 213 3
34 214 3
34 217 3
34 218 3
34 219 3
34 220 3
34 221 9
34 224 3
34 225 3
34 226 3
34 227 3
34 228 8
34 231 3
34 232 3
34 233 3
34 234 9
34 235 9
34 238 3
34 239 8
34 240 9
34 241 9
34 242 9
34 245 3
34 246 3
34 247 3
34 248 9
34 249 9
34 252 1
34 253 1
34 254 3
34 255 9
34 258 3
34 259 9
34 262 3
34 263 3
34 264 3
34 275 1
34 276 5
34 277 5
34 278 3
34 279 8
34 282 1
34 283 3
34 284 3
34 285 3
34 286 3
34 289 3
34 290 3
34 291 3
34 292 3
34 293 9
34 296 1
34 297 3
34 298 3
34 299 9
34 300 9
34 303 3
34 304 3
34 305 3
34 306 3
34 307 8
34 310 0
34 311 0
34 312 0
34 313 0
34 314 0
34 317 3
34 318 3
34 319 3
34 320 3
34 321 3
34 324 3
34 325 3
34 326 3
34 327 3
34 328 8
34 331 0
34 332 3
34 333 3
34 334 3
34 335 3
34 338 3
34 339 3
34 340 3
34 341 3
34 342 8
34 345 3
34 346 3
34 347 3
34 348 3
34 349 8
34 359 0
34 360 0
34 361 0
34 362 3
34 363 9
26 0 1
26 1 0
26 2 8
26 3 8
26 4 9
26 8 0
26 9 0
26 13 0
26 14 8
26 15 9
26 16 9
26 19 5
26 20 8
26 21 7
26 22 7
26 23 7
26 26 5
26 27 8
26 28 7
26 29 7
26 32 0
26 33 5
26 34 5
26 35 5
26 36 5
26 39 0
26 40 5
26 41 9
26 42 9
26 45 7
26 46 7
26 47 7
26 48 7
26 49 8
26 52 1
26 53 0
26 54 0
26 55 0
26 56 0
26 69 0
26 70 1
26 71 8
26 72 8
26 75 5
26 76 5
26 77 5
26 78 9
26 79 9
26 84 0
26 85 0
26 86 1
26 87 0
26 90 0
26 91 1
26 92 0
26 93 0
26 94 0
26 98 9
26 99 9
26 100 9
26 101 9
26 102 9
26 105 5
26 106 5
26 107 8
26 108 7
26 109 7
26 112 0
26 113 0
26 114 1
26 115 1
26 116 1
26 119 5
26 120 5
26 121 7
26 122 7
26 123 7
26 126 8
26 127 8
26 140 5
26 141 5
26 142 5
26 143 5
26 144 5
26 147 1
26 148 5
26 149 7
26 150 7
26 151 7
26 154 8
26 155 8
26 156 8
26 157 9
26 158 9
26 161 1
26 162 5
26 163 7
26 164 7
26 165 7
26 168 5
26 169 5
26 170 5
26 171 8
26 172 8
26 175 0
26 176 0
26 177 0
26 178 5
26 179 7
26 182 8
26 183 8
26 186 0
26 187 5
26 188 7
26 189 7
26 190 7
26 193 5
26 194 7
26 195 7
26 196 7
26 197 9
26 200 0
26 201 5
26 202 7
26 203 7
26 204 7
26 207 1
26 208 1
26 209 0
26 210 0
26 211 5
26 214 1
26 215 5
26 216 5
26 217 8
26 218 9
26 221 0
26 222 5
26 223 8
26 224 8
26 225 9
26 228 8
26 229 8
26 230 8
26 231 8
26 232 7
26 235 8
26 236 8
26 237 8
26 238 8
26 239 8
26 242 0
26 243 0
26 244 0
26 245 0
26 246 7
26 249 0
26 250 0
26 251 0
26 252 5
26 253 7
26 256 7
26 257 7
26 258 8
26 259 9
26 260 9
26 263 1
26 264 7
26 265 7
26 266 7
26 269 0
26 270 0
26 271 0
26 272 0
26 273 1
26 276 0
26 277 0
26 278 5
26 279 5
26 280 7
26 283 1
26 284 1
26 287 7
26 288 7
26 289 7
26 290 9
26 291 9
26 294 5
26 295 5
26 296 8
26 297 8
26 298 8
26 301 5
26 302 5
26 303 8
26 304 8
26 305 7
26 308 1
26 309 1
26 310 8
26 311 8
26 312 7
26 315 1
26 316 1
26 317 8
26 318 8
26 319 7
26 322 1
26 323 1
26 324 1
26 325 1
26 326 1
26 329 1
26 330 1
26 331 1
26 332 1
26 333 1
26 336 1
26 337 1
26 338 1
26 339 1
26 340 1
26 349 1
26 350 1
26 351 9
26 352 9
26 353 9
26 358 1
26 359 1
26 360 1
26 361 5
26 362 7
6 1 0
6 2 0
6 3 3
6 4 7
6 5 7
6 9 3
6 10 9
6 11 9
6 12 9
6 15 3
6 16 9
6 17 9
6 18 9
6 19 9
6 31 2
6 32 2
6 33 2
6 34 7
6 35 7
6 38 2
6 39 1
6 40 0
6 41 0
6 44 1
6 45 0
6 46 2
6 47 1
6 48 9
6 51 9
6 52 9
6 53 9
6 54 9
6 57 0
6 58 0
6 59 0
6 60 7
6 63 2
6 64 0
6 65 2
6 66 9
6 67 9
6 70 1
6 71 1
6 72 1
6 73 0
6 74 1
6 77 1
6 78 0
6 79 0
6 80 0
6 81 0
6 84 6
6 85 7
6 86 7
6 87 8
6 88 8
6 91 0
6 92 1
6 93 1
6 94 0
6 95 1
6 98 1
6 99 0
6 100 8
6 101 8
6 102 7
6 105 8
6 106 8
6 107 8
6 108 6
6 109 6
6 112 8
6 113 8
6 114 8
6 115 8
6 116 7
6 120 1
6 121 1
6 122 6
6 123 6
6 126 3
6 127 3
6 128 3
6 129 3
6 130 3
6 134 1
6 135 2
6 136 3
6 137 6
6 140 4
6 141 3
6 142 3
6 143 8
6 144 9
6 147 2
6 148 2
6 149 8
6 150 6
6 153 6
6 154 6
6 155 6
6 158 0
6 159 1
6 160 7
6 161 7
6 164 2
6 165 2
6 166 0
6 167 7
6 170 0
6 171 0
6 172 0
6 175 0
6 176 2
6 177 0
6 178 0
6 179 2
6 182 3
6 183 3
6 184 7
6 185 7
6 186 8
6 189 8
6 190 8
6 191 8
6 192 6
6 193 8
6 196 4
6 197 4
6 198 7
6 199 7
6 200 7
6 203 1
6 204 6
6 205 6
6 206 6
6 207 7
6 210 7
6 211 7
6 212 7
6 215 3
6 216 6
6 217 7
6 218 9
6 219 9
6 223 0
6 224 3
6 225 7
6 226 7
6 227 7
6 230 6
6 231 6
6 232 6
6 235 0
6 236 0
6 237 3
6 238 7
6 239 7
6 242 4
6 243 3
6 244 7
6 245 7
6 246 6
6 249 8
6 250 8
6 251 8
6 252 8
6 253 6
6 256 2
6 257 3
6 258 3
6 259 3
6 260 6
6 269 1
6 270 0
6 273 7
6 274 7
6 275 7
6 276 6
6 289 0
6 290 4
6 291 4
6 292 4
6 293 4
6 296 0
6 297 0
6 298 0
6 299 0
6 300 0
6 303 1
6 304 1
6 305 1
6 306 8
6 307 8
6 310 0
6 311 2
6 312 2
6 313 3
6 314 6
6 317 0
6 318 0
6 319 0
6 320 0
6 321 2
6 324 0
6 325 3
6 326 3
6 327 3
6 328 6
6 331 7
6 332 7
6 333 7
6 334 7
6 335 6
6 338 2
6 339 8
6 340 8
6 341 7
6 342 7
6 345 0
6 346 2
6 347 2
6 348 3
6 349 6
6 352 0
6 353 0
6 354 0
6 357 0
6 358 7
6 359 7
6 360 7
6 361 9
39 0 9
39 3 2
39 4 2
39 5 3
39 6 3
39 7 3
39 10 4
39 11 5
39 12 5
39 13 3
39 14 3
39 17 1
39 18 0
39 19 0
39 20 5
39 21 8
39 24 2
39 25 0
39 26 5
39 27 8
39 30 6
39 31 6
39 32 6
39 33 9
39 34 9
39 37 0
39 38 3
39 39 5
39 40 3
39 41 5
39 44 1
39 45 9
39 46 9
39 47 9
39 48 9
39 51 3
39 52 3
39 53 3
39 56 0
39 57 0
39 58 0
39 59 0
39 60 0
39 63 0
39 64 0
39 65 0
39 66 0
39 67 0
39 70 0
39 71 1
39 72 0
39 73 0
39 74 0
39 77 0
39 78 0
39 79 9
39 80 9
39 81 9
39 84 8
39 85 6
39 86 6
39 87 6
39 88 6
39 92 5
39 93 5
39 94 9
39 95 9
39 98 2
39 99 1
39 100 1
39 101 5
39 102 8
39 105 0
39 106 0
39 110 0
39 111 0
39 112 8
39 126 1
39 127 2
39 128 8
39 129 8
39 130 6
39 133 1
39 134 0
39 135 2
39 136 2
39 137 2
39 141 2
39 142 2
39 143 2
39 144 6
39 147 3
39 148 3
39 149 3
39 150 3
39 151 3
39 154 2
39 155 1
39 156 1
39 157 1
39 161 2
39 162 2
39 163 0
39 164 0
39 165 1
39 168 4
39 169 4
39 170 4
39 171 4
39 172 4
39 175 2
39 176 2
39 177 1
39 178 2
39 179 2
39 182 5
39 183 5
39 184 5
39 185 5
39 186 5
39 189 1
39 190 1
39 191 1
39 192 1
39 193 6
39 196 5
39 197 5
39 198 8
39 199 8
39 200 6
39 203 2
39 204 0
39 205 0
39 206 1
39 207 9
39 210 3
39 211 3
39 212 3
39 213 3
39 214 3
39 217 0
39 218 0
39 219 0
39 220 0
39 221 1
39 224 1
39 225 1
39 226 1
39 227 8
39 230 0
39 231 8
39 234 2
39 235 5
39 236 6
39 237 6
39 238 6
39 241 0
39 242 0
39 243 2
39 244 0
39 245 6
39 250 0
39 251 0
39 252 6
39 253 9
39 254 9
39 257 4
39 258 4
39 259 5
39 260 5
39 261 5
39 264 5
39 265 5
39 266 8
39 267 9
39 268 9
39 271 5
39 272 5
39 273 6
39 285 5
39 286 9
39 287 9
39 288 9
39 289 9
39 292 1
39 293 1
39 294 8
39 295 9
39 296 9
39 299 5
39 300 6
39 301 6
39 302 6
39 303 8
39 306 0
39 307 0
39 308 0
39 309 0
39 310 6
39 317 1
39 318 1
39 319 1
39 320 2
39 321 2
39 324 9
39 325 9
39 326 9
39 327 9
39 328 9
39 331 1
39 332 8
39 333 8
39 334 6
39 337 5
39 338 8
39 339 8
39 340 8
39 341 8
39 344 2
39 345 2
39 346 5
39 347 5
39 348 6
39 351 2
39 352 2
39 355 5
39 356 5
39 357 4
39 358 4
39 359 4
39 362 1
39 363 2
12 1 3
12 2 3
12 3 5
12 6 3
12 7 5
12 8 5
12 9 5
12 10 5
12 17 0
12 18 3
12 19 4
12 20 5
12 21 5
12 24 5
12 25 5
12 26 4
12 27 4
12 30 5
12 31 4
12 32 5
12 33 4
12 34 5
12 37 3
12 38 5
12 39 5
12 40 3
12 41 3
12 44 5
12 45 5
12 46 5
12 49 0
12 50 0
12 51 1
12 52 0
12 53 0
12 56 5
12 57 5
12 58 5
12 59 5
12 60 5
12 63 5
12 64 5
12 65 5
12 66 5
12 67 5
12 70 3
12 71 5
12 72 3
12 73 5
12 74 5
12 77 1
12 78 1
12 79 0
12 80 5
12 81 5
12 84 5
12 85 5
12 86 5
12 87 5
12 90 4
12 91 4
12 92 4
12 93 5
12 94 5
12 97 3
12 98 5
12 99 6
12 100 6
12 104 4
12 105 5
12 106 5
12 107 5
12 108 5
12 111 1
12 112 5
12 113 5
12 114 5
12 117 5
12 118 5
12 119 6
12 122 0
12 123 1
12 124 5
12 125 5
12 128 5
12 129 6
12 132 0
12 133 5
12 134 5
12 135 5
12 136 6
12 139 0
12 140 5
12 141 5
12 142 5
12 143 6
12 148 5
12 149 5
12 150 5
12 151 5
12 154 5
12 155 5
12 156 5
12 157 5
12 158 5
12 161 5
12 162 5
12 163 5
12 164 5
12 165 5
12 168 5
12 169 5
12 170 5
12 171 5
12 172 5
12 175 0
12 176 0
12 177 0
12 178 0
12 179 5
12 188 5
12 189 5
12 190 6
12 191 6
12 192 6
12 195 5
12 196 5
12 199 0
12 200 5
12 201 4
12 202 6
12 203 6
12 210 5
12 211 5
12 212 5
12 213 5
12 214 5
12 217 5
12 218 5
12 219 6
12 220 6
12 221 6
12 224 3
12 225 5
12 226 5
12 227 5
12 228 5
12 231 5
12 232 3
12 233 5
12 234 5
12 235 5
12 238 5
12 239 5
12 240 5
12 241 5
12 242 5
12 245 0
12 246 0
12 247 0
12 248 0
12 249 6
12 252 1
12 253 1
12 254 1
12 255 1
12 256 1
12 260 5
12 261 5
12 262 5
12 263 5
12 264 5
12 280 5
12 281 5
12 282 5
12 283 5
12 284 5
12 287 5
12 288 5
12 289 3
12 290 3
12 291 3
12 294 0
12 295 5
12 296 5
12 297 5
12 298 5
12 301 5
12 302 5
12 303 5
12 304 5
12 305 5
12 308 0
12 309 0
12 310 6
12 311 6
12 312 6
12 315 5
12 316 5
12 317 5
12 318 5
12 319 5
12 322 5
12 323 5
12 324 5
12 325 5
12 326 5
12 329 0
12 330 0
12 331 0
12 332 0
12 333 0
12 336 0
12 337 0
12 338 5
12 339 5
12 340 5
12 343 5
12 344 5
12 345 5
12 346 5
12 347 6
12 350 0
12 351 5
12 352 5
12 353 5
12 356 0
12 357 0
12 358 0
12 359 0
12 360 0
12 363 0
3 0 0
3 1 1
3 2 7
3 3 7
3 4 7
3 7 0
3 8 0
3 9 0
3 10 0
3 11 0
3 14 0
3 15 1
3 16 0
3 17 0
3 22 1
3 23 0
3 24 1
3 25 9
3 26 9
3 29 1
3 30 1
3 31 1
3 32 0
3 35 0
3 36 1
3 37 1
3 38 2
3 39 7
3 42 1
3 43 0
3 44 0
3 45 0
3 46 1
3 49 3
3 50 3
3 53 1
3 54 6
3 55 6
3 56 6
3 57 9
3 61 0
3 62 0
3 63 3
3 64 3
3 65 9
3 70 5
3 71 5
3 72 5
3 73 6
3 74 9
3 77 0
3 78 0
3 79 0
3 80 6
3 81 6
3 84 0
3 85 0
3 86 0
3 87 0
3 88 5
3 92 0
3 93 3
3 94 6
3 98 0
3 99 0
3 100 0
3 101 0
3 106 7
3 107 7
3 108 6
3 109 7
3 112 0
3 113 0
3 114 2
3 115 1
3 116 6
3 119 1
3 120 2
3 121 2
3 124 0
3 125 0
3 126 0
3 127 0
3 128 0
3 131 5
3 132 5
3 133 6
3 136 2
3 137 1
3 138 9
3 139 9
3 140 9
3 143 0
3 144 3
3 145 3
3 146 3
3 149 1
3 150 2
3 151 0
3 152 1
3 153 5
3 156 2
3 157 2
3 158 2
3 159 0
3 160 5
3 168 5
3 169 5
3 170 5
3 171 7
3 172 7
3 175 3
3 176 3
3 177 3
3 178 3
3 179 9
3 182 1
3 183 2
3 184 9
3 185 9
3 193 2
3 194 3
3 195 3
3 196 6
3 197 6
3 200 1
3 201 2
3 202 9
3 203 9
3 204 9
3 207 1
3 208 1
3 209 9
3 210 9
3 211 9
3 214 1
3 215 5
3 216 7
3 217 7
3 218 6
3 221 1
3 222 4
3 223 7
3 224 6
3 225 6
3 228 2
3 229 9
3 230 9
3 231 9
3 232 9
3 235 3
3 236 3
3 237 3
3 238 3
3 239 6
3 242 3
3 243 4
3 244 4
3 245 4
3 252 0
3 253 0
3 254 5
3 255 5
3 256 5
3 259 2
3 260 1
3 261 2
3 262 5
3 263 6
3 266 0
3 267 9
3 268 9
3 269 9
3 272 6
3 273 6
3 276 1
3 277 1
3 280 9
3 281 9
3 282 9
3 283 9
3 284 9
3 287 6
3 288 6
3 289 9
3 290 9
3 291 9
3 294 0
3 295 5
3 296 5
3 297 5
3 298 6
3 301 0
3 302 6
3 303 7
3 304 7
3 312 1
3 313 4
3 314 4
3 315 4
3 316 4
3 319 1
3 320 1
3 321 6
3 322 6
3 323 6
3 326 5
3 327 5
3 328 4
3 329 9
3 330 9
3 333 5
3 334 3
3 335 5
3 336 5
3 337 9
3 340 2
3 341 1
3 342 1
3 343 9
3 346 2
3 347 2
3 348 2
3 349 2
3 350 6
3 354 2
3 355 2
3 356 2
3 357 2
3 358 6
3 362 9
3 363 9
24 1 2
24 2 1
24 3 2
24 4 0
24 5 0
24 8 5
24 9 5
24 10 4
24 11 4
24 12 5
24 15 5
24 16 4
24 17 5
24 18 5
24 19 5
24 33 1
24 34 1
24 35 5
24 36 5
24 37 4
24 40 5
24 41 5
24 42 5
24 43 5
24 44 5
24 47 0
24 48 0
24 49 5
24 50 5
24 51 5
24 54 4
24 55 4
24 56 5
24 57 5
24 58 5
24 61 5
24 62 5
24 63 5
24 64 5
24 65 5
24 68 9
24 69 9
24 70 9
24 71 9
24 72 9
24 75 2
24 76 2
24 77 1
24 78 0
24 79 0
24 82 7
24 83 7
24 84 7
24 85 7
24 89 2
24 90 2
24 91 5
24 92 5
24 93 5
24 96 5
24 97 7
24 98 7
24 99 7
24 100 7
24 103 7
24 104 7
24 105 7
24 106 9
24 107 9
24 110 5
24 111 5
24 112 5
24 113 9
24 116 0
24 117 1
24 118 7
24 119 7
24 120 7
24 123 0
24 124 0
24 125 5
24 126 7
24 136 0
24 137 0
24 140 0
24 141 0
24 142 0
24 143 0
24 144 5
24 147 0
24 148 2
24 149 0
24 150 2
24 151 0
24 154 1
24 155 5
24 156 7
24 157 7
24 158 7
24 161 0
24 162 0
24 163 0
24 164 0
24 165 0
24 168 2
24 169 0
24 170 2
24 171 2
24 172 2
24 175 7
24 176 7
24 177 7
24 178 7
24 179 7
24 182 0
24 183 2
24 184 1
24 185 1
24 186 5
24 189 7
24 190 7
24 191 7
24 192 7
24 193 9
24 196 5
24 197 5
24 198 4
24 199 5
24 200 5
24 203 0
24 204 0
24 205 0
24 206 0
24 207 0
24 210 0
24 211 1
24 212 2
24 213 9
24 214 9
24 217 5
24 218 5
24 219 5
24 220 5
24 221 5
24 224 1
24 225 1
24 226 0
24 227 0
24 228 1
24 231 9
24 232 9
24 233 9
24 234 9
24 235 9
24 238 2
24 239 2
24 240 1
24 243 2
24 244 2
24 245 1
24 257 1
24 258 1
24 261 0
24 262 0
24 263 0
24 264 0
24 267 1
24 268 1
24 269 1
24 270 1
24 273 1
24 274 2
24 275 1
24 276 1
24 277 1
24 280 7
24 281 7
24 282 7
24 283 7
24 284 7
24 287 1
24 288 2
24 289 1
24 290 1
24 291 1
24 295 4
24 296 4
24 297 4
24 298 4
24 299 4
24 302 1
24 303 1
24 304 1
24 305 1
24 306 1
24 309 2
24 310 5
24 311 5
24 312 5
24 313 5
24 316 5
24 317 7
24 318 7
24 319 7
24 322 2
24 323 2
24 324 2
24 325 2
24 326 2
24 329 5
24 330 5
24 331 5
24 332 5
24 333 5
24 336 2
24 337 2
24 338 2
24 339 2
24 342 2
24 343 2
24 344 7
24 345 9
24 348 2
24 349 4
24 350 9
24 353 2
24 354 5
24 355 9
24 358 2
24 359 2
24 360 2
24 361 2
22 0 1
22 1 2
22 2 2
22 3 3
22 6 4
22 7 3
22 8 9
22 9 9
22 12 3
22 13 5
22 14 5
22 15 5
22 16 5
22 31 5
22 32 5
22 33 5
22 34 4
22 35 9
22 38 0
22 39 2
22 40 3
22 41 3
22 42 9
22 45 1
22 46 1
22 47 3
22 48 5
22 49 9
22 54 4
22 55 4
22 56 4
22 57 4
22 58 9
22 61 0
22 62 3
22 63 9
22 64 9
22 65 9
22 68 3
22 69 5
22 70 9
22 71 9
22 81 3
22 82 9
22 83 9
22 84 9
22 88 1
22 89 5
22 90 3
22 91 4
22 92 9
22 95 3
22 96 3
22 97 9
22 100 2
22 101 3
22 102 9
22 105 1
22 106 1
22 107 1
22 108 1
22 109 3
22 114 0
22 115 1
22 116 5
22 117 5
22 118 5
22 121 4
22 122 4
22 123 9
22 126 3
22 127 3
22 128 5
22 129 5
22 130 5
22 133 4
22 134 4
22 135 4
22 136 4
22 137 4
22 140 3
22 141 3
22 142 3
22 143 3
22 144 9
22 147 5
22 148 3
22 149 3
22 150 9
22 151 9
22 154 3
22 155 3
22 156 3
22 157 3
22 158 3
22 161 1
22 162 1
22 163 1
22 164 1
22 165 1
22 168 3
22 169 3
22 170 3
22 171 3
22 172 3
22 175 2
22 176 1
22 177 1
22 178 2
22 179 1
22 182 3
22 183 3
22 184 3
22 185 3
22 186 9
22 189 0
22 190 1
22 191 0
22 192 0
22 193 9
22 196 3
22 197 3
22 198 3
22 199 3
22 200 3
22 203 5
22 204 5
22 205 5
22 206 3
22 207 3
22 210 2
22 211 2
22 212 0
22 213 0
22 214 0
22 217 0
22 218 0
22 219 1
22 220 0
22 221 0
22 224 3
22 225 3
22 226 9
22 227 9
22 228 9
22 231 2
22 232 1
22 233 0
22 234 1
22 235 1
22 238 4
22 239 3
22 240 9
22 241 9
22 242 9
22 245 3
22 246 3
22 247 9
22 248 9
22 249 9
22 252 3
22 253 3
22 254 3
22 255 3
22 256 9
22 259 0
22 260 0
22 261 9
22 267 0
22 268 1
22 271 1
22 272 3
22 273 9
22 280 9
22 281 9
22 282 9
22 283 9
22 284 9
22 287 3
22 288 3
22 289 3
22 290 3
22 291 3
22 294 3
22 295 3
22 296 3
22 297 4
22 298 4
22 301 2
22 302 2
22 303 2
22 304 2
22 305 2
22 308 0
22 309 3
22 310 3
22 311 3
22 312 5
22 315 9
22 316 9
22 317 9
22 318 9
22 319 9
22 322 1
22 323 1
22 324 1
22 325 3
22 326 9
22 329 3
22 330 9
22 331 9
22 334 3
22 335 9
22 338 3
22 339 3
22 340 3
22 341 3
22 342 9
22 345 2
22 346 0
22 347 0
22 348 3
22 349 9
22 352 0
22 353 0
22 354 1
22 355 0
22 358 0
22 359 0
22 360 2
22 361 4
22 362 4
43 0 2
43 1 9
43 20 0
43 21 0
43 22 0
43 23 8
43 24 6
43 27 0
43 28 8
43 29 8
43 30 7
43 33 8
43 34 8
43 47 2
43 48 0
43 49 2
43 50 3
43 51 3
43 54 3
43 55 3
43 56 9
43 57 9
43 61 2
43 62 0
43 75 2
43 76 6
43 77 6
43 78 8
43 81 0
43 82 5
43 83 5
43 84 6
43 85 6
43 92 6
43 93 8
43 94 8
43 99 2
43 100 7
43 103 0
43 104 3
43 107 7
43 108 7
43 109 7
43 110 7
43 115 8
43 116 7
43 117 9
43 123 6
43 124 7
43 125 7
43 126 7
43 127 7
43 131 8
43 132 8
43 133 8
43 134 6
43 139 2
43 140 0
43 141 2
43 142 6
43 146 6
43 147 8
43 153 0
43 154 2
43 155 7
43 159 6
43 160 7
43 166 7
43 167 7
43 180 0
43 181 2
43 187 2
43 188 2
43 194 6
43 195 7
43 199 2
43 200 2
43 201 0
43 202 0
43 208 8
43 209 9
43 210 9
43 213 2
43 214 0
43 215 4
43 216 4
43 217 6
43 222 3
43 223 5
43 234 2
43 235 2
43 236 0
43 239 5
43 240 6
43 243 6
43 244 6
43 248 2
43 249 2
43 250 2
43 251 2
43 252 0
43 256 0
43 257 3
43 258 4
43 264 0
43 265 3
43 271 0
43 272 8
43 273 8
43 277 2
43 278 8
43 283 0
43 284 4
43 285 8
43 286 6
43 289 2
43 290 6
43 293 2
43 294 0
43 298 0
43 299 8
43 300 8
43 304 4
43 305 4
43 306 4
43 307 9
43 308 9
43 313 2
43 314 2
43 315 2
43 322 5
43 323 5
43 324 7
43 325 7
43 326 6
43 337 0
43 338 0
43 339 0
43 362 0
43 363 0
19 0 0
19 1 0
19 2 8
19 11 2
19 12 7
19 15 8
19 16 7
19 17 7
19 18 8
19 19 7
19 22 8
19 23 8
19 24 7
19 25 8
19 26 7
19 29 2
19 30 1
19 31 7
19 32 7
19 33 8
19 36 9
19 37 9
19 46 2
19 47 0
19 48 5
19 49 7
19 50 7
19 53 0
19 54 0
19 55 8
19 56 8
19 57 8
19 60 5
19 61 9
19 62 9
19 63 9
19 64 9
19 67 1
19 68 0
19 69 0
19 70 2
19 71 1
19 74 9
19 75 9
19 76 9
19 77 9
19 78 9
19 81 1
19 82 2
19 83 9
19 84 9
19 85 9
19 88 0
19 89 5
19 90 8
19 91 7
19 92 8
19 95 1
19 96 2
19 97 0
19 101 5
19 102 5
19 103 5
19 104 5
19 107 5
19 108 5
19 112 5
19 113 5
19 114 5
19 115 5
19 116 5
19 119 8
19 120 8
19 121 8
19 122 8
19 123 8
19 126 5
19 127 5
19 128 7
19 129 7
19 130 7
19 133 1
19 134 2
19 135 2
19 136 5
19 137 8
19 140 5
19 141 5
19 142 5
19 143 7
19 144 7
19 147 8
19 148 8
19 149 8
19 150 8
19 151 8
19 165 5
19 166 5
19 167 5
19 168 7
19 171 0
19 172 1
19 173 8
19 176 8
19 177 8
19 178 7
19 179 8
19 182 5
19 183 9
19 184 9
19 185 9
19 186 9
19 189 5
19 190 5
19 191 5
19 192 5
19 193 5
19 196 1
19 197 2
19 198 2
19 199 2
19 200 5
19 203 5
19 204 5
19 205 5
19 206 5
19 207 5
19 210 8
19 211 8
19 212 8
19 213 8
19 214 8
19 217 2
19 218 2
19 219 2
19 220 1
19 221 2
19 224 1
19 225 1
19 226 1
19 227 1
19 228 1
19 231 1
19 232 1
19 233 1
19 234 5
19 235 5
19 238 5
19 239 5
19 240 5
19 241 5
19 242 9
19 245 5
19 246 5
19 247 5
19 248 5
19 249 5
19 253 5
19 254 5
19 255 5
19 256 5
19 257 5
19 264 5
19 265 5
19 268 8
19 269 8
19 270 8
19 273 5
19 274 5
19 275 5
19 276 5
19 277 5
19 280 5
19 281 5
19 282 5
19 283 5
19 284 5
19 287 5
19 288 7
19 289 7
19 290 7
19 291 7
19 294 2
19 295 2
19 296 2
19 297 2
19 298 9
19 301 5
19 302 9
19 303 9
19 304 9
19 305 9
19 308 5
19 309 5
19 310 5
19 311 5
19 312 5
19 315 5
19 316 5
19 317 8
19 318 8
19 319 9
19 322 5
19 323 5
19 324 5
19 325 5
19 326 5
19 329 2
19 330 2
19 331 2
19 332 2
19 333 2
19 336 0
19 337 5
19 338 5
19 339 8
19 340 8
19 343 2
19 344 5
19 345 7
19 346 9
19 347 9
19 350 2
19 351 1
19 352 1
19 353 1
19 354 9
19 357 8
19 358 8
19 359 8
19 360 7
19 361 9
0 1 1
0 2 1
0 3 1
0 4 1
0 7 4
0 8 4
0 9 4
0 10 4
0 13 4
0 14 8
0 15 8
0 16 7
0 17 7
0 20 7
0 21 7
0 22 8
0 23 7
0 26 4
0 27 4
0 28 4
0 29 4
0 32 4
0 33 7
0 34 7
0 35 7
0 38 0
0 39 0
0 40 4
0 41 4
0 42 8
0 45 4
0 46 4
0 49 4
0 50 4
0 51 4
0 52 4
0 53 4
0 56 1
0 57 1
0 58 1
0 59 1
0 60 8
0 63 8
0 64 8
0 65 8
0 66 7
0 67 7
0 70 1
0 71 0
0 72 7
0 73 7
0 74 7
0 77 7
0 78 7
0 79 7
0 80 7
0 81 7
0 85 0
0 86 0
0 87 1
0 95 0
0 96 0
0 97 0
0 98 8
0 101 4
0 102 4
0 103 4
0 104 4
0 105 7
0 112 8
0 113 8
0 114 8
0 115 7
0 119 8
0 120 8
0 121 8
0 122 7
0 123 7
0 128 1
0 129 0
0 130 7
0 133 1
0 134 1
0 135 7
0 136 7
0 137 7
0 140 8
0 141 8
0 142 8
0 143 8
0 144 8
0 147 9
0 148 9
0 149 9
0 150 9
0 151 9
0 154 9
0 155 9
0 156 9
0 157 9
0 158 9
0 161 1
0 162 0
0 163 0
0 164 0
0 165 0
0 168 4
0 169 4
0 170 4
0 171 4
0 172 4
0 175 4
0 176 4
0 177 8
0 178 8
0 179 7
0 182 4
0 183 4
0 184 8
0 185 8
0 186 7
0 189 9
0 190 9
0 191 9
0 192 9
0 193 9
0 196 4
0 197 7
0 198 8
0 199 8
0 200 8
0 203 9
0 204 9
0 205 9
0 206 9
0 207 9
0 210 9
0 211 9
0 212 9
0 213 9
0 214 9
0 217 1
0 218 1
0 221 4
0 222 8
0 223 8
0 224 7
0 228 4
0 229 4
0 230 4
0 231 4
0 232 7
0 235 4
0 236 4
0 237 4
0 238 9
0 239 9
0 242 1
0 243 7
0 244 7
0 245 7
0 246 8
0 249 1
0 250 9
0 251 9
0 252 9
0 253 9
0 256 7
0 257 8
0 258 8
0 259 8
0 262 4
0 263 4
0 264 4
0 265 9
0 266 9
0 279 0
0 280 0
0 281 0
0 282 4
0 283 4
0 286 4
0 287 4
0 288 4
0 289 8
0 290 8
0 293 0
0 294 7
0 295 7
0 296 7
0 297 7
0 300 0
0 301 0
0 302 1
0 303 8
0 304 8
0 307 8
0 308 8
0 309 8
0 310 9
0 311 9
0 314 0
0 315 0
0 316 0
0 317 1
0 318 1
0 321 0
0 322 0
0 323 0
0 324 8
0 325 8
0 328 0
0 329 9
0 330 9
0 331 9
0 332 9
0 335 0
0 336 8
0 337 8
0 338 7
0 346 0
0 347 0
0 348 7
0 351 4
0 352 4
0 353 4
0 354 4
0 355 4
0 358 7
0 359 7
0 362 4
0 363 8
9 2 1
9 3 3
9 4 3
9 5 3
9 8 1
9 9 0
9 10 0
9 11 1
9 12 7
9 15 0
9 16 0
9 17 1
9 20 3
9 21 7
9 22 7
9 25 8
9 26 8
9 27 6
9 28 7
9 31 2
9 32 3
9 33 8
9 34 8
9 35 7
9 38 7
9 39 6
9 40 7
9 41 8
9 42 7
9 45 3
9 46 3
9 47 6
9 48 7
9 49 6
9 52 8
9 53 8
9 54 8
9 55 7
9 58 3
9 59 3
9 60 3
9 61 7
9 62 7
9 65 2
9 66 1
9 67 1
9 70 7
9 71 7
9 72 8
9 73 7
9 74 7
9 77 2
9 78 2
9 79 0
9 80 1
9 81 2
9 84 0
9 85 0
9 86 1
9 87 1
9 88 1
9 91 0
9 92 6
9 93 6
9 94 6
9 98 0
9 99 0
9 100 0
9 101 0
9 102 1
9 105 1
9 106 0
9 107 0
9 108 0
9 109 0
9 112 2
9 113 2
9 114 0
9 115 0
9 126 1
9 127 1
9 128 1
9 129 1
9 130 7
9 133 6
9 134 8
9 135 8
9 138 0
9 139 0
9 140 2
9 141 2
9 142 0
9 145 1
9 146 0
9 147 3
9 148 3
9 149 6
9 152 0
9 153 0
9 154 0
9 155 1
9 156 6
9 159 0
9 160 6
9 161 6
9 162 6
9 163 6
9 166 0
9 167 0
9 168 1
9 169 0
9 170 6
9 173 7
9 174 7
9 175 7
9 176 6
9 177 6
9 180 8
9 181 8
9 182 6
9 183 7
9 184 7
9 187 1
9 188 0
9 189 6
9 190 6
9 191 6
9 194 1
9 195 1
9 196 2
9 197 2
9 198 8
9 201 1
9 202 2
9 203 1
9 204 1
9 205 7
9 208 7
9 209 7
9 210 7
9 211 7
9 212 7
9 215 0
9 216 0
9 217 6
9 218 7
9 219 8
9 228 0
9 229 7
9 230 7
9 231 7
9 232 8
9 235 1
9 236 1
9 237 1
9 238 7
9 239 7
9 242 2
9 243 1
9 247 0
9 248 6
9 249 6
9 253 2
9 254 2
9 255 2
9 266 2
9 267 2
9 268 2
9 269 3
9 270 6
9 273 2
9 274 2
9 275 2
9 276 2
9 280 2
9 281 2
9 282 2
9 283 2
9 284 2
9 287 2
9 288 2
9 289 2
9 290 2
9 291 2
9 294 2
9 295 2
9 296 2
9 297 2
9 298 3
9 301 2
9 302 2
9 303 2
9 304 2
9 305 2
9 308 1
9 309 1
9 310 0
9 311 0
9 312 0
9 315 2
9 316 2
9 317 2
9 318 2
9 319 6
9 322 1
9 323 1
9 324 1
9 325 1
9 326 1
9 329 8
9 330 7
9 331 8
9 332 7
9 333 6
9 336 3
9 337 8
9 338 7
9 339 7
9 340 6
9 343 3
9 344 3
9 345 7
9 346 7
9 347 6
9 350 3
9 351 6
9 356 7
9 357 7
9 358 6
9 359 6
9 362 3
9 363 6
5 2 4
5 3 4
5 6 0
5 7 0
5 8 1
5 11 0
5 12 0
5 13 1
5 14 0
5 15 0
5 18 1
5 19 1
5 20 1
5 21 5
5 22 6
5 25 0
5 26 3
5 27 3
5 28 3
5 29 3
5 32 4
5 33 6
5 34 6
5 35 6
5 43 0
5 44 0
5 45 5
5 46 3
5 47 4
5 50 0
5 51 0
5 52 0
5 53 3
5 54 3
5 57 0
5 58 0
5 59 1
5 60 1
5 61 0
5 64 1
5 65 0
5 66 0
5 67 5
5 68 5
5 71 1
5 72 1
5 73 0
5 74 6
5 77 5
5 78 5
5 79 5
5 82 0
5 83 0
5 84 1
5 85 1
5 98 1
5 99 1
5 100 1
5 101 1
5 102 1
5 105 1
5 106 0
5 107 3
5 108 3
5 109 3
5 112 1
5 113 6
5 114 6
5 115 6
5 118 3
5 119 5
5 122 5
5 123 5
5 126 1
5 127 0
5 133 0
5 134 0
5 135 0
5 138 0
5 139 3
5 140 3
5 141 3
5 142 3
5 145 0
5 146 0
5 147 3
5 148 3
5 149 3
5 152 3
5 153 3
5 154 3
5 155 3
5 156 3
5 159 6
5 160 6
5 161 6
5 162 6
5 163 6
5 166 3
5 167 5
5 168 3
5 169 3
5 170 6
5 173 3
5 174 3
5 175 6
5 176 6
5 177 6
5 180 1
5 181 1
5 182 0
5 183 0
5 184 3
5 187 3
5 188 3
5 189 3
5 190 6
5 193 3
5 194 3
5 195 3
5 198 4
5 199 4
5 200 4
5 203 3
5 204 3
5 205 3
5 206 6
5 207 6
5 210 1
5 211 1
5 212 1
5 213 3
5 214 3
5 217 4
5 218 3
5 219 6
5 220 6
5 221 6
5 224 1
5 225 1
5 226 1
5 227 3
5 228 6
5 232 0
5 233 4
5 234 3
5 235 6
5 238 3
5 239 3
5 240 6
5 241 6
5 242 6
5 245 1
5 246 1
5 247 1
5 248 1
5 251 3
5 252 3
5 253 3
5 259 3
5 260 3
5 261 3
5 262 3
5 263 6
5 266 1
5 267 5
5 268 3
5 269 3
5 270 6
5 273 0
5 274 0
5 275 0
5 276 3
5 277 6
5 280 0
5 281 0
5 282 0
5 283 1
5 284 0
5 287 0
5 288 0
5 289 0
5 290 0
5 291 0
5 294 6
5 295 6
5 296 6
5 297 6
5 298 6
5 301 1
5 302 1
5 303 3
5 304 3
5 305 3
5 308 4
5 309 3
5 310 3
5 311 3
5 312 3
5 315 3
5 316 3
5 317 3
5 318 3
5 319 3
5 323 3
5 324 4
5 325 4
5 326 4
5 327 3
5 330 0
5 331 0
5 332 3
5 333 3
5 334 6
5 337 3
5 338 3
5 339 3
5 340 3
5 341 6
5 344 1
5 345 6
5 346 6
5 347 6
5 351 0
5 352 6
5 353 6
5 354 6
5 357 1
5 358 1
5 359 3
5 360 3
5 361 6
10 0 2
10 3 2
10 4 2
10 5 2
10 8 2
10 9 6
10 10 6
10 11 6
10 12 6
10 15 2
10 16 2
10 17 2
10 18 2
10 19 2
10 22 2
10 23 2
10 24 2
10 25 2
10 26 6
10 29 2
10 30 2
10 31 2
10 32 2
10 33 2
10 36 6
10 37 6
10 38 6
10 39 6
10 40 6
10 43 2
10 44 2
10 45 2
10 46 6
10 47 6
10 50 2
10 51 2
10 54 2
10 55 2
10 56 2
10 57 6
10 60 6
10 61 6
10 62 6
10 63 6
10 66 2
10 67 2
10 68 3
10 69 3
10 83 6
10 84 6
10 85 6
10 86 6
10 87 6
10 90 2
10 91 3
10 92 3
10 93 3
10 94 3
10 98 3
10 99 3
10 100 3
10 101 3
10 102 3
10 105 3
10 106 3
10 107 3
10 108 3
10 109 3
10 112 3
10 113 3
10 114 3
10 115 3
10 116 3
10 119 3
10 120 3
10 121 3
10 122 3
10 123 3
10 126 3
10 127 3
10 128 3
10 129 3
10 130 3
10 133 3
10 134 3
10 135 3
10 136 3
10 137 3
10 140 3
10 141 3
10 142 3
10 143 3
10 148 3
10 149 3
10 150 3
10 151 3
10 152 3
10 155 3
10 156 3
10 157 3
10 158 3
10 159 3
10 162 2
10 163 2
10 164 2
10 165 3
10 180 2
10 181 3
10 182 3
10 183 6
10 184 6
10 187 3
10 188 3
10 189 6
10 190 6
10 191 6
10 194 3
10 195 3
10 196 3
10 197 3
10 198 3
10 201 3
10 202 3
10 203 3
10 204 3
10 205 3
10 208 3
10 209 3
10 210 6
10 211 6
10 212 6
10 215 3
10 216 3
10 217 3
10 218 3
10 219 3
10 226 2
10 227 3
10 228 3
10 231 3
10 232 3
10 233 3
10 234 3
10 235 3
10 238 3
10 239 3
10 240 3
10 241 3
10 242 3
10 245 3
10 246 3
10 247 3
10 248 3
10 249 3
10 252 2
10 253 2
10 254 2
10 255 3
10 256 3
10 259 2
10 260 2
10 261 3
10 262 3
10 263 3
10 266 3
10 267 3
10 268 3
10 269 3
10 270 3
10 273 3
10 274 3
10 275 3
10 276 3
10 277 3
10 280 3
10 281 3
10 282 3
10 283 3
10 284 3
10 287 3
10 288 3
10 289 3
10 290 3
10 291 3
10 294 2
10 295 2
10 296 2
10 297 3
10 298 3
10 301 3
10 302 3
10 303 3
10 304 3
10 305 3
10 308 3
10 309 3
10 310 3
10 311 3
10 312 3
10 315 3
10 316 3
10 317 3
10 318 3
10 319 3
10 322 3
10 323 3
10 324 3
10 325 3
10 326 3
10 329 2
10 330 3
10 331 3
10 332 3
10 333 3
10 336 6
10 337 6
10 338 6
10 339 6
10 340 6
10 344 3
10 345 3
10 346 3
10 349 3
10 350 3
10 351 3
10 354 2
10 355 2
10 356 3
10 357 3
10 358 6
10 362 3
10 363 3
27 1 1
27 2 3
27 3 4
27 18 1
27 19 0
27 20 0
27 21 1
27 22 5
27 27 5
27 28 4
27 29 4
27 30 3
27 31 5
27 34 2
27 35 3
27 36 3
27 39 5
27 40 3
27 41 4
27 42 3
27 43 7
27 46 0
27 47 4
27 48 5
27 49 6
27 52 6
27 53 6
27 54 6
27 55 6
27 56 7
27 59 0
27 60 0
27 61 4
27 62 4
27 65 0
27 66 0
27 67 3
27 68 6
27 69 7
27 72 2
27 73 2
27 74 4
27 75 4
27 76 3
27 79 1
27 80 2
27 81 0
27 82 1
27 85 1
27 86 3
27 87 7
27 88 6
27 89 7
27 92 0
27 93 6
27 94 6
27 95 6
27 99 5
27 100 5
27 101 7
27 102 7
27 105 6
27 106 6
27 107 6
27 108 7
27 109 7
27 112 0
27 113 0
27 114 3
27 115 6
27 116 6
27 119 5
27 120 5
27 121 6
27 122 6
27 123 6
27 126 2
27 127 0
27 128 2
27 129 0
27 130 6
27 133 0
27 134 0
27 135 0
27 136 0
27 137 6
27 140 2
27 141 0
27 142 0
27 143 0
27 144 0
27 147 0
27 148 0
27 149 2
27 150 3
27 151 3
27 154 2
27 155 2
27 156 2
27 157 2
27 158 5
27 161 5
27 162 5
27 163 5
27 164 7
27 165 7
27 168 5
27 169 5
27 170 7
27 171 6
27 172 7
27 175 4
27 176 4
27 177 4
27 178 4
27 179 4
27 182 0
27 183 0
27 184 2
27 187 2
27 188 5
27 203 5
27 204 5
27 205 7
27 206 7
27 207 7
27 210 5
27 211 5
27 212 5
27 213 5
27 214 5
27 217 2
27 218 2
27 219 2
27 220 2
27 221 6
27 224 0
27 225 0
27 226 0
27 227 0
27 228 5
27 231 2
27 232 2
27 233 5
27 234 7
27 235 7
27 238 5
27 239 5
27 240 5
27 241 7
27 242 7
27 245 5
27 246 5
27 247 5
27 248 6
27 249 6
27 253 2
27 254 1
27 255 0
27 256 2
27 257 0
27 260 0
27 261 2
27 262 2
27 263 2
27 264 6
27 267 0
27 268 2
27 269 2
27 270 5
27 273 7
27 274 7
27 275 7
27 276 7
27 277 7
27 280 5
27 281 5
27 282 6
27 283 6
27 286 1
27 287 5
27 288 5
27 289 5
27 292 5
27 293 5
27 294 7
27 295 7
27 296 6
27 299 5
27 300 5
27 301 6
27 302 6
27 303 6
27 306 5
27 307 5
27 308 6
27 309 6
27 310 7
27 313 0
27 314 5
27 315 6
27 316 7
27 317 7
27 320 0
27 321 2
27 322 7
27 323 7
27 324 6
27 327 0
27 328 0
27 329 6
27 330 6
27 331 6
27 334 0
27 335 0
27 336 0
27 339 5
27 340 5
27 341 5
27 342 5
27 343 4
27 346 2
27 347 0
27 350 0
27 351 3
27 352 3
27 353 3
27 354 3
27 357 2
27 358 0
27 359 0
27 360 0
28 0 6
28 1 6
28 2 6
28 5 1
28 6 8
28 7 8
28 8 8
28 9 8
28 12 2
28 13 1
28 14 8
28 15 6
28 16 6
28 19 1
28 20 1
28 21 3
28 22 3
28 23 3
28 36 2
28 37 2
28 38 1
28 39 1
28 42 2
28 43 1
28 44 6
28 47 1
28 48 1
28 49 1
28 52 2
28 53 1
28 54 1
28 55 1
28 56 8
28 59 1
28 60 1
28 61 1
28 62 1
28 63 8
28 66 6
28 67 8
28 68 8
28 69 8
28 70 8
28 73 1
28 74 1
28 75 1
28 76 1
28 77 6
28 80 3
28 81 8
28 82 8
28 83 8
28 84 8
28 87 2
28 88 3
28 89 6
28 90 6
28 91 6
28 96 1
28 97 1
28 98 2
28 101 2
28 102 3
28 103 3
28 104 6
28 105 6
28 117 3
28 118 3
28 121 2
28 122 2
28 123 8
28 124 8
28 125 8
28 128 8
28 129 8
28 130 8
28 131 6
28 134 2
28 135 3
28 136 3
28 137 6
28 140 3
28 141 3
28 142 3
28 143 3
28 144 3
28 147 2
28 148 2
28 149 2
28 150 2
28 151 2
28 154 2
28 155 1
28 156 1
28 157 1
28 158 1
28 161 3
28 162 3
28 163 6
28 164 6
28 165 8
28 168 1
28 169 1
28 170 1
28 171 1
28 172 6
28 175 3
28 176 3
28 177 3
28 178 3
28 179 6
28 182 6
28 183 6
28 184 6
28 185 8
28 186 8
28 189 2
28 190 2
28 191 2
28 192 8
28 193 8
28 196 3
28 197 3
28 198 3
28 199 3
28 200 8
28 203 8
28 204 8
28 205 8
28 206 6
28 207 6
28 210 3
28 211 3
28 212 3
28 213 6
28 214 6
28 217 1
28 218 1
28 219 2
28 220 2
28 221 6
28 224 6
28 225 6
28 226 8
28 227 8
28 228 8
28 231 2
28 232 2
28 233 6
28 234 6
28 235 8
28 238 1
28 239 1
28 240 1
28 241 2
28 242 2
28 245 1
28 246 2
28 247 2
28 248 1
28 249 1
28 252 3
28 253 8
28 254 8
28 255 8
28 256 6
28 259 2
28 260 2
28 261 6
28 262 6
28 263 6
28 266 3
28 267 3
28 268 6
28 269 6
28 270 8
28 273 3
28 274 3
28 275 3
28 276 3
28 277 8
28 280 3
28 281 3
28 282 3
28 283 3
28 284 3
28 287 2
28 288 2
28 289 1
28 290 1
28 291 3
28 294 3
28 295 3
28 296 3
28 297 8
28 298 8
28 301 3
28 302 3
28 303 3
28 304 3
28 305 8
28 308 2
28 309 1
28 310 1
28 311 1
28 312 1
28 315 3
28 316 3
28 317 8
28 318 6
28 319 6
28 323 2
28 324 6
28 325 6
28 326 6
28 327 8
28 339 2
28 340 2
28 341 2
28 342 3
28 343 8
28 346 2
28 347 1
28 348 6
28 349 6
28 350 6
28 353 3
28 354 3
28 355 6
28 356 8
28 362 2
28 363 2
15 1 2
15 2 7
15 3 6
15 4 6
15 7 0
15 8 0
15 9 7
15 12 6
15 13 7
15 14 7
15 15 7
15 30 3
15 31 3
15 32 6
15 35 2
15 36 0
15 37 0
15 38 1
15 41 0
15 42 0
15 43 0
15 44 0
15 45 0
15 48 1
15 49 1
15 50 0
15 51 0
15 52 0
15 56 3
15 57 3
15 58 6
15 59 6
15 60 6
15 63 3
15 64 3
15 65 7
15 66 6
15 67 6
15 70 3
15 71 3
15 72 3
15 73 3
15 74 3
15 77 3
15 78 3
15 79 3
15 80 3
15 81 3
15 84 3
15 85 3
15 86 3
15 87 3
15 88 3
15 91 2
15 92 2
15 93 0
15 94 0
15 95 0
15 98 2
15 99 1
15 100 2
15 101 6
15 102 6
15 105 0
15 106 0
15 107 1
15 108 0
15 109 2
15 112 2
15 113 2
15 114 2
15 115 2
15 118 3
15 119 6
15 126 1
15 127 7
15 128 7
15 131 3
15 132 3
15 133 6
15 134 6
15 135 7
15 138 0
15 139 3
15 140 6
15 141 6
15 142 6
15 145 3
15 146 3
15 147 3
15 148 6
15 149 6
15 152 6
15 153 6
15 154 6
15 155 6
15 156 6
15 159 0
15 160 3
15 161 6
15 162 6
15 163 6
15 166 3
15 167 3
15 168 3
15 169 3
15 170 3
15 173 1
15 174 0
15 175 2
15 176 0
15 177 0
15 180 2
15 181 0
15 182 2
15 183 0
15 184 6
15 187 7
15 188 7
15 189 7
15 190 6
15 191 7
15 194 0
15 195 3
15 196 6
15 197 6
15 198 6
15 201 2
15 202 1
15 203 2
15 204 0
15 205 1
15 208 2
15 209 2
15 210 1
15 211 1
15 212 1
15 215 1
15 216 1
15 217 3
15 218 7
15 219 7
15 222 3
15 223 3
15 224 7
15 225 7
15 226 6
15 229 3
15 230 3
15 231 3
15 232 3
15 233 6
15 236 6
15 237 6
15 238 6
15 245 1
15 246 6
15 247 6
15 248 6
15 249 7
15 252 3
15 253 3
15 254 7
15 255 7
15 256 7
15 259 0
15 260 0
15 261 0
15 262 0
15 263 0
15 266 2
15 267 2
15 268 2
15 269 3
15 270 7
15 273 0
15 274 0
15 275 0
15 276 0
15 277 0
15 280 0
15 281 0
15 282 2
15 283 2
15 284 2
15 287 0
15 288 0
15 289 0
15 290 0
15 291 1
15 294 1
15 295 6
15 296 7
15 297 7
15 298 7
15 301 1
15 302 6
15 303 6
15 306 2
15 307 1
15 308 2
15 309 2
15 310 1
15 313 1
15 314 1
15 315 1
15 324 1
15 325 0
15 326 0
15 327 6
15 328 7
15 331 1
15 332 6
15 333 7
15 336 2
15 337 1
15 338 2
15 339 2
15 340 7
15 343 1
15 344 1
15 345 1
15 346 1
15 349 2
15 350 2
15 351 2
15 354 2
15 355 2
15 358 0
15 359 2
15 362 1
15 363 1
4 0 7
4 3 4
4 4 3
4 5 9
4 6 9
4 9 6
4 10 7
4 11 6
4 12 7
4 13 6
4 17 6
4 18 6
4 19 6
4 20 6
4 21 7
4 24 3
4 25 6
4 26 6
4 27 6
4 28 9
4 31 1
4 32 7
4 33 9
4 34 9
4 35 9
4 38 9
4 39 9
4 40 9
4 41 9
4 44 1
4 45 6
4 46 6
4 47 6
4 48 6
4 51 1
4 52 3
4 55 3
4 56 4
4 57 6
4 58 9
4 61 1
4 62 1
4 63 6
4 64 6
4 65 6
4 68 3
4 69 3
4 70 6
4 71 7
4 72 7
4 75 1
4 76 6
4 77 7
4 78 7
4 79 6
4 82 9
4 83 9
4 84 9
4 85 9
4 88 3
4 89 4
4 90 3
4 91 3
4 92 6
4 96 3
4 97 3
4 98 6
4 99 6
4 100 6
4 103 4
4 104 4
4 105 4
4 106 7
4 107 7
4 110 4
4 111 4
4 112 7
4 113 7
4 117 6
4 118 6
4 119 9
4 120 9
4 123 4
4 124 7
4 125 7
4 126 9
4 141 4
4 142 4
4 143 4
4 144 4
4 145 9
4 148 3
4 149 3
4 150 4
4 151 4
4 154 4
4 155 4
4 156 4
4 157 4
4 158 4
4 161 4
4 162 4
4 163 4
4 164 4
4 165 4
4 168 3
4 169 3
4 170 4
4 171 4
4 172 3
4 175 7
4 176 7
4 177 7
4 178 7
4 179 7
4 182 4
4 183 4
4 184 4
4 185 4
4 186 4
4 189 4
4 190 4
4 191 4
4 192 4
4 193 4
4 196 1
4 197 1
4 198 1
4 199 1
4 200 1
4 205 4
4 206 4
4 207 4
4 208 4
4 209 4
4 213 1
4 214 4
4 217 4
4 218 4
4 219 4
4 220 4
4 221 4
4 224 4
4 225 4
4 226 4
4 227 4
4 228 4
4 231 4
4 232 4
4 233 7
4 234 7
4 235 7
4 238 4
4 239 4
4 240 4
4 241 4
4 242 4
4 245 4
4 246 4
4 247 4
4 248 4
4 249 4
4 252 9
4 253 9
4 254 9
4 255 9
4 256 9
4 259 4
4 260 7
4 261 7
4 262 7
4 263 7
4 266 4
4 267 4
4 268 4
4 269 4
4 270 4
4 273 7
4 274 9
4 275 9
4 276 9
4 277 9
4 280 4
4 281 4
4 282 4
4 283 4
4 284 4
4 287 7
4 288 7
4 303 4
4 304 4
4 305 4
4 306 7
4 307 6
4 310 3
4 311 3
4 312 4
4 313 7
4 314 7
4 317 4
4 318 4
4 319 4
4 320 4
4 321 4
4 324 4
4 325 4
4 326 4
4 327 7
4 328 7
4 331 4
4 332 4
4 333 4
4 334 4
4 335 4
4 338 4
4 339 4
4 340 4
4 343 4
4 344 4
4 345 4
4 346 4
4 347 6
4 350 7
4 351 7
4 352 7
4 353 7
4 354 7
4 357 9
4 358 9
4 359 9
4 362 4
4 363 4
8 3 8
8 4 8
8 5 9
8 6 9
8 7 9
8 11 2
8 12 5
8 13 3
8 14 6
8 15 6
8 19 2
8 20 2
8 21 2
8 22 2
8 23 2
8 28 6
8 29 6
8 30 6
8 31 6
8 32 6
8 43 8
8 44 8
8 45 8
8 46 8
8 49 8
8 50 6
8 51 8
8 52 8
8 53 6
8 56 2
8 57 4
8 58 4
8 59 4
8 60 4
8 63 4
8 64 4
8 65 4
8 66 4
8 67 4
8 70 8
8 71 6
8 72 6
8 73 9
8 77 8
8 78 8
8 79 8
8 80 8
8 81 8
8 85 2
8 86 2
8 87 9
8 88 9
8 93 2
8 94 6
8 95 6
8 96 6
8 97 6
8 100 5
8 101 6
8 105 2
8 106 2
8 107 5
8 108 5
8 109 5
8 112 5
8 113 5
8 114 5
8 115 5
8 116 5
8 119 5
8 120 5
8 121 5
8 122 5
8 123 5
8 126 2
8 127 2
8 128 2
8 129 2
8 130 5
8 133 2
8 134 2
8 135 9
8 136 9
8 137 9
8 140 5
8 141 5
8 142 5
8 143 5
8 144 5
8 147 5
8 148 5
8 149 5
8 150 5
8 151 5
8 154 5
8 155 5
8 156 5
8 157 5
8 158 5
8 161 5
8 162 5
8 163 5
8 164 9
8 165 9
8 168 8
8 169 8
8 170 8
8 171 8
8 172 8
8 175 5
8 176 5
8 177 6
8 178 6
8 179 6
8 182 8
8 183 8
8 184 8
8 185 6
8 186 6
8 189 5
8 190 5
8 191 5
8 192 5
8 193 5
8 196 5
8 197 8
8 198 8
8 201 2
8 202 2
8 203 2
8 206 5
8 207 5
8 208 5
8 209 5
8 210 8
8 213 2
8 214 2
8 215 8
8 216 8
8 219 2
8 220 2
8 221 5
8 222 5
8 223 8
8 230 5
8 231 5
8 232 8
8 233 8
8 234 8
8 237 5
8 238 5
8 239 5
8 240 5
8 241 6
8 244 5
8 245 5
8 246 6
8 247 6
8 248 6
8 251 5
8 252 5
8 253 3
8 254 8
8 255 8
8 258 2
8 259 5
8 260 8
8 261 8
8 262 8
8 265 2
8 266 5
8 267 8
8 268 8
8 269 8
8 272 5
8 273 9
8 274 9
8 275 9
8 276 9
8 291 5
8 292 5
8 293 8
8 294 8
8 295 8
8 298 2
8 299 5
8 300 5
8 301 9
8 302 9
8 305 2
8 306 5
8 307 5
8 308 4
8 309 4
8 312 4
8 313 3
8 314 5
8 315 5
8 316 8
8 319 2
8 320 2
8 321 9
8 322 9
8 323 9
8 326 5
8 327 6
8 328 6
8 329 6
8 330 6
8 333 5
8 334 5
8 335 5
8 336 9
8 337 9
8 340 5
8 341 5
8 342 6
8 343 6
8 346 3
8 347 3
8 348 3
8 349 5
8 350 5
8 353 5
8 354 5
8 355 5
8 356 9
8 357 9
8 360 5
8 361 5
8 362 5
8 363 5
29 0 5
29 1 5
29 2 5
29 3 5
29 4 5
29 7 3
29 8 3
29 9 5
29 10 5
29 11 3
29 14 3
29 15 3
29 16 3
29 17 3
29 20 0
29 21 1
29 22 0
29 23 0
29 24 2
29 27 5
29 28 5
29 29 5
29 30 5
29 33 0
29 34 0
29 35 1
29 38 5
29 39 9
29 40 9
29 43 3
29 44 3
29 45 3
29 60 0
29 61 5
29 62 5
29 63 6
29 64 6
29 67 1
29 68 5
29 69 5
29 70 5
29 71 5
29 74 5
29 75 5
29 76 9
29 77 9
29 78 9
29 81 5
29 82 5
29 83 5
29 84 5
29 87 2
29 88 5
29 89 9
29 92 2
29 93 2
29 94 2
29 95 1
29 98 5
29 99 5
29 100 5
29 101 5
29 102 5
29 105 2
29 106 1
29 107 2
29 108 1
29 109 5
29 112 9
29 113 9
29 114 9
29 115 9
29 118 5
29 119 5
29 120 6
29 121 6
29 122 6
29 125 9
29 126 9
29 127 9
29 128 9
29 129 9
29 132 5
29 133 5
29 134 9
29 135 9
29 136 9
29 139 5
29 140 5
29 141 9
29 142 9
29 143 9
29 147 5
29 148 9
29 149 9
29 150 9
29 151 9
29 154 5
29 155 5
29 156 5
29 157 5
29 158 5
29 161 5
29 162 5
29 163 9
29 164 9
29 165 9
29 168 5
29 169 5
29 170 9
29 171 9
29 172 9
29 175 5
29 176 5
29 177 5
29 178 5
29 179 9
29 182 6
29 183 6
29 184 6
29 185 6
29 186 6
29 189 9
29 190 9
29 191 9
29 192 9
29 193 9
29 196 0
29 197 0
29 198 0
29 199 0
29 200 5
29 203 5
29 204 5
29 205 5
29 206 5
29 207 5
29 210 5
29 211 5
29 212 5
29 213 5
29 214 5
29 217 5
29 218 5
29 219 6
29 220 6
29 221 9
29 231 6
29 232 6
29 233 6
29 234 6
29 235 9
29 238 5
29 239 5
29 240 5
29 241 5
29 242 5
29 245 5
29 246 5
29 247 5
29 248 5
29 251 9
29 252 9
29 253 9
29 256 2
29 257 1
29 258 5
29 259 6
29 260 6
29 263 2
29 264 2
29 265 5
29 268 1
29 269 5
29 270 9
29 271 9
29 272 9
29 275 0
29 276 9
29 277 9
29 280 0
29 281 0
29 282 0
29 283 0
29 284 2
29 287 2
29 288 2
29 289 2
29 290 2
29 291 5
29 294 5
29 295 5
29 296 6
29 297 6
29 298 6
29 301 6
29 302 6
29 303 6
29 304 9
29 305 9
29 308 5
29 309 5
29 310 5
29 311 9
29 312 9
29 315 1
29 316 1
29 317 2
29 318 2
29 319 2
29 322 9
29 323 9
29 324 9
29 325 9
29 328 1
29 329 5
29 330 5
29 331 5
29 332 6
29 335 2
29 336 2
29 337 6
29 341 0
29 342 1
29 343 0
29 344 5
29 345 6
29 359 5
29 360 5
29 361 5
29 362 9
29 363 9
17 0 3
17 1 3
17 2 3
17 3 3
17 4 6
17 7 3
17 8 3
17 9 3
17 10 3
17 11 3
17 14 4
17 15 4
17 16 3
17 17 4
17 18 8
17 21 1
17 22 3
17 23 3
17 24 3
17 25 3
17 28 3
17 29 3
17 30 8
17 31 8
17 32 8
17 35 3
17 36 3
17 37 3
17 38 3
17 39 3
17 42 3
17 43 3
17 44 3
17 45 3
17 46 6
17 49 0
17 50 0
17 51 2
17 52 4
17 55 0
17 56 0
17 57 8
17 58 8
17 59 8
17 62 0
17 63 1
17 64 1
17 65 1
17 66 1
17 69 0
17 70 0
17 71 0
17 72 0
17 73 1
17 76 0
17 77 2
17 80 6
17 81 6
17 82 6
17 83 6
17 84 6
17 87 0
17 88 0
17 89 0
17 90 4
17 94 2
17 95 8
17 96 8
17 97 8
17 100 1
17 101 0
17 102 3
17 103 3
17 104 3
17 108 1
17 109 6
17 110 6
17 111 6
17 112 6
17 115 0
17 116 0
17 117 4
17 118 4
17 134 0
17 135 0
17 136 0
17 137 0
17 140 2
17 141 0
17 142 0
17 143 0
17 144 0
17 147 0
17 148 2
17 149 0
17 150 1
17 151 0
17 154 1
17 155 1
17 156 1
17 157 1
17 158 4
17 161 4
17 162 4
17 163 7
17 164 7
17 169 2
17 170 2
17 171 2
17 174 2
17 175 6
17 176 6
17 184 0
17 185 0
17 186 2
17 187 1
17 190 8
17 191 8
17 195 1
17 196 6
17 197 6
17 198 6
17 201 0
17 202 6
17 203 6
17 206 0
17 207 1
17 208 0
17 209 0
17 210 0
17 213 2
17 214 2
17 215 2
17 216 7
17 217 7
17 220 1
17 221 1
17 222 0
17 223 0
17 224 6
17 227 2
17 228 1
17 229 7
17 230 7
17 231 7
17 237 1
17 238 1
17 239 1
17 240 1
17 241 1
17 245 1
17 246 1
17 247 1
17 248 1
17 249 3
17 252 2
17 253 2
17 254 2
17 255 2
17 256 6
17 259 1
17 260 0
17 261 2
17 262 1
17 263 1
17 266 8
17 267 8
17 268 8
17 269 8
17 270 6
17 273 4
17 274 4
17 275 4
17 276 4
17 277 7
17 280 7
17 281 7
17 282 7
17 283 6
17 284 6
17 287 1
17 288 4
17 289 4
17 290 4
17 291 6
17 294 0
17 295 0
17 296 1
17 297 1
17 298 1
17 301 0
17 302 0
17 303 0
17 304 2
17 305 2
17 308 2
17 309 0
17 310 3
17 311 4
17 312 3
17 315 6
17 316 6
17 317 6
17 320 1
17 321 2
17 324 2
17 325 2
17 326 2
17 327 2
17 328 2
17 331 2
17 332 2
17 333 2
17 334 2
17 335 3
17 339 2
17 340 1
17 341 1
17 342 3
17 343 3
17 348 2
17 349 8
17 350 8
17 351 8
17 352 6
17 355 2
17 356 1
17 357 2
17 360 2
17 361 2
17 362 6
17 363 7
46 7 8
46 8 8
46 13 2
46 14 2
46 15 4
46 16 4
46 17 4
46 22 4
46 23 4
46 24 7
46 25 7
46 28 0
46 29 0
46 38 2
46 39 4
46 40 4
46 41 4
46 42 8
46 46 0
46 47 0
46 48 0
46 49 8
46 60 8
46 61 7
46 62 8
46 68 4
46 69 4
46 70 7
46 71 7
46 72 7
46 77 2
46 78 2
46 79 2
46 80 0
46 81 4
46 87 8
46 88 8
46 89 7
46 90 7
46 93 0
46 94 0
46 99 2
46 100 2
46 101 4
46 102 4
46 105 0
46 106 7
46 110 2
46 111 2
46 112 2
46 113 2
46 114 2
46 121 0
46 122 4
46 123 4
46 126 0
46 127 4
46 147 7
46 148 7
46 149 7
46 154 0
46 155 0
46 156 0
46 157 0
46 158 0
46 166 2
46 167 2
46 168 2
46 169 2
46 173 7
46 174 8
46 178 0
46 179 4
46 189 0
46 190 0
46 191 0
46 192 7
46 199 0
46 200 0
46 203 0
46 204 2
46 207 2
46 208 4
46 211 0
46 212 7
46 215 4
46 216 4
46 229 8
46 230 7
46 231 7
46 232 7
46 236 4
46 237 4
46 238 4
46 239 4
46 240 8
46 243 8
46 244 8
46 245 8
46 246 7
46 247 7
46 251 4
46 252 8
46 253 8
46 254 8
46 255 7
46 269 2
46 270 2
46 271 4
46 272 4
46 273 8
46 281 8
46 282 8
46 283 8
46 284 8
46 298 2
46 299 2
46 300 2
46 303 2
46 304 0
46 308 7
46 309 7
46 310 7
46 346 8
46 347 8
46 353 8
46 354 7
32 0 8
32 1 7
32 2 8
32 5 4
32 6 4
32 7 7
32 8 7
32 9 8
32 12 2
32 13 2
32 14 2
32 15 2
32 16 8
32 19 4
32 20 4
32 21 8
32 24 2
32 25 4
32 28 7
32 29 8
32 30 7
32 31 8
32 32 8
32 40 3
32 41 7
32 42 7
32 43 7
32 44 7
32 47 4
32 48 4
32 49 3
32 52 2
32 53 7
32 57 2
32 58 2
32 59 2
32 60 2
32 61 2
32 64 3
32 65 3
32 66 3
32 67 7
32 68 7
32 72 2
32 73 2
32 74 2
32 75 2
32 78 2
32 79 2
32 80 2
32 81 8
32 84 2
32 85 2
32 86 8
32 87 8
32 90 2
32 91 7
32 92 7
32 96 2
32 97 2
32 98 4
32 101 4
32 102 3
32 105 2
32 106 2
32 107 2
32 108 2
32 109 4
32 112 3
32 113 3
32 114 4
32 115 4
32 116 4
32 120 8
32 121 7
32 122 8
32 123 8
32 124 8
32 131 2
32 132 4
32 133 7
32 134 7
32 135 8
32 138 2
32 139 2
32 140 4
32 141 4
32 142 7
32 145 2
32 146 2
32 147 8
32 148 8
32 149 7
32 152 4
32 153 4
32 154 8
32 155 8
32 156 8
32 159 2
32 160 2
32 161 2
32 162 2
32 163 2
32 166 4
32 167 4
32 168 8
32 169 7
32 170 8
32 173 2
32 174 2
32 175 8
32 176 8
32 177 7
32 180 2
32 181 4
32 184 2
32 185 2
32 186 7
32 189 4
32 190 4
32 191 8
32 192 8
32 193 7
32 196 4
32 197 4
32 198 4
32 199 4
32 200 4
32 203 4
32 204 4
32 205 8
32 206 8
32 207 8
32 210 4
32 211 7
32 212 7
32 213 7
32 214 7
32 217 4
32 218 4
32 219 4
32 220 8
32 221 7
32 224 2
32 225 2
32 226 4
32 227 4
32 228 4
32 231 4
32 232 3
32 233 8
32 234 8
32 235 8
32 238 4
32 239 4
32 240 8
32 241 8
32 242 7
32 245 7
32 246 7
32 247 8
32 248 8
32 249 8
32 252 4
32 253 4
32 254 4
32 255 4
32 256 4
32 259 4
32 260 4
32 261 4
32 262 8
32 263 7
32 266 4
32 267 4
32 268 4
32 269 4
32 270 8
32 273 4
32 274 8
32 275 8
32 276 8
32 277 7
32 280 4
32 281 4
32 282 4
32 283 7
32 284 7
32 287 4
32 288 3
32 289 4
32 290 7
32 291 7
32 294 4
32 295 4
32 296 4
32 297 4
32 298 7
32 301 4
32 302 4
32 303 4
32 304 7
32 305 8
32 308 4
32 309 4
32 310 4
32 311 4
32 312 4
32 315 4
32 316 4
32 317 4
32 318 7
32 319 7
32 322 4
32 323 7
32 328 2
32 329 7
32 340 4
32 341 4
32 342 4
32 343 7
32 344 7
32 349 4
32 350 4
32 351 4
32 352 4
32 353 4
32 356 4
32 357 7
32 360 2
32 361 3
32 362 8
35 0 9
35 1 9
35 2 9
35 3 9
35 6 5
35 7 4
35 10 1
35 11 9
35 12 9
35 13 9
35 14 9
35 17 5
35 18 5
35 19 4
35 20 5
35 21 9
35 24 0
35 25 0
35 26 0
35 27 1
35 28 1
35 31 1
35 32 3
35 33 3
35 34 3
35 35 3
35 38 0
35 39 0
35 40 0
35 41 1
35 42 6
35 46 5
35 47 5
35 48 4
35 49 3
35 58 3
35 59 3
35 60 3
35 63 0
35 64 1
35 65 9
35 66 9
35 69 4
35 70 9
35 71 9
35 72 9
35 73 9
35 76 3
35 77 3
35 78 3
35 79 9
35 80 9
35 83 4
35 84 5
35 88 3
35 89 4
35 92 3
35 93 5
35 94 5
35 95 3
35 98 4
35 99 5
35 100 5
35 101 5
35 102 5
35 105 5
35 106 5
35 107 5
35 108 5
35 109 5
35 112 1
35 113 1
35 114 6
35 115 6
35 118 9
35 119 9
35 120 9
35 121 9
35 122 9
35 126 5
35 127 5
35 128 9
35 129 9
35 130 9
35 133 5
35 134 5
35 135 5
35 136 5
35 137 5
35 140 5
35 141 5
35 142 5
35 145 5
35 146 5
35 147 9
35 148 9
35 149 9
35 152 5
35 153 5
35 156 0
35 157 0
35 158 0
35 161 5
35 162 5
35 163 5
35 164 5
35 165 5
35 168 5
35 169 5
35 170 5
35 171 5
35 172 5
35 175 5
35 176 5
35 177 5
35 178 5
35 179 5
35 182 5
35 183 5
35 184 5
35 185 5
35 186 5
35 190 0
35 191 0
35 192 0
35 193 0
35 194 0
35 197 6
35 198 6
35 199 6
35 202 5
35 203 5
35 204 9
35 205 9
35 208 5
35 209 5
35 210 5
35 211 5
35 212 6
35 215 5
35 216 5
35 217 5
35 218 6
35 229 5
35 230 5
35 231 9
35 242 5
35 243 5
35 244 5
35 245 5
35 248 0
35 249 5
35 252 5
35 253 5
35 254 5
35 255 5
35 256 6
35 259 1
35 260 1
35 261 0
35 262 5
35 263 5
35 266 0
35 267 0
35 268 0
35 269 0
35 270 0
35 273 5
35 274 3
35 275 3
35 276 5
35 277 5
35 280 5
35 281 5
35 282 5
35 283 5
35 284 5
35 287 5
35 288 5
35 289 5
35 290 5
35 291 5
35 294 1
35 295 1
35 296 0
35 297 0
35 298 0
35 301 0
35 302 0
35 303 5
35 304 5
35 305 5
35 308 5
35 309 5
35 310 5
35 311 5
35 312 3
35 315 3
35 316 9
35 317 9
35 318 9
35 319 9
35 322 0
35 323 0
35 324 0
35 325 5
35 328 9
35 329 9
35 330 9
35 331 9
35 332 9
35 335 5
35 336 5
35 337 6
35 338 6
35 339 6
35 342 0
35 343 0
35 344 0
35 345 0
35 346 9
35 349 0
35 350 5
35 351 5
35 352 5
35 353 4
35 356 0
35 357 0
35 358 5
35 359 5
35 362 5
35 363 5
30 2 4
30 3 4
30 4 4
30 5 4
30 8 4
30 9 8
30 10 8
30 11 6
30 12 6
30 15 1
30 16 1
30 17 6
30 18 6
30 19 6
30 22 1
30 23 8
30 24 6
30 25 7
30 26 8
30 32 6
30 33 6
30 34 6
30 35 6
30 36 7
30 40 2
30 41 1
30 42 1
30 43 4
30 44 7
30 47 1
30 48 2
30 49 2
30 50 2
30 51 2
30 57 4
30 58 4
30 59 4
30 60 4
30 61 4
30 70 4
30 71 4
30 72 4
30 73 4
30 76 4
30 77 8
30 80 4
30 81 4
30 82 4
30 83 4
30 86 4
30 87 4
30 88 4
30 89 7
30 94 4
30 95 4
30 98 4
30 99 4
30 100 4
30 101 4
30 105 4
30 106 4
30 107 4
30 108 4
30 109 4
30 112 4
30 113 4
30 114 4
30 115 4
30 116 4
30 119 4
30 120 4
30 121 4
30 122 4
30 123 4
30 129 1
30 130 4
30 131 4
30 132 8
30 135 4
30 136 4
30 137 4
30 140 4
30 141 4
30 142 4
30 143 4
30 144 4
30 147 4
30 148 4
30 149 4
30 150 4
30 151 4
30 154 4
30 155 4
30 156 4
30 157 4
30 158 4
30 161 4
30 162 4
30 163 4
30 164 4
30 165 4
30 168 4
30 169 4
30 170 4
30 171 4
30 172 4
30 175 4
30 176 4
30 177 6
30 178 6
30 179 6
30 182 4
30 183 7
30 184 8
30 185 8
30 186 8
30 189 4
30 190 4
30 191 7
30 192 7
30 193 7
30 196 4
30 197 4
30 198 4
30 199 4
30 200 4
30 203 2
30 204 1
30 205 1
30 206 7
30 207 7
30 210 7
30 211 7
30 212 7
30 213 8
30 214 8
30 217 8
30 218 8
30 219 8
30 220 8
30 221 8
30 224 4
30 225 4
30 226 4
30 227 4
30 228 4
30 231 4
30 232 4
30 233 4
30 234 4
30 235 4
30 238 2
30 239 2
30 240 2
30 241 4
30 244 4
30 245 8
30 246 8
30 249 8
30 250 8
30 251 8
30 252 8
30 253 6
30 256 8
30 257 8
30 258 8
30 259 6
30 263 2
30 264 1
30 265 4
30 266 4
30 267 6
30 270 4
30 271 4
30 272 4
30 273 6
30 274 6
30 278 4
30 279 6
30 280 6
30 281 6
30 282 6
30 287 4
30 288 4
30 289 4
30 290 4
30 291 4
30 294 1
30 295 2
30 296 1
30 297 2
30 298 1
30 301 4
30 302 4
30 303 4
30 304 4
30 305 7
30 308 7
30 309 7
30 310 7
30 311 7
30 312 7
30 315 4
30 316 4
30 317 8
30 318 8
30 319 8
30 322 4
30 323 4
30 324 4
30 325 4
30 326 7
30 329 6
30 330 6
30 331 7
30 334 1
30 335 4
30 341 4
30 342 6
30 343 8
30 344 6
30 347 6
30 348 6
30 349 7
30 350 7
30 353 4
30 354 7
30 355 7
30 358 4
30 359 4
30 360 4
30 361 4
20 1 7
20 2 8
20 5 5
20 6 7
20 7 7
20 8 7
20 9 7
20 12 4
20 13 4
20 16 7
20 17 7
20 18 7
20 19 7
20 20 7
20 23 5
20 24 8
20 25 7
20 26 7
20 27 7
20 36 8
20 37 8
20 38 8
20 39 7
20 40 7
20 43 8
20 44 9
20 45 9
20 48 4
20 49 9
20 50 9
20 51 9
20 54 9
20 55 9
20 56 9
20 57 9
20 58 9
20 61 4
20 62 4
20 63 8
20 64 8
20 65 7
20 68 7
20 69 7
20 70 9
20 71 9
20 72 9
20 82 5
20 83 5
20 84 9
20 85 9
20 86 9
20 89 1
20 90 1
20 91 5
20 92 7
20 96 4
20 97 5
20 98 7
20 99 8
20 100 8
20 113 5
20 114 5
20 115 5
20 116 5
20 117 5
20 120 5
20 121 5
20 122 5
20 123 5
20 126 9
20 127 9
20 128 9
20 129 9
20 130 9
20 133 8
20 134 8
20 135 8
20 136 7
20 137 9
20 140 5
20 141 5
20 142 7
20 143 7
20 146 5
20 147 5
20 151 5
20 152 7
20 155 5
20 156 7
20 157 7
20 158 7
20 161 9
20 162 9
20 163 9
20 164 9
20 165 9
20 168 1
20 169 1
20 170 1
20 171 1
20 172 5
20 175 5
20 176 7
20 177 7
20 178 7
20 179 8
20 182 5
20 183 5
20 184 5
20 185 5
20 186 5
20 189 1
20 190 1
20 191 1
20 192 1
20 193 5
20 196 5
20 197 5
20 198 5
20 199 5
20 200 5
20 203 5
20 204 5
20 205 5
20 206 5
20 207 5
20 210 5
20 211 5
20 212 5
20 213 7
20 214 7
20 217 5
20 218 5
20 219 5
20 220 5
20 221 5
20 224 5
20 225 5
20 226 5
20 227 5
20 228 5
20 231 5
20 232 5
20 233 5
20 234 5
20 235 5
20 238 7
20 239 7
20 240 7
20 241 7
20 242 7
20 245 5
20 246 5
20 247 5
20 248 5
20 249 5
20 252 5
20 253 5
20 254 8
20 255 8
20 256 8
20 259 5
20 260 5
20 261 7
20 262 9
20 263 9
20 266 5
20 267 5
20 268 5
20 269 5
20 270 5
20 273 5
20 274 5
20 275 5
20 276 5
20 277 5
20 280 5
20 281 5
20 282 5
20 283 5
20 284 5
20 287 5
20 288 5
20 289 5
20 290 5
20 291 5
20 294 5
20 295 5
20 296 5
20 297 5
20 298 5
20 301 5
20 302 5
20 303 5
20 304 5
20 305 5
20 308 5
20 309 5
20 310 5
20 311 7
20 312 8
20 315 7
20 316 7
20 317 7
20 320 5
20 321 8
20 322 8
20 323 8
20 324 7
20 327 8
20 328 8
20 329 8
20 330 8
20 331 8
20 334 9
20 335 9
20 336 9
20 339 5
20 340 5
20 341 7
20 342 7
20 343 7
20 347 1
20 348 5
20 349 5
20 350 5
20 351 8
20 354 1
20 355 1
20 356 9
20 361 5
20 362 5
31 2 9
31 3 9
31 4 9
31 7 9
31 8 9
31 9 9
31 10 9
31 13 1
31 14 1
31 15 2
31 16 2
31 17 2
31 20 2
31 21 9
31 22 9
31 23 9
31 26 5
31 27 5
31 28 9
31 29 9
31 30 9
31 42 3
31 43 9
31 44 9
31 45 9
31 46 9
31 50 1
31 51 1
31 52 1
31 53 0
31 54 4
31 57 1
31 58 1
31 59 1
31 60 2
31 61 3
31 65 1
31 66 1
31 67 1
31 68 1
31 69 1
31 72 1
31 73 1
31 74 9
31 75 9
31 76 9
31 79 9
31 80 9
31 81 9
31 82 9
31 85 2
31 86 2
31 87 1
31 88 1
31 89 9
31 105 3
31 106 3
31 107 3
31 108 9
31 109 9
31 112 5
31 113 5
31 114 3
31 115 3
31 116 3
31 119 1
31 120 3
31 121 3
31 122 3
31 123 3
31 126 3
31 127 3
31 128 3
31 129 3
31 130 3
31 133 3
31 134 3
31 135 3
31 136 3
31 137 3
31 140 1
31 141 1
31 142 1
31 143 1
31 144 2
31 147 2
31 148 1
31 149 0
31 150 0
31 151 0
31 154 3
31 155 3
31 156 3
31 157 3
31 158 3
31 161 3
31 162 3
31 163 3
31 164 3
31 165 3
31 168 1
31 169 2
31 170 2
31 171 2
31 172 2
31 175 3
31 176 3
31 177 3
31 178 3
31 179 3
31 182 4
31 183 3
31 184 3
31 185 3
31 186 3
31 189 1
31 190 1
31 191 1
31 192 1
31 193 1
31 196 1
31 197 0
31 198 1
31 199 1
31 200 3
31 203 9
31 204 9
31 205 9
31 206 9
31 207 9
31 210 2
31 211 1
31 212 1
31 213 1
31 214 1
31 217 3
31 218 3
31 219 3
31 220 3
31 221 3
31 224 3
31 225 3
31 226 3
31 227 3
31 228 3
31 231 1
31 232 1
31 233 1
31 234 3
31 235 3
31 238 3
31 239 3
31 240 3
31 241 3
31 242 3
31 245 3
31 246 3
31 247 3
31 248 9
31 249 9
31 259 3
31 260 9
31 261 9
31 262 9
31 263 9
31 266 5
31 267 5
31 268 5
31 269 3
31 272 3
31 273 3
31 274 3
31 275 3
31 276 3
31 279 3
31 280 3
31 281 3
31 282 9
31 283 9
31 286 3
31 287 3
31 288 3
31 289 9
31 290 9
31 293 3
31 294 3
31 295 3
31 296 3
31 297 3
31 300 1
31 301 3
31 302 9
31 303 9
31 304 9
31 307 4
31 308 4
31 309 4
31 310 4
31 311 4
31 314 3
31 315 3
31 316 3
31 317 3
31 318 3
31 321 9
31 322 9
31 323 9
31 324 9
31 325 9
31 328 3
31 329 3
31 330 3
31 331 3
31 332 9
31 335 3
31 336 3
31 337 3
31 338 3
31 339 5
31 342 0
31 343 3
31 344 9
31 347 9
31 348 9
31 349 9
31 352 4
31 353 3
31 354 9
31 357 0
31 358 9
31 361 0
31 362 3
14 0 4
14 3 6
14 4 6
14 5 6
14 21 4
14 22 4
14 23 4
14 24 4
14 25 4
14 29 4
14 30 3
14 31 8
14 32 8
14 35 2
14 36 4
14 37 4
14 38 4
14 39 6
14 42 4
14 43 4
14 44 4
14 45 4
14 46 6
14 49 2
14 50 2
14 51 1
14 52 8
14 53 8
14 56 2
14 57 8
14 58 7
14 59 7
14 60 6
14 63 2
14 64 2
14 65 2
14 66 2
14 67 6
14 70 4
14 71 4
14 72 6
14 73 6
14 74 9
14 77 1
14 78 1
14 79 1
14 80 2
14 81 3
14 84 4
14 85 4
14 86 4
14 87 9
14 88 9
14 91 4
14 92 6
14 93 6
14 94 8
14 102 4
14 103 4
14 104 8
14 105 8
14 106 6
14 109 4
14 110 4
14 111 7
14 112 8
14 113 8
14 116 9
14 117 9
14 118 9
14 119 9
14 120 9
14 123 1
14 124 1
14 125 1
14 126 2
14 127 6
14 130 1
14 131 9
14 132 9
14 133 9
14 136 4
14 137 8
14 138 8
14 139 8
14 140 6
14 143 1
14 144 4
14 145 7
14 146 8
14 149 8
14 150 8
14 151 8
14 154 2
14 155 1
14 156 1
14 157 1
14 167 4
14 168 6
14 169 6
14 170 6
14 171 6
14 174 1
14 175 4
14 176 7
14 177 9
14 178 9
14 181 1
14 182 7
14 183 6
14 184 6
14 185 6
14 188 4
14 189 4
14 190 8
14 191 9
14 192 9
14 195 4
14 196 4
14 197 7
14 198 7
14 199 6
14 202 1
14 203 4
14 204 4
14 205 8
14 206 8
14 209 8
14 210 8
14 211 8
14 212 8
14 213 9
14 217 3
14 218 4
14 219 4
14 220 4
14 221 8
14 224 4
14 225 4
14 226 4
14 227 4
14 228 6
14 231 1
14 232 1
14 233 6
14 234 6
14 235 7
14 238 2
14 239 2
14 240 1
14 241 1
14 242 2
14 245 1
14 246 1
14 247 2
14 248 2
14 249 4
14 252 7
14 253 7
14 254 7
14 255 7
14 256 7
14 259 2
14 260 7
14 261 7
14 262 7
14 265 2
14 266 9
14 273 2
14 274 1
14 275 7
14 276 7
14 277 7
14 280 2
14 281 2
14 282 2
14 283 2
14 284 2
14 287 2
14 288 4
14 289 7
14 290 7
14 291 8
14 294 8
14 295 8
14 296 7
14 297 7
14 298 7
14 301 8
14 302 8
14 303 6
14 304 6
14 305 6
14 308 3
14 309 7
14 310 8
14 311 8
14 312 8
14 315 4
14 316 4
14 317 6
14 318 6
14 319 8
14 322 2
14 323 2
14 324 2
14 325 2
14 326 2
14 329 8
14 330 8
14 331 8
14 332 8
14 333 8
14 336 4
14 337 4
14 338 4
14 339 6
14 340 6
14 343 1
14 344 4
14 345 6
14 348 1
14 349 2
14 350 7
14 351 7
14 352 6
14 355 2
14 356 2
14 357 2
14 360 2
14 361 3
14 362 6
18 0 9
18 6 0
18 7 2
18 8 2
18 9 1
18 10 0
18 13 9
18 14 9
18 15 9
18 16 9
18 19 2
18 20 2
18 21 2
18 22 0
18 23 1
18 26 0
18 27 1
18 28 1
18 29 1
18 34 1
18 35 0
18 36 0
18 37 7
18 38 7
18 41 2
18 42 2
18 43 1
18 44 1
18 45 1
18 49 2
18 50 8
18 51 8
18 52 7
18 53 9
18 60 1
18 61 4
18 62 4
18 63 7
18 66 9
18 67 9
18 68 9
18 69 9
18 72 3
18 73 3
18 74 3
18 75 3
18 78 8
18 79 8
18 80 8
18 81 8
18 84 3
18 85 8
18 86 7
18 87 7
18 88 7
18 91 0
18 92 4
18 96 3
18 97 4
18 98 8
18 99 9
18 102 4
18 103 3
18 104 8
18 105 9
18 106 9
18 109 8
18 110 8
18 111 8
18 112 8
18 113 7
18 116 2
18 117 0
18 118 4
18 119 4
18 120 4
18 123 2
18 124 4
18 125 4
18 126 4
18 127 7
18 130 1
18 131 1
18 132 9
18 133 9
18 136 2
18 137 2
18 138 7
18 141 4
18 142 4
18 143 4
18 144 4
18 147 4
18 148 4
18 149 4
18 150 4
18 153 2
18 154 7
18 155 7
18 156 7
18 157 7
18 160 4
18 161 4
18 162 7
18 163 7
18 164 7
18 168 1
18 169 1
18 170 1
18 171 1
18 172 0
18 175 4
18 176 4
18 177 4
18 178 4
18 179 3
18 182 1
18 183 1
18 184 0
18 185 0
18 186 4
18 189 4
18 190 8
18 191 8
18 192 8
18 193 8
18 196 4
18 197 4
18 198 4
18 199 4
18 200 4
18 203 4
18 204 4
18 205 4
18 206 4
18 207 4
18 210 8
18 211 8
18 212 8
18 213 8
18 214 8
18 217 4
18 218 4
18 219 4
18 220 3
18 221 3
18 224 4
18 225 4
18 226 4
18 227 4
18 228 8
18 231 4
18 232 4
18 233 7
18 234 7
18 235 7
18 240 0
18 241 0
18 242 0
18 243 0
18 244 7
18 247 4
18 248 7
18 249 7
18 252 3
18 253 3
18 254 3
18 255 4
18 256 4
18 259 4
18 260 8
18 261 8
18 262 8
18 263 9
18 266 8
18 267 8
18 268 8
18 269 8
18 270 9
18 273 2
18 274 0
18 275 4
18 276 7
18 277 9
18 280 8
18 281 8
18 282 8
18 283 8
18 284 8
18 287 4
18 288 4
18 289 9
18 290 9
18 291 9
18 294 7
18 295 7
18 296 7
18 297 7
18 298 9
18 301 0
18 302 0
18 303 0
18 304 1
18 305 0
18 308 9
18 309 9
18 312 0
18 313 0
18 314 0
18 315 7
18 329 4
18 330 4
18 331 4
18 332 4
18 333 4
18 336 2
18 337 2
18 338 4
18 339 4
18 340 4
18 343 2
18 344 7
18 345 7
18 346 7
18 347 7
18 352 3
18 353 3
18 356 0
18 357 8
18 358 8
18 359 8
18 360 8
21 1 5
21 2 4
21 3 5
21 4 5
21 5 9
21 12 1
21 13 1
21 14 1
21 15 0
21 16 0
21 19 1
21 20 0
21 21 0
21 22 8
21 25 1
21 26 2
21 27 2
21 28 2
21 29 0
21 32 1
21 33 0
21 34 8
21 35 8
21 36 7
21 39 8
21 40 8
21 41 8
21 42 8
21 43 8
21 46 7
21 47 7
21 48 7
21 49 7
21 52 1
21 53 7
21 56 3
21 57 3
21 58 4
21 59 4
21 63 2
21 64 2
21 65 2
21 66 4
21 67 4
21 70 2
21 71 2
21 72 0
21 73 2
21 74 2
21 77 4
21 78 3
21 79 3
21 80 4
21 81 8
21 84 4
21 85 4
21 86 4
21 87 4
21 88 4
21 91 5
21 92 5
21 93 5
21 94 5
21 95 5
21 98 2
21 99 4
21 100 4
21 101 4
21 102 4
21 105 8
21 106 8
21 107 8
21 108 7
21 109 9
21 112 7
21 113 7
21 114 7
21 115 9
21 116 9
21 119 2
21 120 7
21 121 7
21 122 7
21 123 7
21 126 9
21 127 9
21 130 0
21 131 1
21 132 0
21 133 7
21 136 4
21 137 4
21 138 4
21 139 5
21 140 8
21 143 2
21 144 4
21 145 7
21 146 7
21 147 7
21 150 4
21 151 7
21 152 7
21 153 7
21 154 7
21 157 0
21 158 8
21 159 8
21 160 8
21 161 7
21 164 1
21 165 1
21 166 4
21 167 5
21 168 7
21 174 9
21 175 9
21 176 9
21 177 9
21 178 9
21 181 4
21 182 4
21 183 7
21 184 7
21 185 7
21 200 4
21 201 4
21 202 8
21 203 8
21 204 7
21 207 4
21 208 4
21 221 4
21 222 4
21 223 8
21 224 8
21 225 7
21 228 2
21 229 1
21 230 1
21 231 1
21 232 1
21 235 4
21 236 4
21 237 4
21 238 9
21 239 9
21 242 8
21 243 8
21 244 8
21 247 4
21 248 4
21 249 4
21 250 4
21 251 4
21 254 0
21 255 1
21 256 1
21 257 1
21 258 2
21 261 5
21 262 5
21 263 5
21 264 5
21 267 4
21 268 8
21 269 8
21 270 7
21 273 1
21 274 2
21 275 1
21 276 4
21 277 4
21 280 3
21 281 3
21 282 3
21 283 3
21 284 3
21 287 0
21 288 4
21 289 8
21 290 8
21 291 9
21 294 0
21 295 0
21 296 0
21 297 4
21 298 4
21 301 4
21 302 8
21 303 8
21 304 8
21 305 9
21 308 0
21 309 1
21 310 8
21 311 8
21 312 9
21 315 0
21 316 0
21 317 1
21 318 7
21 319 7
21 322 4
21 323 4
21 324 8
21 325 8
21 326 7
21 329 0
21 330 4
21 331 8
21 332 8
21 333 9
21 337 0
21 338 0
21 339 0
21 340 0
21 341 0
21 344 0
21 345 0
21 346 0
21 347 0
21 348 7
21 351 0
21 352 0
21 353 0
21 354 0
21 357 5
21 358 5
21 359 5
21 360 5
21 361 8
11 1 3
11 2 9
11 5 0
11 6 1
11 7 1
11 8 4
11 9 9
11 12 8
11 13 8
11 14 8
11 15 9
11 16 9
11 19 4
11 20 4
11 21 3
11 22 3
11 23 9
11 26 0
11 27 8
11 28 8
11 29 8
11 30 8
11 35 0
11 36 9
11 37 9
11 40 1
11 41 1
11 42 9
11 53 1
11 54 3
11 55 3
11 56 3
11 59 9
11 60 9
11 63 8
11 64 8
11 65 8
11 66 9
11 67 9
11 70 9
11 71 9
11 72 9
11 75 4
11 76 4
11 77 4
11 78 4
11 79 4
11 82 3
11 83 8
11 84 8
11 85 8
11 86 9
11 89 8
11 90 8
11 91 8
11 94 8
11 95 8
11 96 9
11 97 9
11 101 4
11 102 4
11 105 4
11 106 4
11 107 4
11 108 9
11 109 9
11 112 4
11 113 4
11 114 4
11 115 4
11 116 4
11 119 1
11 120 1
11 121 1
11 122 4
11 123 4
11 126 4
11 127 4
11 128 4
11 129 4
11 130 4
11 133 4
11 134 9
11 137 4
11 138 4
11 139 4
11 140 4
11 141 3
11 144 4
11 145 4
11 146 4
11 147 4
11 148 8
11 151 1
11 152 9
11 153 9
11 154 9
11 155 9
11 158 4
11 159 9
11 160 9
11 161 9
11 162 9
11 165 4
11 166 4
11 167 4
11 168 4
11 169 4
11 172 4
11 173 4
11 174 4
11 175 9
11 176 9
11 179 0
11 180 0
11 181 9
11 182 9
11 183 9
11 186 4
11 187 4
11 188 8
11 189 8
11 190 8
11 193 4
11 194 9
11 195 9
11 196 9
11 197 9
11 200 3
11 201 3
11 202 3
11 203 3
11 204 8
11 217 3
11 218 9
11 219 9
11 220 9
11 221 9
11 224 4
11 225 4
11 226 4
11 227 4
11 228 4
11 231 4
11 232 4
11 233 4
11 234 4
11 235 4
11 238 4
11 239 4
11 240 4
11 241 4
11 242 4
11 245 4
11 246 4
11 247 4
11 248 4
11 249 4
11 252 4
11 253 4
11 254 4
11 255 4
11 256 4
11 259 4
11 260 9
11 261 9
11 262 9
11 263 9
11 266 4
11 267 4
11 268 4
11 269 4
11 270 4
11 273 0
11 274 0
11 275 1
11 276 1
11 277 1
11 280 1
11 281 1
11 282 1
11 283 1
11 284 1
11 287 4
11 288 4
11 289 4
11 290 4
11 291 4
11 294 4
11 295 4
11 296 8
11 297 8
11 298 8
11 301 4
11 302 9
11 303 9
11 304 9
11 305 9
11 308 8
11 309 9
11 310 9
11 311 9
11 312 9
11 315 4
11 316 4
11 317 4
11 318 9
11 319 9
11 322 4
11 323 4
11 324 4
11 325 4
11 326 8
11 329 4
11 330 4
11 331 4
11 332 8
11 335 4
11 336 4
11 337 4
11 338 4
11 339 4
11 344 4
11 345 4
11 346 4
11 347 4
11 348 9
11 357 4
11 358 3
11 359 3
11 360 3
11 361 3
47 12 3
47 13 3
47 14 9
47 17 3
47 18 9
47 21 3
47 22 7
47 23 6
47 24 6
47 25 6
47 29 3
47 30 5
47 31 5
47 35 7
47 36 7
47 37 7
47 38 9
47 42 5
47 43 6
47 44 6
47 45 7
47 46 9
47 56 8
47 57 9
47 61 3
47 62 3
47 63 7
47 64 7
47 75 3
47 76 5
47 77 8
47 78 6
47 79 6
47 86 3
47 87 7
47 96 7
47 97 7
47 98 7
47 105 8
47 106 8
47 107 8
47 108 8
47 119 7
47 120 9
47 121 9
47 122 9
47 130 7
47 131 6
47 132 6
47 133 6
47 134 9
47 141 9
47 142 9
47 154 7
47 155 7
47 158 7
47 159 7
47 160 7
47 165 6
47 166 6
47 167 6
47 168 6
47 176 9
47 177 9
47 178 9
47 181 5
47 182 8
47 183 9
47 196 8
47 197 7
47 198 7
47 199 7
47 200 7
47 204 6
47 205 6
47 206 8
47 207 9
47 213 6
47 214 6
47 215 6
47 216 8
47 217 9
47 238 3
47 239 3
47 240 8
47 253 8
47 254 9
47 265 3
47 266 6
47 267 8
47 268 9
47 271 9
47 272 9
47 273 9
47 278 7
47 279 7
47 280 7
47 281 9
47 282 9
47 285 3
47 286 8
47 287 8
47 291 8
47 292 8
47 293 8
47 294 8
47 295 8
47 308 9
47 309 9
47 310 9
47 333 8
47 334 8
47 335 8
47 336 8
47 337 9
47 341 5
47 342 5
47 343 5
47 344 9
47 345 9
47 350 9
47 351 9
47 355 6
47 356 6
47 357 6
47 358 6
47 359 6
41 0 3
41 5 3
41 6 5
41 7 5
41 8 6
41 9 6
41 12 4
41 13 4
41 14 6
41 15 6
41 16 6
41 26 3
41 27 3
41 28 6
41 29 6
41 32 5
41 33 5
41 34 5
41 35 5
41 36 3
41 39 2
41 40 2
41 41 2
41 42 2
41 43 2
41 47 3
41 48 3
41 49 6
41 53 2
41 54 2
41 55 6
41 56 6
41 57 6
41 67 0
41 68 2
41 69 2
41 70 5
41 75 0
41 76 0
41 77 3
41 78 3
41 83 0
41 84 2
41 107 0
41 108 2
41 124 6
41 125 6
41 126 6
41 137 2
41 138 3
41 139 3
41 146 0
41 147 0
41 148 0
41 149 0
41 150 0
41 153 2
41 154 0
41 159 5
41 160 5
41 166 2
41 167 2
41 168 4
41 169 6
41 170 6
41 173 0
41 174 5
41 179 3
41 180 6
41 185 0
41 186 4
41 187 4
41 188 6
41 194 4
41 195 4
41 200 5
41 201 5
41 202 5
41 208 5
41 209 4
41 215 4
41 216 4
41 221 2
41 222 3
41 225 2
41 226 2
41 233 2
41 234 0
41 235 0
41 236 0
41 237 0
41 243 6
41 244 6
41 245 6
41 248 4
41 249 4
41 250 3
41 251 3
41 257 4
41 258 3
41 259 4
41 264 6
41 265 6
41 270 2
41 271 3
41 277 0
41 278 0
41 279 3
41 285 0
41 286 2
41 292 2
41 293 2
41 298 3
41 299 3
41 300 5
41 304 0
41 305 0
41 306 3
41 307 3
41 310 2
41 311 3
41 312 3
41 313 3
41 314 3
41 317 0
41 318 5
41 319 5
41 320 3
41 325 6
41 326 6
41 329 2
41 330 3
41 331 6
41 336 3
41 337 3
41 347 0
41 348 3
41 349 3
41 350 6
41 363 2
40 9 2
40 10 2
40 11 1
40 12 2
40 16 0
40 17 1
40 18 0
40 22 1
40 23 9
40 24 9
40 32 1
40 33 2
40 34 4
40 35 4
40 36 4
40 39 2
40 40 1
40 41 1
40 42 2
40 47 1
40 48 2
40 49 4
40 50 4
40 51 4
40 54 1
40 55 2
40 56 9
40 57 9
40 63 3
40 64 3
40 65 3
40 66 3
40 67 9
40 74 0
40 75 6
40 76 6
40 77 6
40 78 6
40 82 7
40 83 7
40 84 7
40 85 7
40 86 7
40 90 1
40 91 9
40 98 6
40 99 9
40 100 9
40 103 0
40 104 1
40 110 2
40 111 1
40 117 2
40 118 2
40 124 6
40 125 6
40 126 6
40 127 6
40 128 6
40 131 0
40 132 7
40 133 6
40 134 6
40 135 6
40 145 7
40 146 7
40 151 1
40 152 0
40 153 1
40 154 0
40 159 3
40 160 3
40 173 0
40 174 7
40 175 7
40 180 3
40 181 3
40 182 3
40 187 3
40 188 3
40 194 2
40 195 1
40 196 9
40 209 1
40 210 1
40 211 2
40 212 6
40 213 6
40 218 2
40 219 9
40 225 0
40 226 0
40 227 0
40 228 0
40 229 0
40 236 1
40 237 9
40 238 9
40 239 9
40 240 9
40 253 0
40 254 9
40 257 3
40 258 7
40 262 3
40 263 3
40 264 7
40 265 6
40 270 0
40 271 7
40 278 2
40 279 2
40 280 6
40 281 6
40 285 0
40 286 0
40 287 6
40 294 9
40 295 9
40 296 9
40 297 9
40 298 9
40 304 4
40 305 4
40 306 4
40 307 6
40 310 2
40 311 1
40 312 7
40 313 7
40 314 7
40 318 0
40 319 0
40 320 0
40 331 3
40 332 3
40 335 2
40 336 1
40 337 7
40 363 1
36 0 4
36 1 4
36 2 5
36 3 5
36 4 5
36 7 4
36 8 4
36 9 4
36 10 4
36 11 4
36 14 4
36 15 4
36 16 4
36 17 4
36 18 5
36 21 5
36 22 5
36 23 5
36 24 4
36 25 4
36 28 4
36 29 4
36 30 4
36 31 4
36 32 4
36 35 4
36 36 5
36 37 5
36 38 5
36 39 4
36 42 0
36 43 4
36 44 4
36 45 4
36 46 4
36 49 4
36 50 4
36 51 4
36 52 4
36 53 4
36 56 4
36 57 8
36 58 8
36 59 8
36 60 6
36 63 6
36 64 6
36 65 6
36 66 6
36 67 6
36 70 5
36 71 5
36 72 4
36 73 4
36 74 4
36 77 4
36 78 4
36 79 4
36 80 4
36 85 0
36 86 0
36 87 4
36 102 6
36 103 6
36 104 6
36 107 4
36 108 4
36 109 4
36 110 4
36 111 4
36 117 1
36 118 4
36 122 4
36 123 4
36 124 4
36 125 4
36 126 4
36 129 4
36 130 8
36 134 4
36 135 4
36 136 5
36 139 4
36 140 4
36 141 4
36 142 4
36 143 8
36 146 1
36 147 4
36 148 4
36 149 4
36 150 8
36 153 0
36 154 6
36 155 6
36 156 6
36 157 6
36 160 0
36 161 0
36 162 8
36 163 8
36 164 6
36 167 0
36 168 0
36 169 0
36 170 0
36 173 1
36 174 4
36 175 6
36 176 8
36 177 8
36 184 4
36 185 5
36 186 5
36 187 4
36 190 4
36 191 4
36 192 4
36 193 4
36 196 4
36 197 4
36 198 4
36 199 4
36 200 4
36 203 4
36 204 4
36 205 4
36 206 4
36 207 6
36 210 4
36 211 4
36 212 4
36 213 4
36 214 4
36 217 4
36 218 4
36 219 8
36 220 8
36 221 8
36 224 4
36 225 4
36 226 4
36 227 4
36 228 4
36 231 0
36 232 0
36 233 0
36 234 4
36 237 4
36 238 4
36 239 4
36 240 4
36 241 4
36 244 4
36 245 4
36 246 8
36 249 4
36 250 4
36 251 4
36 254 4
36 255 4
36 256 4
36 257 4
36 258 4
36 264 0
36 265 4
36 266 6
36 269 6
36 270 6
36 273 4
36 274 4
36 275 4
36 276 4
36 277 4
36 280 4
36 281 4
36 282 4
36 283 4
36 284 4
36 287 4
36 288 4
36 289 4
36 290 4
36 291 6
36 294 6
36 295 6
36 296 8
36 297 6
36 298 6
36 301 4
36 302 4
36 303 4
36 304 4
36 305 8
36 308 0
36 309 4
36 310 4
36 311 4
36 312 4
36 315 4
36 316 4
36 317 8
36 318 8
36 319 8
36 322 4
36 323 4
36 324 4
36 325 4
36 326 8
36 329 6
36 330 6
36 331 6
36 334 0
36 335 4
36 336 4
36 337 4
36 338 8
36 342 5
36 343 8
36 344 8
36 345 8
36 346 8
36 349 5
36 350 8
36 353 4
36 354 4
36 355 4
36 356 4
36 357 4
36 360 4
36 361 4
36 362 6
37 0 4
37 1 4
37 2 6
37 3 6
37 4 6
37 7 4
37 8 4
37 9 4
37 10 4
37 11 4
37 14 3
37 15 3
37 16 3
37 17 3
37 18 3
37 21 0
37 22 2
37 23 1
37 24 1
37 25 5
37 29 4
37 30 4
37 31 4
37 32 4
37 35 0
37 36 2
37 37 4
37 38 5
37 39 4
37 42 3
37 43 9
37 46 4
37 47 9
37 48 9
37 49 9
37 52 0
37 53 0
37 56 2
37 57 2
37 58 5
37 59 5
37 60 5
37 63 5
37 64 7
37 65 6
37 68 1
37 69 6
37 70 6
37 71 6
37 72 6
37 82 0
37 83 2
37 84 1
37 85 2
37 86 8
37 89 8
37 90 8
37 93 1
37 94 1
37 95 0
37 98 4
37 99 4
37 100 7
37 101 7
37 102 9
37 105 7
37 106 7
37 107 9
37 110 9
37 111 9
37 114 1
37 115 1
37 116 4
37 117 4
37 118 8
37 121 5
37 122 5
37 123 5
37 126 8
37 127 8
37 128 7
37 131 1
37 132 1
37 133 2
37 134 2
37 135 8
37 138 0
37 139 0
37 140 7
37 141 7
37 142 7
37 145 4
37 146 4
37 147 7
37 148 7
37 149 9
37 152 4
37 153 5
37 154 6
37 155 6
37 156 6
37 159 1
37 160 4
37 163 1
37 164 2
37 165 4
37 166 4
37 167 6
37 170 1
37 171 2
37 172 2
37 173 6
37 176 2
37 177 2
37 178 2
37 179 0
37 180 0
37 189 4
37 190 3
37 191 3
37 192 3
37 193 3
37 196 4
37 197 4
37 198 3
37 199 9
37 200 9
37 203 2
37 204 2
37 205 2
37 206 2
37 207 4
37 210 4
37 211 4
37 212 4
37 213 4
37 214 4
37 217 7
37 218 7
37 219 7
37 220 8
37 221 7
37 224 2
37 225 0
37 226 0
37 227 0
37 228 8
37 231 5
37 232 5
37 233 5
37 234 4
37 235 4
37 238 2
37 239 2
37 240 2
37 241 4
37 242 4
37 245 4
37 246 4
37 247 5
37 248 5
37 249 5
37 252 6
37 253 6
37 254 6
37 255 8
37 256 8
37 259 7
37 260 7
37 261 7
37 262 9
37 263 9
37 266 7
37 267 9
37 268 9
37 276 2
37 277 2
37 278 9
37 279 9
37 280 9
37 283 2
37 284 2
37 285 4
37 286 4
37 287 6
37 290 0
37 291 0
37 292 1
37 293 1
37 294 6
37 297 2
37 298 0
37 299 1
37 300 9
37 301 9
37 304 2
37 305 0
37 306 2
37 307 7
37 308 8
37 317 4
37 318 4
37 319 4
37 320 4
37 321 4
37 324 1
37 325 0
37 326 6
37 327 6
37 328 6
37 331 2
37 332 4
37 333 4
37 334 4
37 335 6
37 338 4
37 339 4
37 340 7
37 341 6
37 342 8
37 345 8
37 346 8
37 347 8
37 348 8
37 351 8
37 352 8
37 353 8
37 354 8
37 355 7
37 361 0
37 362 4
37 363 9
13 2 2
13 3 1
13 4 1
13 5 2
13 6 2
13 9 2
13 10 1
13 11 2
13 12 8
13 13 8
13 16 8
13 17 8
13 18 8
13 19 8
13 20 8
13 23 1
13 24 2
13 25 2
13 26 2
13 27 2
13 30 4
13 31 4
13 32 4
13 35 2
13 36 2
13 37 2
13 38 2
13 41 1
13 42 1
13 43 1
13 44 2
13 47 2
13 48 2
13 49 1
13 58 2
13 59 2
13 60 2
13 63 4
13 64 4
13 65 4
13 66 4
13 67 4
13 70 4
13 71 4
13 72 4
13 73 4
13 74 4
13 77 4
13 78 4
13 79 4
13 80 4
13 81 4
13 84 4
13 85 4
13 86 4
13 87 4
13 88 4
13 91 1
13 92 1
13 93 4
13 94 4
13 95 4
13 98 2
13 99 1
13 100 1
13 101 1
13 102 1
13 105 4
13 106 8
13 107 8
13 108 8
13 109 8
13 113 2
13 114 2
13 115 8
13 116 8
13 119 4
13 120 4
13 121 8
13 122 8
13 123 8
13 126 4
13 127 4
13 128 4
13 129 4
13 130 4
13 133 4
13 134 8
13 135 8
13 138 1
13 139 8
13 142 2
13 143 2
13 144 2
13 145 2
13 148 4
13 149 4
13 150 4
13 151 8
13 154 4
13 155 4
13 156 4
13 157 4
13 158 4
13 161 2
13 162 2
13 163 1
13 164 1
13 165 1
13 168 4
13 169 8
13 172 2
13 173 1
13 174 8
13 175 8
13 176 8
13 184 2
13 185 2
13 186 4
13 187 4
13 188 4
13 191 2
13 192 4
13 193 4
13 194 4
13 195 8
13 198 8
13 199 8
13 200 8
13 201 8
13 204 2
13 205 2
13 206 4
13 207 4
13 210 4
13 211 4
13 212 4
13 213 4
13 214 4
13 224 1
13 225 1
13 226 1
13 227 1
13 228 2
13 231 2
13 232 2
13 233 4
13 234 4
13 235 4
13 238 2
13 239 2
13 240 2
13 241 4
13 242 8
13 245 4
13 246 4
13 247 4
13 248 4
13 249 4
13 252 4
13 253 4
13 254 4
13 255 4
13 256 4
13 259 2
13 260 2
13 261 4
13 262 4
13 263 8
13 266 4
13 267 4
13 268 4
13 269 4
13 270 8
13 273 4
13 274 4
13 275 4
13 276 4
13 277 4
13 280 1
13 281 1
13 282 1
13 283 1
13 284 1
13 287 4
13 288 4
13 289 8
13 290 8
13 291 8
13 294 4
13 295 4
13 296 4
13 297 4
13 298 4
13 311 1
13 312 1
13 313 1
13 314 4
13 315 8
13 318 1
13 319 2
13 320 4
13 321 4
13 322 8
13 325 2
13 326 2
13 327 4
13 328 4
13 329 8
13 332 4
13 333 4
13 334 4
13 335 8
13 336 8
13 340 4
13 341 4
13 342 4
13 343 4
13 344 8
13 347 1
13 348 4
13 349 4
13 350 4
13 351 8
13 354 2
13 355 1
13 356 1
13 357 8
13 358 8
13 361 4
13 362 4
13 363 4
33 1 0
33 2 0
33 3 0
33 4 0
33 5 0
33 8 7
33 9 7
33 10 7
33 11 7
33 14 7
33 15 7
33 16 7
33 17 7
33 18 7
33 28 0
33 29 5
33 30 5
33 33 0
33 34 0
33 35 4
33 36 5
33 37 7
33 40 5
33 41 5
33 42 4
33 43 7
33 44 7
33 47 4
33 48 4
33 49 7
33 50 7
33 53 5
33 54 4
33 55 4
33 56 4
33 57 7
33 68 4
33 69 4
33 72 0
33 73 0
33 74 0
33 75 7
33 76 7
33 79 5
33 80 5
33 81 7
33 82 7
33 83 7
33 86 7
33 87 7
33 88 7
33 89 7
33 92 4
33 93 4
33 94 4
33 95 4
33 96 4
33 99 4
33 100 4
33 101 4
33 102 4
33 103 7
33 106 4
33 107 4
33 108 4
33 109 4
33 112 4
33 113 4
33 114 4
33 115 4
33 116 4
33 119 4
33 120 4
33 121 4
33 122 4
33 123 4
33 126 0
33 127 0
33 128 0
33 129 0
33 130 0
33 133 4
33 134 4
33 135 4
33 136 4
33 137 7
33 140 4
33 141 4
33 142 4
33 143 7
33 147 4
33 148 4
33 149 4
33 150 4
33 151 4
33 154 4
33 155 4
33 156 4
33 157 4
33 158 4
33 161 4
33 162 4
33 163 4
33 164 4
33 165 4
33 168 0
33 169 0
33 170 0
33 171 0
33 172 0
33 175 0
33 176 0
33 177 0
33 178 0
33 179 0
33 182 4
33 183 4
33 184 4
33 185 4
33 186 4
33 189 5
33 190 5
33 191 5
33 192 4
33 193 4
33 196 4
33 197 4
33 198 4
33 199 4
33 200 4
33 203 4
33 204 4
33 205 4
33 206 4
33 207 4
33 210 4
33 211 4
33 212 4
33 213 4
33 216 4
33 217 4
33 218 7
33 223 0
33 224 7
33 227 4
33 228 4
33 229 4
33 230 4
33 231 7
33 238 4
33 239 4
33 240 4
33 241 4
33 242 7
33 245 4
33 246 4
33 247 7
33 248 7
33 249 7
33 252 4
33 253 4
33 254 4
33 255 4
33 256 4
33 259 4
33 260 4
33 261 4
33 262 4
33 263 4
33 266 0
33 267 0
33 268 0
33 269 4
33 270 4
33 273 4
33 274 4
33 275 4
33 278 4
33 279 4
33 280 4
33 281 4
33 282 7
33 285 4
33 286 4
33 287 7
33 290 0
33 291 0
33 292 4
33 293 7
33 294 7
33 297 0
33 298 5
33 299 4
33 300 4
33 301 7
33 306 0
33 307 0
33 310 0
33 311 5
33 312 4
33 313 4
33 314 5
33 317 4
33 318 4
33 319 4
33 320 4
33 321 4
33 324 4
33 325 5
33 326 4
33 327 4
33 328 4
33 331 0
33 332 0
33 333 0
33 334 0
33 335 4
33 338 5
33 339 7
33 346 4
33 347 4
33 348 4
33 349 4
33 350 4
33 353 5
33 354 5
33 355 7
33 358 0
33 359 0
33 360 4
33 361 4
33 362 4
42 3 1
42 4 1
42 5 4
42 6 4
42 7 9
42 10 7
42 11 9
42 12 9
42 17 2
42 18 3
42 19 3
42 20 9
42 25 1
42 26 1
42 27 2
42 28 2
42 29 7
42 32 2
42 33 1
42 34 1
42 35 3
42 40 7
42 41 7
42 42 7
42 43 9
42 47 3
42 48 3
42 49 3
42 53 1
42 54 1
42 55 3
42 58 2
42 59 2
42 62 2
42 63 9
42 66 2
42 67 2
42 68 2
42 82 2
42 83 3
42 84 3
42 89 3
42 90 3
42 91 9
42 101 2
42 102 2
42 103 2
42 104 2
42 108 2
42 109 2
42 110 3
42 111 3
42 112 9
42 117 2
42 118 1
42 122 2
42 123 7
42 132 2
42 133 3
42 141 7
42 142 7
42 143 9
42 148 1
42 149 1
42 150 1
42 151 1
42 152 1
42 159 4
42 160 4
42 166 9
42 167 9
42 170 7
42 171 7
42 174 3
42 175 3
42 180 7
42 181 7
42 184 1
42 185 1
42 186 1
42 187 1
42 188 1
42 194 1
42 195 4
42 196 9
42 201 7
42 202 7
42 208 3
42 209 9
42 215 9
42 216 9
42 220 1
42 221 3
42 225 3
42 226 9
42 227 9
42 230 3
42 231 3
42 236 2
42 237 1
42 238 1
42 243 7
42 244 9
42 257 7
42 258 7
42 270 1
42 271 2
42 272 2
42 273 7
42 277 2
42 278 4
42 279 9
42 285 4
42 286 7
42 292 2
42 293 9
42 294 9
42 295 9
42 299 1
42 300 1
42 305 4
42 306 3
42 312 2
42 313 9
42 314 9
42 320 2
42 321 1
42 322 2
42 323 7
42 337 7
42 338 7
42 339 7
42 340 9
42 341 9
42 350 7
42 351 7
42 352 7
42 353 7
42 354 7
49 0 6
49 3 0
49 4 0
49 10 3
49 11 3
49 12 4
49 13 7
49 14 7
49 18 0
49 19 0
49 20 9
49 32 7
49 33 7
49 34 9
49 35 9
49 39 3
49 40 4
49 41 3
49 51 6
49 52 6
49 53 6
49 58 7
49 59 7
49 60 7
49 61 7
49 62 9
49 65 0
49 66 0
49 69 7
49 70 7
49 71 7
49 75 3
49 76 9
49 80 0
49 81 3
49 82 4
49 83 4
49 92 9
49 93 9
49 94 9
49 98 0
49 99 0
49 100 0
49 101 0
49 102 0
49 105 4
49 106 6
49 107 6
49 108 6
49 109 9
49 120 0
49 121 0
49 122 0
49 123 0
49 136 0
49 137 3
49 138 6
49 139 7
49 145 6
49 146 6
49 147 6
49 148 6
49 149 6
49 155 0
49 156 7
49 157 9
49 158 9
49 161 4
49 162 4
49 163 4
49 168 0
49 169 7
49 182 0
49 183 0
49 184 7
49 185 7
49 186 7
49 197 9
49 198 9
49 213 9
49 214 9
49 219 7
49 220 9
49 224 9
49 225 9
49 226 9
49 227 9
49 228 9
49 231 3
49 232 3
49 246 0
49 247 9
49 250 9
49 251 9
49 256 0
49 257 3
49 258 6
49 261 6
49 262 6
49 266 0
49 267 6
49 268 6
49 271 6
49 272 6
49 275 9
49 276 9
49 277 9
49 284 7
49 285 7
49 286 7
49 294 6
49 295 6
49 296 6
49 299 0
49 300 3
49 301 3
49 302 7
49 308 7
49 309 6
49 322 7
49 323 6
49 338 9
49 339 9
49 340 9
49 341 9
49 342 9
49 363 7
23 0 3
23 1 3
23 4 2
23 5 6
23 6 7
23 7 6
23 10 6
23 11 6
23 12 6
23 13 7
23 16 6
23 17 6
23 18 6
23 19 6
23 20 7
23 23 3
23 24 3
23 25 3
23 26 6
23 27 6
23 30 2
23 31 3
23 32 3
23 33 3
23 34 3
23 37 3
23 38 3
23 39 6
23 40 6
23 41 6
23 44 3
23 45 3
23 46 3
23 49 2
23 50 3
23 51 3
23 52 3
23 53 3
23 63 3
23 64 7
23 65 7
23 68 2
23 69 2
23 74 2
23 75 2
23 76 2
23 77 7
23 78 7
23 81 2
23 82 2
23 83 2
23 84 3
23 85 6
23 88 2
23 89 2
23 90 2
23 91 2
23 94 2
23 95 2
23 98 3
23 99 3
23 100 3
23 101 3
23 104 4
23 105 3
23 106 3
23 107 3
23 110 3
23 111 3
23 112 6
23 116 3
23 117 3
23 118 3
23 119 3
23 120 6
23 123 3
23 124 3
23 125 3
23 130 3
23 131 3
23 132 3
23 133 3
23 134 3
23 137 2
23 138 6
23 139 6
23 140 6
23 141 6
23 144 3
23 145 3
23 146 3
23 147 6
23 157 2
23 158 2
23 159 2
23 160 2
23 163 3
23 164 3
23 165 7
23 166 7
23 169 3
23 170 3
23 171 3
23 172 3
23 175 2
23 176 2
23 177 2
23 178 2
23 179 2
23 182 2
23 183 2
23 184 2
23 185 2
23 186 2
23 189 3
23 190 3
23 191 3
23 192 3
23 193 3
23 196 4
23 197 4
23 198 4
23 199 3
23 200 3
23 203 3
23 204 3
23 205 3
23 206 3
23 207 3
23 210 3
23 211 3
23 212 3
23 213 3
23 214 3
23 217 3
23 218 3
23 219 3
23 220 7
23 221 7
23 224 3
23 225 3
23 226 3
23 227 3
23 228 3
23 231 3
23 232 3
23 233 3
23 234 3
23 235 3
23 238 3
23 239 3
23 240 3
23 241 3
23 242 3
23 245 3
23 246 3
23 247 3
23 248 3
23 249 3
23 252 3
23 253 3
23 254 3
23 255 3
23 256 3
23 259 3
23 260 3
23 261 3
23 262 3
23 263 3
23 266 3
23 267 3
23 268 3
23 269 3
23 270 3
23 273 3
23 274 3
23 275 3
23 276 3
23 277 3
23 280 3
23 281 3
23 282 4
23 283 3
23 284 3
23 287 3
23 288 3
23 289 3
23 290 3
23 291 3
23 294 2
23 295 2
23 296 2
23 297 2
23 298 2
23 301 2
23 302 2
23 303 2
23 304 2
23 305 2
23 308 2
23 309 2
23 310 3
23 311 3
23 312 3
23 317 3
23 318 3
23 319 3
23 320 6
23 324 3
23 325 3
23 328 3
23 329 3
23 330 7
23 331 7
23 332 7
23 335 2
23 336 7
23 337 7
23 341 2
23 342 3
23 343 3
23 344 3
23 345 6
23 348 3
23 349 7
23 350 7
23 354 4
23 355 3
23 356 4
23 357 7
23 360 3
23 361 3
1 2 7
1 3 8
1 4 7
1 7 2
1 8 2
1 9 0
1 10 2
1 11 7
1 14 0
1 15 2
1 16 2
1 17 2
1 18 2
1 21 0
1 22 0
1 23 0
1 24 0
1 27 2
1 28 2
1 29 2
1 30 7
1 31 7
1 34 2
1 35 0
1 36 0
1 37 0
1 38 7
1 43 2
1 44 2
1 45 5
1 46 7
1 49 0
1 50 8
1 51 7
1 52 7
1 53 8
1 56 2
1 57 0
1 58 2
1 64 0
1 65 4
1 66 8
1 67 8
1 68 7
1 71 2
1 72 2
1 73 7
1 74 7
1 75 7
1 79 2
1 80 0
1 81 2
1 82 0
1 83 0
1 86 2
1 87 2
1 88 2
1 91 7
1 92 8
1 93 7
1 94 7
1 95 7
1 98 3
1 99 3
1 100 3
1 101 3
1 102 3
1 106 3
1 107 3
1 108 3
1 109 3
1 110 3
1 113 2
1 114 2
1 115 2
1 116 0
1 117 0
1 120 0
1 121 0
1 122 3
1 123 3
1 124 7
1 127 5
1 128 5
1 129 5
1 130 3
1 133 2
1 134 2
1 135 3
1 136 3
1 137 3
1 140 3
1 141 3
1 142 3
1 143 3
1 144 3
1 147 8
1 148 8
1 149 8
1 152 8
1 153 8
1 154 8
1 155 8
1 156 8
1 159 2
1 160 3
1 161 3
1 162 7
1 165 3
1 166 3
1 167 3
1 168 3
1 169 8
1 173 3
1 174 3
1 175 8
1 176 8
1 177 8
1 180 4
1 181 4
1 182 4
1 183 7
1 189 0
1 190 0
1 191 0
1 192 3
1 193 3
1 196 3
1 197 8
1 198 8
1 199 8
1 200 8
1 203 7
1 204 7
1 205 7
1 206 8
1 207 8
1 210 4
1 211 4
1 212 4
1 213 4
1 214 3
1 217 3
1 218 3
1 219 3
1 220 3
1 221 3
1 224 3
1 225 3
1 226 5
1 227 5
1 228 5
1 231 3
1 232 3
1 233 3
1 234 7
1 235 7
1 238 3
1 239 3
1 240 8
1 241 8
1 242 8
1 245 3
1 246 3
1 247 3
1 248 7
1 249 7
1 252 3
1 253 7
1 265 3
1 266 3
1 267 7
1 268 7
1 269 8
1 272 3
1 273 3
1 274 4
1 275 8
1 276 8
1 279 2
1 280 2
1 281 7
1 282 7
1 283 7
1 286 3
1 287 8
1 288 8
1 289 8
1 290 7
1 293 0
1 294 3
1 295 3
1 296 3
1 297 7
1 311 2
1 312 2
1 313 2
1 314 3
1 315 7
1 318 2
1 319 2
1 320 3
1 321 3
1 322 7
1 325 0
1 326 0
1 327 0
1 328 2
1 329 7
1 332 5
1 333 5
1 334 5
1 335 5
1 338 2
1 339 2
1 340 2
1 341 8
1 342 7
1 345 2
1 346 5
1 347 8
1 348 7
1 349 7
1 352 2
1 353 3
1 354 3
1 355 3
1 356 7
1 359 7
1 360 7
1 361 7
1 362 7
16 0 6
16 1 8
16 2 6
16 3 8
16 6 0
16 7 4
16 8 3
16 9 3
16 10 5
16 13 6
16 14 6
16 15 6
16 16 6
16 17 8
16 31 0
16 32 1
16 33 4
16 34 3
16 35 8
16 38 5
16 39 8
16 40 8
16 41 6
16 42 7
16 45 8
16 46 8
16 47 8
16 48 8
16 51 5
16 52 5
16 58 5
16 59 3
16 60 3
16 61 8
16 62 8
16 66 3
16 67 3
16 68 3
16 69 3
16 70 6
16 73 8
16 74 6
16 75 6
16 76 7
16 79 1
16 80 1
16 81 1
16 82 3
16 85 3
16 86 3
16 87 3
16 88 3
16 91 3
16 92 6
16 93 7
16 94 7
16 95 7
16 98 7
16 99 6
16 100 6
16 101 6
16 102 6
16 110 7
16 111 7
16 114 7
16 115 7
16 116 7
16 119 3
16 120 3
16 121 3
16 122 3
16 123 3
16 126 3
16 127 3
16 128 7
16 129 7
16 130 7
16 133 8
16 134 8
16 135 8
16 136 6
16 149 5
16 150 5
16 151 6
16 154 6
16 155 6
16 156 6
16 157 6
16 158 6
16 161 3
16 162 3
16 163 3
16 164 8
16 165 8
16 168 1
16 169 1
16 170 1
16 171 0
16 172 3
16 175 3
16 176 3
16 177 3
16 178 6
16 179 7
16 182 3
16 183 3
16 184 8
16 185 8
16 186 8
16 189 3
16 190 3
16 191 3
16 192 5
16 193 5
16 196 0
16 197 0
16 198 0
16 199 0
16 200 0
16 203 7
16 204 7
16 205 7
16 206 7
16 207 7
16 210 3
16 211 3
16 212 3
16 213 3
16 214 3
16 217 4
16 218 4
16 219 8
16 220 6
16 221 6
16 224 8
16 225 8
16 226 8
16 227 7
16 228 7
16 231 3
16 232 3
16 233 7
16 234 7
16 235 8
16 238 3
16 239 3
16 240 7
16 241 7
16 242 7
16 245 3
16 246 3
16 247 3
16 248 7
16 249 7
16 252 3
16 253 8
16 254 8
16 255 8
16 256 8
16 259 3
16 260 3
16 261 3
16 262 3
16 263 6
16 266 0
16 267 8
16 268 8
16 269 8
16 270 7
16 273 3
16 274 3
16 275 4
16 276 4
16 277 3
16 280 8
16 281 8
16 282 8
16 283 8
16 284 8
16 287 6
16 288 6
16 289 6
16 290 8
16 291 8
16 294 3
16 295 3
16 296 7
16 297 7
16 298 7
16 301 3
16 302 3
16 303 3
16 304 3
16 305 3
16 308 3
16 309 3
16 310 3
16 311 7
16 312 7
16 315 1
16 316 8
16 317 8
16 318 7
16 319 7
16 322 8
16 323 8
16 324 8
16 325 8
16 326 7
16 329 3
16 330 3
16 331 3
16 332 3
16 333 3
16 336 3
16 337 3
16 338 3
16 339 4
16 340 4
16 343 0
16 344 7
16 345 7
16 348 0
16 349 0
16 350 0
16 351 7
16 352 7
16 355 0
16 356 0
16 357 6
16 358 7
16 359 7
25 0 7
25 1 6
25 2 7
25 5 7
25 6 7
25 7 6
25 8 6
25 23 6
25 24 8
25 25 8
25 28 8
25 29 8
25 30 6
25 31 7
25 34 6
25 35 6
25 36 6
25 37 6
25 38 6
25 41 6
25 42 6
25 43 6
25 44 7
25 45 7
25 48 6
25 49 6
25 50 6
25 51 6
25 52 6
25 55 1
25 56 3
25 57 3
25 58 7
25 59 6
25 63 3
25 64 7
25 65 7
25 66 7
25 67 7
25 70 3
25 71 3
25 72 3
25 73 6
25 74 6
25 77 3
25 78 3
25 79 3
25 80 7
25 81 6
25 85 3
25 86 3
25 87 3
25 88 7
25 91 3
25 92 3
25 93 3
25 94 8
25 95 8
25 98 6
25 99 7
25 100 6
25 101 6
25 112 3
25 113 3
25 114 3
25 115 3
25 116 3
25 119 3
25 120 3
25 121 3
25 122 3
25 123 3
25 126 3
25 127 3
25 128 3
25 129 6
25 130 6
25 133 7
25 134 7
25 135 7
25 136 7
25 137 7
25 140 3
25 141 8
25 142 8
25 143 8
25 144 8
25 147 1
25 148 3
25 149 3
25 150 3
25 151 6
25 154 3
25 155 3
25 156 3
25 157 8
25 158 8
25 161 3
25 162 3
25 163 3
25 164 3
25 165 3
25 168 3
25 169 3
25 170 3
25 171 8
25 172 8
25 175 3
25 176 3
25 177 3
25 178 3
25 179 3
25 182 3
25 183 3
25 184 3
25 185 3
25 186 3
25 189 3
25 190 7
25 191 7
25 192 7
25 193 7
25 196 1
25 197 1
25 198 1
25 199 1
25 200 3
25 203 8
25 204 8
25 205 8
25 206 8
25 207 8
25 210 7
25 211 7
25 212 7
25 213 7
25 214 6
25 217 8
25 218 8
25 219 8
25 220 7
25 221 7
25 224 3
25 225 3
25 226 7
25 227 7
25 228 7
25 231 3
25 232 3
25 233 3
25 234 7
25 235 7
25 238 6
25 239 6
25 240 6
25 241 6
25 242 6
25 245 3
25 246 3
25 247 3
25 248 7
25 249 7
25 252 3
25 253 3
25 254 3
25 255 3
25 256 3
25 259 3
25 260 3
25 261 3
25 262 3
25 263 3
25 266 3
25 267 7
25 268 7
25 269 7
25 270 8
25 273 8
25 274 8
25 275 8
25 276 8
25 277 8
25 280 3
25 281 3
25 282 8
25 283 8
25 284 6
25 297 8
25 298 8
25 299 6
25 300 8
25 301 8
25 305 1
25 306 3
25 307 6
25 310 6
25 311 6
25 312 6
25 313 6
25 314 6
25 317 3
25 318 8
25 319 8
25 320 8
25 321 7
25 324 3
25 325 3
25 326 3
25 327 7
25 328 7
25 334 1
25 335 1
25 336 7
25 337 8
25 338 8
25 341 8
25 342 6
25 343 6
25 344 6
25 345 6
25 348 3
25 349 3
25 350 3
25 351 3
25 352 7
25 355 3
25 356 3
25 357 3
25 358 3
25 359 8
25 362 3
25 363 3
45 0 4
45 1 4
45 6 5
45 7 5
45 8 8
45 9 8
45 10 8
45 13 4
45 14 4
45 19 4
45 20 4
45 21 4
45 22 5
45 23 5
45 28 4
45 29 8
45 30 8
45 31 8
45 32 8
45 43 5
45 44 4
45 45 4
45 63 1
45 64 4
45 65 4
45 66 5
45 70 1
45 71 4
45 74 1
45 75 1
45 76 1
45 77 4
45 78 9
45 89 5
45 90 4
45 94 1
45 95 4
45 96 4
45 97 4
45 105 1
45 106 1
45 112 1
45 113 1
45 114 4
45 115 9
45 120 1
45 121 1
45 126 1
45 127 4
45 128 9
45 141 1
45 142 8
45 143 8
45 144 8
45 145 8
45 150 4
45 151 5
45 152 9
45 153 9
45 154 9
45 158 1
45 159 4
45 160 5
45 163 4
45 164 8
45 165 8
45 166 8
45 167 8
45 170 1
45 171 9
45 172 9
45 184 1
45 185 9
45 186 9
45 198 9
45 199 9
45 200 9
45 210 8
45 211 8
45 212 8
45 213 8
45 216 1
45 217 9
45 218 9
45 233 1
45 234 9
45 237 4
45 238 9
45 243 1
45 244 9
45 245 9
45 246 9
45 247 9
45 253 5
45 254 5
45 255 5
45 256 5
45 257 5
45 260 1
45 261 9
45 267 1
45 268 1
45 269 8
45 270 9
45 276 8
45 277 8
45 288 1
45 289 1
45 290 9
45 297 8
45 298 9
45 314 5
45 315 9
45 320 4
45 321 9
45 325 9
45 326 9
45 329 5
45 330 5
45 347 4
45 348 8
45 349 8
45 350 9
45 357 5
45 358 5
45 359 9
45 360 9
44 3 7
44 4 9
44 5 9
44 6 9
44 18 4
44 19 3
44 20 3
44 21 9
44 24 1
44 25 1
44 26 3
44 29 5
44 30 9
44 31 9
44 32 9
44 35 1
44 36 9
44 37 9
44 38 9
44 43 5
44 44 5
44 45 5
44 46 5
44 47 5
44 51 1
44 52 2
44 53 7
44 54 7
44 55 7
44 59 5
44 60 5
44 61 7
44 62 7
44 63 7
44 66 3
44 67 3
44 68 8
44 69 8
44 70 8
44 73 2
44 74 2
44 75 4
44 76 4
44 77 9
44 82 3
44 83 3
44 84 7
44 85 7
44 86 7
44 90 1
44 91 7
44 94 2
44 95 5
44 96 5
44 97 5
44 98 5
44 103 7
44 104 7
44 124 1
44 125 1
44 126 9
44 129 2
44 130 8
44 137 1
44 138 1
44 139 1
44 140 9
44 141 9
44 157 3
44 158 3
44 159 7
44 160 8
44 166 9
44 167 9
44 170 9
44 171 9
44 178 1
44 179 2
44 180 9
44 181 9
44 193 1
44 194 7
44 197 8
44 198 7
44 201 1
44 202 8
44 208 2
44 209 7
44 213 1
44 214 5
44 215 5
44 216 9
44 222 2
44 223 1
44 224 2
44 225 8
44 226 7
44 229 1
44 230 1
44 235 7
44 236 7
44 237 7
44 246 2
44 247 2
44 248 2
44 249 2
44 250 1
44 259 7
44 260 7
44 264 8
44 265 7
44 278 1
44 279 8
44 284 4
44 285 4
44 286 9
44 287 9
44 299 9
44 300 9
44 301 9
44 306 1
44 307 7
44 313 3
44 314 4
44 315 4
44 316 4
44 321 5
44 322 5
44 323 5
44 324 7
44 325 7
44 334 4
44 335 8
44 345 1
44 346 3
44 347 7
44 360 1
44 361 1
44 362 2
44 363 1
48 7 6
48 8 9
48 9 9
48 16 2
48 17 1
48 18 2
48 21 2
48 22 2
48 23 2
48 26 9
48 27 9
48 28 9
48 29 9
48 30 9
48 35 8
48 36 8
48 37 8
48 38 8
48 39 9
48 61 6
48 62 6
48 63 6
48 64 6
48 69 2
48 70 6
48 71 6
48 72 6
48 83 1
48 84 2
48 85 8
48 86 8
48 87 6
48 96 1
48 97 1
48 98 9
48 99 9
48 100 9
48 110 1
48 111 6
48 112 6
48 113 6
48 120 2
48 121 2
48 122 2
48 123 2
48 124 2
48 129 2
48 130 9
48 131 9
48 141 6
48 142 9
48 143 9
48 151 2
48 152 2
48 153 8
48 154 9
48 159 1
48 160 6
48 166 1
48 167 1
48 168 9
48 179 1
48 180 1
48 181 1
48 182 1
48 183 8
48 189 2
48 190 2
48 191 2
48 192 1
48 193 1
48 199 4
48 200 4
48 205 6
48 206 6
48 222 6
48 223 6
48 224 6
48 225 6
48 226 6
48 235 1
48 236 8
48 237 8
48 238 8
48 241 2
48 242 1
48 245 8
48 246 8
48 247 8
48 248 8
48 249 8
48 254 6
48 255 6
48 260 1
48 261 1
48 262 8
48 263 8
48 264 8
48 268 8
48 269 9
48 287 1
48 288 8
48 292 2
48 293 3
48 294 9
48 295 9
48 296 9
48 309 2
48 310 2
48 311 2
48 315 3
48 316 3
48 317 9
48 320 2
48 321 1
48 322 3
48 323 3
48 339 1
48 340 8
48 350 8
48 351 9
48 352 9
48 353 9
48 354 9
48 358 2
48 359 3
48 360 6
