0 0 3
0 1 3
0 2 2
0 3 3
0 4 5
0 5 6
0 6 6
0 7 3
0 8 3
0 9 3
0 10 3
0 11 3
0 12 6
0 13 6
0 14 2
0 15 3
0 16 3
0 17 2
0 18 3
0 19 6
0 20 6
0 21 6
0 22 6
0 23 3
0 24 3
0 25 3
0 26 6
0 27 6
0 28 5
0 29 5
0 30 5
0 31 5
0 32 4
0 33 6
0 34 6
0 35 2
0 36 2
0 37 2
0 38 2
0 39 2
0 40 6
0 41 6
0 42 3
0 43 2
0 44 2
0 45 2
0 46 2
0 47 6
0 48 6
0 49 3
0 50 2
0 51 6
0 52 6
0 53 4
0 54 4
0 55 5
0 56 4
0 57 6
0 58 6
0 59 5
0 60 5
0 61 5
0 62 5
0 63 5
0 64 6
0 65 6
0 66 2
0 67 2
0 68 2
0 69 2
0 70 6
0 71 6
0 72 3
0 73 2
0 74 3
0 75 6
0 76 6
0 77 3
0 78 3
0 79 3
0 80 3
0 81 6
0 82 6
0 83 6
0 84 6
0 85 6
0 86 6
0 87 6
0 88 6
0 89 6
0 90 6
0 91 6
0 92 6
0 93 3
0 94 2
0 95 3
0 96 6
0 97 6
0 98 2
0 99 2
0 100 3
0 101 2
0 102 3
0 103 6
0 104 6
0 105 3
0 106 2
0 107 2
0 108 6
0 109 6
0 110 4
0 111 4
0 112 4
0 113 4
0 114 5
0 115 6
0 116 6
0 117 6
0 118 6
0 119 3
0 120 3
0 121 3
0 122 6
0 123 6
0 124 2
0 125 3
0 126 2
0 127 6
0 128 6
0 129 3
0 130 3
0 131 3
0 132 2
0 133 4
0 134 6
0 135 6
0 136 3
0 137 2
0 138 2
0 139 2
0 140 2
0 141 6
0 142 6
0 143 6
0 144 3
0 145 4
0 146 4
0 147 4
0 148 4
0 149 6
0 150 6
0 151 3
0 152 2
0 153 3
0 154 6
0 155 6
0 156 3
0 157 3
0 158 3
0 159 3
0 160 3
0 161 6
0 162 6
0 163 2
0 164 3
0 165 3
0 166 3
0 167 2
0 168 6
0 169 6
0 170 3
0 171 3
0 172 3
0 173 2
0 174 3
0 175 6
0 176 6
0 177 4
0 178 4
0 179 4
0 180 4
0 181 4
1 0 0
1 1 3
1 2 3
1 3 4
1 4 4
1 5 6
1 6 6
1 7 1
1 8 1
1 9 1
1 10 1
1 11 6
1 12 6
1 13 1
1 14 5
1 15 4
1 16 6
1 17 6
1 18 6
1 19 6
1 20 6
1 21 1
1 22 0
1 23 1
1 24 1
1 25 1
1 26 6
1 27 6
1 28 0
1 29 0
1 30 3
1 31 3
1 32 3
1 33 6
1 34 6
1 35 0
1 36 3
1 37 3
1 38 4
1 39 5
1 40 6
1 41 6
1 42 5
1 43 5
1 44 5
1 45 6
1 46 6
1 47 3
1 48 3
1 49 3
1 50 3
1 51 3
1 52 6
1 53 6
1 54 3
1 55 3
1 56 3
1 57 3
1 58 6
1 59 6
1 60 0
1 61 3
1 62 3
1 63 6
1 64 6
1 65 6
1 66 6
1 67 6
1 68 6
1 69 1
1 70 1
1 71 1
1 72 3
1 73 3
1 74 6
1 75 6
1 76 6
1 77 0
1 78 0
1 79 6
1 80 6
1 81 3
1 82 3
1 83 3
1 84 3
1 85 6
1 86 6
1 87 0
1 88 1
1 89 4
1 90 5
1 91 6
1 92 6
1 93 6
1 94 6
1 95 3
1 96 4
1 97 6
1 98 6
1 99 4
1 100 5
1 101 5
1 102 4
1 103 6
1 104 6
1 105 0
1 106 4
1 107 5
1 108 4
1 109 5
1 110 6
1 111 6
1 112 6
1 113 6
1 114 6
1 115 1
1 116 3
1 117 3
1 118 3
1 119 5
1 120 6
1 121 6
1 122 1
1 123 3
1 124 6
1 125 6
1 126 1
1 127 5
1 128 5
1 129 5
1 130 5
1 131 6
1 132 6
1 133 3
1 134 3
1 135 3
1 136 3
1 137 3
1 138 6
1 139 6
1 140 3
1 141 3
1 142 5
1 143 5
1 144 4
1 145 6
1 146 6
1 147 3
1 148 3
1 149 3
1 150 3
1 151 4
1 152 6
1 153 6
1 154 0
1 155 0
1 156 0
1 157 0
1 158 0
1 159 6
1 160 6
1 161 0
1 162 3
1 163 6
1 164 6
1 165 0
1 166 3
1 167 3
1 168 3
1 169 6
1 170 6
1 171 1
1 172 4
1 173 4
1 174 4
1 175 6
1 176 6
1 177 0
1 178 0
1 179 0
1 180 0
1 181 0
2 0 2
2 1 3
2 2 2
2 3 3
2 4 3
2 5 6
2 6 6
2 7 6
2 8 6
2 9 6
2 10 6
2 11 6
2 12 6
2 13 6
2 14 6
2 15 6
2 16 6
2 17 0
2 18 0
2 19 0
2 20 0
2 21 0
2 22 6
2 23 6
2 24 0
2 25 0
2 26 0
2 27 2
2 28 6
2 29 6
2 30 3
2 31 3
2 32 3
2 33 3
2 34 2
2 35 6
2 36 6
2 37 2
2 38 3
2 39 2
2 40 2
2 41 3
2 42 6
2 43 6
2 44 2
2 45 3
2 46 3
2 47 2
2 48 2
2 49 6
2 50 6
2 51 2
2 52 2
2 53 3
2 54 2
2 55 3
2 56 6
2 57 6
2 58 6
2 59 6
2 60 6
2 61 6
2 62 6
2 63 2
2 64 3
2 65 2
2 66 2
2 67 4
2 68 6
2 69 6
2 70 2
2 71 3
2 72 3
2 73 4
2 74 4
2 75 6
2 76 6
2 77 2
2 78 2
2 79 6
2 80 6
2 81 2
2 82 2
2 83 2
2 84 2
2 85 3
2 86 6
2 87 6
2 88 0
2 89 2
2 90 2
2 91 2
2 92 2
2 93 6
2 94 6
2 95 2
2 96 2
2 97 3
2 98 6
2 99 6
2 100 2
2 101 3
2 102 3
2 103 6
2 104 6
2 105 0
2 106 0
2 107 0
2 108 0
2 109 2
2 110 6
2 111 6
2 112 2
2 113 2
2 114 2
2 115 3
2 116 2
2 117 6
2 118 6
2 119 0
2 120 2
2 121 2
2 122 3
2 123 2
2 124 6
2 125 6
2 126 2
2 127 2
2 128 2
2 129 3
2 130 3
2 131 6
2 132 6
2 133 3
2 134 2
2 135 2
2 136 6
2 137 6
2 138 2
2 139 2
2 140 2
2 141 6
2 142 6
2 143 3
2 144 3
2 145 3
2 146 2
2 147 6
2 148 6
2 149 2
2 150 3
2 151 3
2 152 3
2 153 3
2 154 6
2 155 6
2 156 0
2 157 2
2 158 2
2 159 3
2 160 3
2 161 6
2 162 6
2 163 3
2 164 2
2 165 3
2 166 6
2 167 6
2 168 3
2 169 3
2 170 3
2 171 3
2 172 4
2 173 6
2 174 6
2 175 0
2 176 0
2 177 0
2 178 0
2 179 0
2 180 6
2 181 6
3 0 1
3 1 2
3 2 2
3 3 4
3 4 6
3 5 6
3 6 2
3 7 2
3 8 3
3 9 3
3 10 3
3 11 6
3 12 6
3 13 6
3 14 6
3 15 6
3 16 6
3 17 6
3 18 1
3 19 1
3 20 1
3 21 2
3 22 2
3 23 6
3 24 6
3 25 2
3 26 5
3 27 5
3 28 5
3 29 5
3 30 6
3 31 6
3 32 3
3 33 3
3 34 3
3 35 2
3 36 6
3 37 6
3 38 2
3 39 3
3 40 5
3 41 5
3 42 6
3 43 6
3 44 1
3 45 1
3 46 2
3 47 6
3 48 6
3 49 6
3 50 6
3 51 6
3 52 6
3 53 6
3 54 6
3 55 6
3 56 1
3 57 1
3 58 1
3 59 1
3 60 1
3 61 6
3 62 6
3 63 2
3 64 3
3 65 3
3 66 6
3 67 6
3 68 2
3 69 3
3 70 6
3 71 6
3 72 3
3 73 2
3 74 5
3 75 5
3 76 4
3 77 6
3 78 6
3 79 1
3 80 3
3 81 5
3 82 6
3 83 6
3 84 1
3 85 1
3 86 1
3 87 1
3 88 1
3 89 6
3 90 6
3 91 3
3 92 2
3 93 5
3 94 5
3 95 4
3 96 6
3 97 6
3 98 2
3 99 2
3 100 2
3 101 3
3 102 3
3 103 6
3 104 6
3 105 3
3 106 3
3 107 3
3 108 3
3 109 6
3 110 6
3 111 3
3 112 2
3 113 4
3 114 4
3 115 6
3 116 6
3 117 5
3 118 5
3 119 5
3 120 6
3 121 6
3 122 3
3 123 2
3 124 4
3 125 4
3 126 6
3 127 6
3 128 6
3 129 3
3 130 3
3 131 2
3 132 3
3 133 5
3 134 6
3 135 6
3 136 1
3 137 1
3 138 6
3 139 6
3 140 1
3 141 5
3 142 5
3 143 4
3 144 4
3 145 6
3 146 6
3 147 1
3 148 2
3 149 2
3 150 2
3 151 3
3 152 6
3 153 6
3 154 1
3 155 1
3 156 1
3 157 1
3 158 1
3 159 6
3 160 6
3 161 2
3 162 3
3 163 3
3 164 3
3 165 3
3 166 6
3 167 6
3 168 1
3 169 2
3 170 6
3 171 6
3 172 5
3 173 5
3 174 5
3 175 5
3 176 5
3 177 6
3 178 6
3 179 2
3 180 3
3 181 2
4 0 1
4 1 2
4 2 3
4 3 3
4 4 2
4 5 6
4 6 6
4 7 2
4 8 2
4 9 2
4 10 3
4 11 3
4 12 6
4 13 6
4 14 0
4 15 0
4 16 0
4 17 0
4 18 0
4 19 6
4 20 6
4 21 1
4 22 2
4 23 3
4 24 2
4 25 2
4 26 6
4 27 6
4 28 2
4 29 2
4 30 2
4 31 6
4 32 6
4 33 2
4 34 2
4 35 2
4 36 2
4 37 2
4 38 6
4 39 6
4 40 6
4 41 6
4 42 0
4 43 1
4 44 1
4 45 1
4 46 1
4 47 6
4 48 6
4 49 6
4 50 2
4 51 3
4 52 2
4 53 5
4 54 6
4 55 6
4 56 2
4 57 3
4 58 6
4 59 6
4 60 1
4 61 0
4 62 0
4 63 0
4 64 3
4 65 6
4 66 6
4 67 1
4 68 3
4 69 2
4 70 3
4 71 3
4 72 6
4 73 6
4 74 2
4 75 2
4 76 2
4 77 2
4 78 3
4 79 6
4 80 6
4 81 6
4 82 6
4 83 6
4 84 2
4 85 2
4 86 2
4 87 2
4 88 3
4 89 6
4 90 6
4 91 1
4 92 0
4 93 3
4 94 6
4 95 6
4 96 3
4 97 3
4 98 2
4 99 3
4 100 3
4 101 6
4 102 6
4 103 1
4 104 1
4 105 1
4 106 1
4 107 0
4 108 6
4 109 6
4 110 3
4 111 3
4 112 3
4 113 3
4 114 2
4 115 6
4 116 6
4 117 3
4 118 2
4 119 2
4 120 2
4 121 6
4 122 6
4 123 6
4 124 6
4 125 6
4 126 6
4 127 6
4 128 6
4 129 6
4 130 6
4 131 6
4 132 6
4 133 2
4 134 3
4 135 3
4 136 3
4 137 2
4 138 6
4 139 6
4 140 2
4 141 2
4 142 2
4 143 2
4 144 2
4 145 6
4 146 6
4 147 2
4 148 3
4 149 2
4 150 6
4 151 6
4 152 3
4 153 3
4 154 3
4 155 2
4 156 6
4 157 6
4 158 3
4 159 3
4 160 2
4 161 6
4 162 6
4 163 6
4 164 1
4 165 1
4 166 1
4 167 1
4 168 2
4 169 6
4 170 6
4 171 0
4 172 2
4 173 2
4 174 3
4 175 2
4 176 6
4 177 6
4 178 1
4 179 1
4 180 1
4 181 1
5 0 6
5 1 1
5 2 1
5 3 3
5 4 3
5 5 3
5 6 6
5 7 6
5 8 3
5 9 3
5 10 6
5 11 6
5 12 3
5 13 3
5 14 3
5 15 3
5 16 3
5 17 6
5 18 6
5 19 3
5 20 3
5 21 3
5 22 6
5 23 6
5 24 3
5 25 3
5 26 3
5 27 3
5 28 6
5 29 6
5 30 1
5 31 1
5 32 1
5 33 1
5 34 3
5 35 6
5 36 6
5 37 6
5 38 6
5 39 6
5 40 6
5 41 6
5 42 4
5 43 4
5 44 4
5 45 4
5 46 4
5 47 6
5 48 6
5 49 1
5 50 1
5 51 1
5 52 1
5 53 1
5 54 6
5 55 6
5 56 3
5 57 3
5 58 4
5 59 4
5 60 4
5 61 6
5 62 6
5 63 6
5 64 6
5 65 6
5 66 1
5 67 1
5 68 1
5 69 1
5 70 1
5 71 6
5 72 6
5 73 1
5 74 3
5 75 3
5 76 3
5 77 3
5 78 6
5 79 6
5 80 3
5 81 3
5 82 6
5 83 6
5 84 3
5 85 3
5 86 3
5 87 3
5 88 3
5 89 6
5 90 6
5 91 1
5 92 1
5 93 1
5 94 1
5 95 3
5 96 6
5 97 6
5 98 3
5 99 3
5 100 3
5 101 3
5 102 3
5 103 6
5 104 6
5 105 1
5 106 4
5 107 4
5 108 4
5 109 4
5 110 6
5 111 6
5 112 1
5 113 1
5 114 3
5 115 3
5 116 3
5 117 6
5 118 6
5 119 3
5 120 3
5 121 6
5 122 6
5 123 1
5 124 1
5 125 1
5 126 1
5 127 6
5 128 6
5 129 3
5 130 3
5 131 6
5 132 6
5 133 6
5 134 6
5 135 6
5 136 3
5 137 3
5 138 3
5 139 3
5 140 3
5 141 6
5 142 6
5 143 1
5 144 1
5 145 4
5 146 4
5 147 4
5 148 6
5 149 6
5 150 4
5 151 4
5 152 6
5 153 6
5 154 4
5 155 4
5 156 4
5 157 4
5 158 4
5 159 6
5 160 6
5 161 1
5 162 1
5 163 4
5 164 4
5 165 6
5 166 6
5 167 1
5 168 3
5 169 4
5 170 4
5 171 6
5 172 6
5 173 4
5 174 4
5 175 4
5 176 4
5 177 4
5 178 6
5 179 6
5 180 6
5 181 1
6 0 0
6 1 0
6 2 1
6 3 6
6 4 6
6 5 2
6 6 2
6 7 2
6 8 6
6 9 6
6 10 3
6 11 3
6 12 3
6 13 3
6 14 3
6 15 6
6 16 6
6 17 2
6 18 2
6 19 3
6 20 2
6 21 6
6 22 6
6 23 6
6 24 6
6 25 6
6 26 6
6 27 6
6 28 6
6 29 0
6 30 0
6 31 0
6 32 0
6 33 0
6 34 6
6 35 6
6 36 1
6 37 2
6 38 6
6 39 6
6 40 3
6 41 3
6 42 3
6 43 3
6 44 3
6 45 6
6 46 6
6 47 0
6 48 3
6 49 6
6 50 6
6 51 2
6 52 3
6 53 2
6 54 6
6 55 6
6 56 2
6 57 2
6 58 3
6 59 2
6 60 3
6 61 6
6 62 6
6 63 3
6 64 2
6 65 2
6 66 2
6 67 5
6 68 6
6 69 6
6 70 3
6 71 3
6 72 3
6 73 2
6 74 2
6 75 6
6 76 6
6 77 0
6 78 0
6 79 3
6 80 3
6 81 3
6 82 6
6 83 6
6 84 3
6 85 2
6 86 2
6 87 3
6 88 3
6 89 6
6 90 6
6 91 2
6 92 2
6 93 2
6 94 3
6 95 2
6 96 6
6 97 6
6 98 1
6 99 1
6 100 1
6 101 1
6 102 1
6 103 6
6 104 6
6 105 1
6 106 0
6 107 0
6 108 0
6 109 5
6 110 6
6 111 6
6 112 0
6 113 1
6 114 0
6 115 0
6 116 5
6 117 6
6 118 6
6 119 6
6 120 6
6 121 6
6 122 6
6 123 6
6 124 6
6 125 6
6 126 6
6 127 6
6 128 1
6 129 1
6 130 1
6 131 0
6 132 1
6 133 6
6 134 6
6 135 1
6 136 5
6 137 5
6 138 5
6 139 5
6 140 6
6 141 6
6 142 0
6 143 0
6 144 0
6 145 1
6 146 0
6 147 6
6 148 6
6 149 0
6 150 3
6 151 3
6 152 6
6 153 6
6 154 2
6 155 2
6 156 2
6 157 6
6 158 6
6 159 1
6 160 1
6 161 1
6 162 1
6 163 1
6 164 6
6 165 6
6 166 1
6 167 2
6 168 5
6 169 6
6 170 6
6 171 2
6 172 3
6 173 3
6 174 3
6 175 2
6 176 6
6 177 6
6 178 0
6 179 1
6 180 3
6 181 2
7 0 6
7 1 6
7 2 1
7 3 2
7 4 4
7 5 5
7 6 4
7 7 6
7 8 6
7 9 1
7 10 1
7 11 2
7 12 4
7 13 5
7 14 6
7 15 6
7 16 1
7 17 1
7 18 1
7 19 2
7 20 2
7 21 6
7 22 6
7 23 2
7 24 2
7 25 2
7 26 2
7 27 4
7 28 6
7 29 6
7 30 1
7 31 2
7 32 2
7 33 6
7 34 6
7 35 4
7 36 4
7 37 5
7 38 5
7 39 4
7 40 6
7 41 6
7 42 2
7 43 2
7 44 2
7 45 2
7 46 5
7 47 6
7 48 6
7 49 2
7 50 4
7 51 6
7 52 6
7 53 2
7 54 2
7 55 2
7 56 4
7 57 6
7 58 6
7 59 6
7 60 6
7 61 6
7 62 6
7 63 6
7 64 6
7 65 6
7 66 6
7 67 6
7 68 6
7 69 6
7 70 1
7 71 1
7 72 2
7 73 2
7 74 2
7 75 6
7 76 6
7 77 1
7 78 2
7 79 2
7 80 2
7 81 2
7 82 6
7 83 6
7 84 1
7 85 2
7 86 6
7 87 6
7 88 2
7 89 2
7 90 2
7 91 2
7 92 4
7 93 6
7 94 6
7 95 2
7 96 2
7 97 2
7 98 2
7 99 2
7 100 6
7 101 6
7 102 2
7 103 2
7 104 2
7 105 2
7 106 6
7 107 6
7 108 1
7 109 1
7 110 6
7 111 6
7 112 2
7 113 2
7 114 5
7 115 5
7 116 5
7 117 6
7 118 6
7 119 4
7 120 5
7 121 4
7 122 4
7 123 5
7 124 6
7 125 6
7 126 6
7 127 6
7 128 2
7 129 2
7 130 4
7 131 4
7 132 6
7 133 6
7 134 4
7 135 4
7 136 4
7 137 4
7 138 4
7 139 6
7 140 6
7 141 1
7 142 2
7 143 2
7 144 2
7 145 5
7 146 6
7 147 6
7 148 5
7 149 5
7 150 5
7 151 4
7 152 4
7 153 6
7 154 6
7 155 2
7 156 2
7 157 2
7 158 2
7 159 2
7 160 6
7 161 6
7 162 1
7 163 1
7 164 1
7 165 1
7 166 6
7 167 6
7 168 2
7 169 2
7 170 2
7 171 2
7 172 4
7 173 6
7 174 6
7 175 2
7 176 4
7 177 4
7 178 4
7 179 4
7 180 6
7 181 6
8 0 1
8 1 0
8 2 0
8 3 0
8 4 1
8 5 6
8 6 6
8 7 0
8 8 2
8 9 2
8 10 2
8 11 3
8 12 6
8 13 6
8 14 3
8 15 2
8 16 2
8 17 3
8 18 2
8 19 6
8 20 6
8 21 0
8 22 2
8 23 2
8 24 6
8 25 6
8 26 2
8 27 2
8 28 2
8 29 2
8 30 6
8 31 6
8 32 0
8 33 3
8 34 6
8 35 6
8 36 6
8 37 6
8 38 4
8 39 4
8 40 4
8 41 4
8 42 4
8 43 6
8 44 6
8 45 0
8 46 0
8 47 2
8 48 3
8 49 6
8 50 6
8 51 6
8 52 6
8 53 6
8 54 6
8 55 6
8 56 6
8 57 6
8 58 6
8 59 6
8 60 0
8 61 1
8 62 2
8 63 4
8 64 4
8 65 6
8 66 6
8 67 0
8 68 1
8 69 0
8 70 3
8 71 5
8 72 6
8 73 6
8 74 0
8 75 1
8 76 1
8 77 6
8 78 6
8 79 1
8 80 1
8 81 1
8 82 1
8 83 4
8 84 6
8 85 6
8 86 1
8 87 0
8 88 1
8 89 6
8 90 6
8 91 0
8 92 1
8 93 5
8 94 5
8 95 5
8 96 6
8 97 6
8 98 0
8 99 2
8 100 3
8 101 4
8 102 4
8 103 6
8 104 6
8 105 1
8 106 2
8 107 3
8 108 3
8 109 6
8 110 6
8 111 3
8 112 3
8 113 3
8 114 3
8 115 3
8 116 6
8 117 6
8 118 6
8 119 1
8 120 3
8 121 6
8 122 6
8 123 0
8 124 3
8 125 3
8 126 6
8 127 6
8 128 0
8 129 0
8 130 0
8 131 6
8 132 6
8 133 1
8 134 0
8 135 0
8 136 2
8 137 2
8 138 6
8 139 6
8 140 3
8 141 2
8 142 2
8 143 2
8 144 2
8 145 6
8 146 6
8 147 1
8 148 2
8 149 2
8 150 3
8 151 3
8 152 6
8 153 6
8 154 2
8 155 3
8 156 3
8 157 5
8 158 5
8 159 6
8 160 6
8 161 6
8 162 6
8 163 6
8 164 2
8 165 2
8 166 3
8 167 3
8 168 6
8 169 6
8 170 0
8 171 0
8 172 0
8 173 0
8 174 0
8 175 6
8 176 6
8 177 1
8 178 3
8 179 3
8 180 2
8 181 2
9 0 2
9 1 2
9 2 4
9 3 4
9 4 4
9 5 6
9 6 6
9 7 2
9 8 2
9 9 5
9 10 6
9 11 6
9 12 2
9 13 2
9 14 2
9 15 6
9 16 6
9 17 6
9 18 6
9 19 6
9 20 6
9 21 6
9 22 6
9 23 6
9 24 6
9 25 2
9 26 2
9 27 2
9 28 6
9 29 6
9 30 5
9 31 5
9 32 5
9 33 6
9 34 6
9 35 2
9 36 2
9 37 2
9 38 2
9 39 4
9 40 6
9 41 6
9 42 2
9 43 2
9 44 4
9 45 5
9 46 5
9 47 6
9 48 6
9 49 2
9 50 5
9 51 5
9 52 4
9 53 5
9 54 6
9 55 6
9 56 6
9 57 5
9 58 5
9 59 5
9 60 5
9 61 6
9 62 6
9 63 2
9 64 2
9 65 2
9 66 2
9 67 2
9 68 6
9 69 6
9 70 2
9 71 2
9 72 6
9 73 6
9 74 4
9 75 4
9 76 4
9 77 4
9 78 6
9 79 6
9 80 2
9 81 2
9 82 2
9 83 2
9 84 5
9 85 6
9 86 6
9 87 2
9 88 2
9 89 5
9 90 4
9 91 6
9 92 6
9 93 4
9 94 4
9 95 4
9 96 4
9 97 5
9 98 6
9 99 6
9 100 5
9 101 5
9 102 5
9 103 6
9 104 6
9 105 2
9 106 2
9 107 5
9 108 4
9 109 6
9 110 6
9 111 6
9 112 6
9 113 6
9 114 2
9 115 2
9 116 2
9 117 2
9 118 6
9 119 6
9 120 2
9 121 2
9 122 2
9 123 2
9 124 6
9 125 6
9 126 2
9 127 2
9 128 2
9 129 2
9 130 4
9 131 6
9 132 6
9 133 2
9 134 2
9 135 2
9 136 2
9 137 4
9 138 6
9 139 6
9 140 4
9 141 4
9 142 6
9 143 6
9 144 2
9 145 2
9 146 2
9 147 2
9 148 4
9 149 6
9 150 6
9 151 2
9 152 2
9 153 2
9 154 2
9 155 5
9 156 6
9 157 6
9 158 2
9 159 2
9 160 2
9 161 2
9 162 5
9 163 6
9 164 6
9 165 6
9 166 2
9 167 2
9 168 2
9 169 5
9 170 4
9 171 6
9 172 6
9 173 2
9 174 2
9 175 2
9 176 2
9 177 4
9 178 6
9 179 6
9 180 2
9 181 2
10 0 0
10 1 0
10 2 3
10 3 6
10 4 6
10 5 2
10 6 2
10 7 3
10 8 3
10 9 2
10 10 6
10 11 6
10 12 6
10 13 6
10 14 3
10 15 3
10 16 6
10 17 6
10 18 3
10 19 2
10 20 3
10 21 2
10 22 6
10 23 6
10 24 2
10 25 2
10 26 4
10 27 4
10 28 4
10 29 6
10 30 6
10 31 1
10 32 1
10 33 4
10 34 5
10 35 5
10 36 6
10 37 6
10 38 2
10 39 2
10 40 3
10 41 2
10 42 2
10 43 6
10 44 6
10 45 1
10 46 3
10 47 6
10 48 6
10 49 2
10 50 2
10 51 3
10 52 5
10 53 5
10 54 6
10 55 6
10 56 0
10 57 3
10 58 3
10 59 3
10 60 2
10 61 6
10 62 6
10 63 1
10 64 1
10 65 1
10 66 1
10 67 1
10 68 6
10 69 6
10 70 5
10 71 5
10 72 4
10 73 4
10 74 5
10 75 6
10 76 6
10 77 2
10 78 2
10 79 4
10 80 4
10 81 4
10 82 6
10 83 6
10 84 0
10 85 0
10 86 1
10 87 2
10 88 5
10 89 6
10 90 6
10 91 0
10 92 0
10 93 6
10 94 6
10 95 1
10 96 1
10 97 1
10 98 1
10 99 5
10 100 6
10 101 6
10 102 0
10 103 3
10 104 3
10 105 3
10 106 2
10 107 6
10 108 6
10 109 1
10 110 3
10 111 3
10 112 3
10 113 4
10 114 6
10 115 6
10 116 2
10 117 2
10 118 2
10 119 2
10 120 2
10 121 6
10 122 6
10 123 6
10 124 6
10 125 6
10 126 6
10 127 6
10 128 6
10 129 6
10 130 6
10 131 6
10 132 6
10 133 2
10 134 3
10 135 3
10 136 6
10 137 6
10 138 1
10 139 1
10 140 1
10 141 1
10 142 6
10 143 6
10 144 2
10 145 3
10 146 3
10 147 6
10 148 6
10 149 2
10 150 2
10 151 2
10 152 6
10 153 6
10 154 1
10 155 1
10 156 1
10 157 2
10 158 3
10 159 6
10 160 6
10 161 0
10 162 2
10 163 2
10 164 2
10 165 6
10 166 6
10 167 6
10 168 2
10 169 4
10 170 6
10 171 6
10 172 1
10 173 2
10 174 2
10 175 2
10 176 6
10 177 6
10 178 1
10 179 3
10 180 3
10 181 3
11 0 1
11 1 0
11 2 3
11 3 3
11 4 5
11 5 6
11 6 6
11 7 1
11 8 1
11 9 3
11 10 3
11 11 5
11 12 6
11 13 6
11 14 6
11 15 0
11 16 1
11 17 1
11 18 1
11 19 1
11 20 6
11 21 6
11 22 0
11 23 3
11 24 3
11 25 3
11 26 6
11 27 6
11 28 1
11 29 1
11 30 1
11 31 1
11 32 1
11 33 6
11 34 6
11 35 3
11 36 3
11 37 3
11 38 6
11 39 6
11 40 3
11 41 3
11 42 5
11 43 5
11 44 5
11 45 6
11 46 6
11 47 3
11 48 5
11 49 5
11 50 5
11 51 5
11 52 6
11 53 6
11 54 3
11 55 3
11 56 3
11 57 3
11 58 5
11 59 6
11 60 6
11 61 3
11 62 3
11 63 3
11 64 3
11 65 3
11 66 6
11 67 6
11 68 6
11 69 6
11 70 6
11 71 6
11 72 6
11 73 6
11 74 6
11 75 6
11 76 6
11 77 6
11 78 6
11 79 6
11 80 6
11 81 6
11 82 3
11 83 3
11 84 3
11 85 3
11 86 6
11 87 6
11 88 3
11 89 3
11 90 3
11 91 3
11 92 6
11 93 6
11 94 3
11 95 3
11 96 3
11 97 3
11 98 6
11 99 6
11 100 1
11 101 0
11 102 1
11 103 3
11 104 3
11 105 6
11 106 6
11 107 3
11 108 3
11 109 3
11 110 6
11 111 6
11 112 3
11 113 3
11 114 3
11 115 3
11 116 3
11 117 6
11 118 6
11 119 0
11 120 3
11 121 3
11 122 3
11 123 3
11 124 6
11 125 6
11 126 1
11 127 1
11 128 0
11 129 0
11 130 0
11 131 6
11 132 6
11 133 3
11 134 3
11 135 3
11 136 6
11 137 6
11 138 3
11 139 5
11 140 5
11 141 5
11 142 5
11 143 6
11 144 6
11 145 3
11 146 3
11 147 3
11 148 3
11 149 6
11 150 6
11 151 1
11 152 0
11 153 0
11 154 6
11 155 6
11 156 3
11 157 3
11 158 3
11 159 5
11 160 5
11 161 6
11 162 6
11 163 0
11 164 1
11 165 3
11 166 6
11 167 6
11 168 0
11 169 3
11 170 3
11 171 3
11 172 3
11 173 6
11 174 6
11 175 5
11 176 5
11 177 5
11 178 5
11 179 5
11 180 6
11 181 6
12 0 5
12 1 5
12 2 5
12 3 5
12 4 4
12 5 6
12 6 6
12 7 6
12 8 0
12 9 0
12 10 0
12 11 0
12 12 0
12 13 6
12 14 6
12 15 0
12 16 0
12 17 4
12 18 4
12 19 6
12 20 6
12 21 4
12 22 4
12 23 5
12 24 4
12 25 4
12 26 6
12 27 6
12 28 4
12 29 4
12 30 4
12 31 6
12 32 6
12 33 4
12 34 4
12 35 5
12 36 4
12 37 6
12 38 6
12 39 0
12 40 0
12 41 0
12 42 5
12 43 6
12 44 6
12 45 6
12 46 6
12 47 6
12 48 6
12 49 6
12 50 6
12 51 6
12 52 6
12 53 6
12 54 6
12 55 6
12 56 0
12 57 0
12 58 4
12 59 4
12 60 4
12 61 6
12 62 6
12 63 0
12 64 0
12 65 0
12 66 4
12 67 6
12 68 6
12 69 6
12 70 0
12 71 0
12 72 0
12 73 0
12 74 4
12 75 6
12 76 6
12 77 5
12 78 4
12 79 4
12 80 5
12 81 4
12 82 6
12 83 6
12 84 0
12 85 4
12 86 4
12 87 4
12 88 5
12 89 6
12 90 6
12 91 5
12 92 4
12 93 4
12 94 5
12 95 5
12 96 6
12 97 6
12 98 0
12 99 4
12 100 6
12 101 6
12 102 0
12 103 5
12 104 5
12 105 5
12 106 5
12 107 6
12 108 6
12 109 4
12 110 4
12 111 4
12 112 4
12 113 5
12 114 6
12 115 6
12 116 0
12 117 5
12 118 5
12 119 5
12 120 4
12 121 6
12 122 6
12 123 6
12 124 0
12 125 0
12 126 4
12 127 5
12 128 4
12 129 6
12 130 6
12 131 0
12 132 0
12 133 0
12 134 0
12 135 0
12 136 6
12 137 6
12 138 5
12 139 5
12 140 5
12 141 5
12 142 5
12 143 6
12 144 6
12 145 5
12 146 5
12 147 5
12 148 5
12 149 5
12 150 6
12 151 6
12 152 4
12 153 5
12 154 5
12 155 6
12 156 6
12 157 4
12 158 4
12 159 4
12 160 4
12 161 4
12 162 6
12 163 6
12 164 6
12 165 0
12 166 4
12 167 4
12 168 4
12 169 6
12 170 6
12 171 0
12 172 4
12 173 6
12 174 6
12 175 4
12 176 5
12 177 4
12 178 5
12 179 5
12 180 6
12 181 6
13 0 0
13 1 0
13 2 0
13 3 1
13 4 1
13 5 6
13 6 6
13 7 0
13 8 2
13 9 2
13 10 2
13 11 2
13 12 6
13 13 6
13 14 1
13 15 1
13 16 1
13 17 1
13 18 1
13 19 6
13 20 6
13 21 6
13 22 0
13 23 0
13 24 0
13 25 1
13 26 6
13 27 6
13 28 2
13 29 2
13 30 2
13 31 2
13 32 4
13 33 6
13 34 6
13 35 6
13 36 4
13 37 5
13 38 5
13 39 5
13 40 5
13 41 6
13 42 6
13 43 0
13 44 0
13 45 1
13 46 2
13 47 2
13 48 6
13 49 6
13 50 0
13 51 1
13 52 1
13 53 1
13 54 6
13 55 6
13 56 1
13 57 2
13 58 2
13 59 2
13 60 2
13 61 6
13 62 6
13 63 2
13 64 2
13 65 5
13 66 5
13 67 4
13 68 6
13 69 6
13 70 2
13 71 2
13 72 6
13 73 6
13 74 6
13 75 6
13 76 6
13 77 2
13 78 4
13 79 5
13 80 6
13 81 6
13 82 0
13 83 0
13 84 1
13 85 2
13 86 4
13 87 6
13 88 6
13 89 4
13 90 4
13 91 4
13 92 4
13 93 4
13 94 6
13 95 6
13 96 2
13 97 2
13 98 6
13 99 6
13 100 2
13 101 2
13 102 2
13 103 6
13 104 6
13 105 1
13 106 2
13 107 2
13 108 6
13 109 6
13 110 1
13 111 1
13 112 5
13 113 5
13 114 5
13 115 6
13 116 6
13 117 2
13 118 2
13 119 2
13 120 2
13 121 6
13 122 6
13 123 0
13 124 4
13 125 5
13 126 4
13 127 4
13 128 6
13 129 6
13 130 6
13 131 6
13 132 6
13 133 6
13 134 6
13 135 6
13 136 6
13 137 6
13 138 2
13 139 2
13 140 2
13 141 2
13 142 6
13 143 6
13 144 5
13 145 5
13 146 5
13 147 5
13 148 5
13 149 6
13 150 6
13 151 0
13 152 1
13 153 1
13 154 2
13 155 4
13 156 6
13 157 6
13 158 1
13 159 1
13 160 0
13 161 0
13 162 6
13 163 6
13 164 2
13 165 2
13 166 6
13 167 6
13 168 0
13 169 0
13 170 0
13 171 0
13 172 2
13 173 6
13 174 6
13 175 4
13 176 5
13 177 6
13 178 6
13 179 0
13 180 0
13 181 0
14 0 2
14 1 2
14 2 2
14 3 2
14 4 6
14 5 6
14 6 3
14 7 2
14 8 6
14 9 6
14 10 6
14 11 6
14 12 1
14 13 0
14 14 2
14 15 4
14 16 6
14 17 6
14 18 3
14 19 3
14 20 2
14 21 2
14 22 3
14 23 6
14 24 6
14 25 0
14 26 2
14 27 3
14 28 3
14 29 2
14 30 6
14 31 6
14 32 3
14 33 2
14 34 4
14 35 4
14 36 4
14 37 6
14 38 6
14 39 6
14 40 6
14 41 1
14 42 2
14 43 3
14 44 3
14 45 6
14 46 6
14 47 2
14 48 2
14 49 2
14 50 2
14 51 2
14 52 6
14 53 6
14 54 6
14 55 6
14 56 6
14 57 6
14 58 0
14 59 2
14 60 2
14 61 2
14 62 3
14 63 6
14 64 6
14 65 3
14 66 2
14 67 3
14 68 3
14 69 3
14 70 6
14 71 6
14 72 2
14 73 3
14 74 3
14 75 6
14 76 6
14 77 0
14 78 0
14 79 3
14 80 2
14 81 2
14 82 6
14 83 6
14 84 2
14 85 3
14 86 2
14 87 3
14 88 2
14 89 6
14 90 6
14 91 5
14 92 5
14 93 5
14 94 5
14 95 5
14 96 6
14 97 6
14 98 1
14 99 1
14 100 1
14 101 1
14 102 1
14 103 6
14 104 6
14 105 1
14 106 0
14 107 0
14 108 1
14 109 0
14 110 6
14 111 6
14 112 6
14 113 6
14 114 0
14 115 0
14 116 0
14 117 0
14 118 0
14 119 6
14 120 6
14 121 2
14 122 5
14 123 4
14 124 6
14 125 6
14 126 3
14 127 3
14 128 3
14 129 2
14 130 3
14 131 6
14 132 6
14 133 6
14 134 6
14 135 3
14 136 3
14 137 3
14 138 6
14 139 6
14 140 1
14 141 2
14 142 4
14 143 4
14 144 5
14 145 6
14 146 6
14 147 6
14 148 6
14 149 1
14 150 2
14 151 3
14 152 2
14 153 3
14 154 6
14 155 6
14 156 6
14 157 1
14 158 1
14 159 6
14 160 6
14 161 0
14 162 0
14 163 3
14 164 3
14 165 3
14 166 6
14 167 6
14 168 0
14 169 2
14 170 3
14 171 6
14 172 6
14 173 0
14 174 0
14 175 0
14 176 2
14 177 3
14 178 6
14 179 6
14 180 3
14 181 3
15 0 3
15 1 2
15 2 6
15 3 6
15 4 0
15 5 0
15 6 1
15 7 1
15 8 1
15 9 6
15 10 6
15 11 0
15 12 2
15 13 2
15 14 2
15 15 2
15 16 6
15 17 6
15 18 1
15 19 2
15 20 2
15 21 2
15 22 6
15 23 6
15 24 2
15 25 3
15 26 3
15 27 3
15 28 2
15 29 6
15 30 6
15 31 3
15 32 2
15 33 2
15 34 2
15 35 2
15 36 6
15 37 6
15 38 3
15 39 3
15 40 2
15 41 2
15 42 6
15 43 6
15 44 1
15 45 1
15 46 3
15 47 6
15 48 6
15 49 0
15 50 0
15 51 3
15 52 3
15 53 2
15 54 6
15 55 6
15 56 2
15 57 2
15 58 3
15 59 2
15 60 3
15 61 6
15 62 6
15 63 6
15 64 6
15 65 2
15 66 3
15 67 2
15 68 6
15 69 6
15 70 0
15 71 0
15 72 2
15 73 2
15 74 3
15 75 6
15 76 6
15 77 1
15 78 0
15 79 2
15 80 2
15 81 5
15 82 6
15 83 6
15 84 0
15 85 2
15 86 3
15 87 2
15 88 2
15 89 6
15 90 6
15 91 0
15 92 1
15 93 2
15 94 2
15 95 2
15 96 6
15 97 6
15 98 2
15 99 3
15 100 2
15 101 3
15 102 2
15 103 6
15 104 6
15 105 3
15 106 3
15 107 2
15 108 3
15 109 3
15 110 6
15 111 6
15 112 6
15 113 6
15 114 6
15 115 6
15 116 6
15 117 6
15 118 6
15 119 6
15 120 6
15 121 6
15 122 6
15 123 1
15 124 3
15 125 2
15 126 6
15 127 6
15 128 1
15 129 2
15 130 2
15 131 6
15 132 6
15 133 3
15 134 2
15 135 2
15 136 6
15 137 6
15 138 2
15 139 2
15 140 3
15 141 2
15 142 3
15 143 6
15 144 6
15 145 1
15 146 1
15 147 1
15 148 1
15 149 1
15 150 6
15 151 6
15 152 2
15 153 3
15 154 2
15 155 6
15 156 6
15 157 0
15 158 0
15 159 6
15 160 6
15 161 6
15 162 6
15 163 3
15 164 3
15 165 2
15 166 2
15 167 2
15 168 6
15 169 6
15 170 3
15 171 3
15 172 3
15 173 3
15 174 5
15 175 6
15 176 6
15 177 0
15 178 3
15 179 2
15 180 2
15 181 3
16 0 6
16 1 2
16 2 3
16 3 2
16 4 3
16 5 6
16 6 6
16 7 0
16 8 0
16 9 0
16 10 0
16 11 0
16 12 6
16 13 6
16 14 1
16 15 2
16 16 2
16 17 3
16 18 5
16 19 6
16 20 6
16 21 5
16 22 5
16 23 6
16 24 6
16 25 0
16 26 3
16 27 2
16 28 6
16 29 6
16 30 1
16 31 1
16 32 5
16 33 6
16 34 6
16 35 1
16 36 1
16 37 1
16 38 1
16 39 3
16 40 6
16 41 6
16 42 2
16 43 3
16 44 2
16 45 6
16 46 6
16 47 2
16 48 2
16 49 2
16 50 6
16 51 6
16 52 5
16 53 5
16 54 5
16 55 5
16 56 5
16 57 6
16 58 6
16 59 1
16 60 2
16 61 3
16 62 2
16 63 6
16 64 6
16 65 2
16 66 3
16 67 3
16 68 6
16 69 6
16 70 3
16 71 3
16 72 2
16 73 3
16 74 2
16 75 6
16 76 6
16 77 3
16 78 3
16 79 3
16 80 3
16 81 3
16 82 6
16 83 6
16 84 2
16 85 2
16 86 2
16 87 2
16 88 2
16 89 6
16 90 6
16 91 0
16 92 2
16 93 3
16 94 2
16 95 6
16 96 6
16 97 6
16 98 6
16 99 6
16 100 6
16 101 6
16 102 6
16 103 6
16 104 6
16 105 6
16 106 6
16 107 6
16 108 6
16 109 0
16 110 0
16 111 1
16 112 2
16 113 2
16 114 6
16 115 6
16 116 3
16 117 2
16 118 2
16 119 2
16 120 6
16 121 6
16 122 2
16 123 3
16 124 3
16 125 3
16 126 6
16 127 6
16 128 1
16 129 2
16 130 3
16 131 6
16 132 6
16 133 1
16 134 0
16 135 0
16 136 2
16 137 2
16 138 6
16 139 6
16 140 1
16 141 2
16 142 2
16 143 6
16 144 6
16 145 2
16 146 3
16 147 3
16 148 3
16 149 3
16 150 6
16 151 6
16 152 1
16 153 1
16 154 3
16 155 2
16 156 6
16 157 6
16 158 2
16 159 2
16 160 2
16 161 2
16 162 2
16 163 6
16 164 6
16 165 0
16 166 2
16 167 3
16 168 2
16 169 6
16 170 6
16 171 1
16 172 0
16 173 1
16 174 0
16 175 0
16 176 6
16 177 6
16 178 3
16 179 3
16 180 3
16 181 2
17 0 0
17 1 6
17 2 6
17 3 1
17 4 2
17 5 2
17 6 2
17 7 6
17 8 6
17 9 0
17 10 4
17 11 4
17 12 4
17 13 4
17 14 6
17 15 6
17 16 4
17 17 4
17 18 4
17 19 6
17 20 6
17 21 1
17 22 2
17 23 2
17 24 6
17 25 6
17 26 2
17 27 2
17 28 2
17 29 2
17 30 4
17 31 6
17 32 6
17 33 0
17 34 0
17 35 2
17 36 2
17 37 4
17 38 6
17 39 6
17 40 2
17 41 2
17 42 4
17 43 4
17 44 4
17 45 6
17 46 6
17 47 1
17 48 0
17 49 0
17 50 1
17 51 1
17 52 6
17 53 6
17 54 2
17 55 2
17 56 2
17 57 4
17 58 4
17 59 6
17 60 6
17 61 0
17 62 2
17 63 2
17 64 2
17 65 4
17 66 6
17 67 6
17 68 2
17 69 2
17 70 4
17 71 6
17 72 6
17 73 0
17 74 0
17 75 2
17 76 2
17 77 4
17 78 6
17 79 6
17 80 0
17 81 2
17 82 4
17 83 4
17 84 4
17 85 6
17 86 6
17 87 4
17 88 4
17 89 6
17 90 6
17 91 1
17 92 0
17 93 0
17 94 0
17 95 0
17 96 6
17 97 6
17 98 1
17 99 4
17 100 4
17 101 4
17 102 4
17 103 6
17 104 6
17 105 0
17 106 2
17 107 2
17 108 2
17 109 6
17 110 6
17 111 6
17 112 6
17 113 0
17 114 0
17 115 2
17 116 2
17 117 6
17 118 6
17 119 1
17 120 0
17 121 6
17 122 6
17 123 0
17 124 1
17 125 1
17 126 2
17 127 6
17 128 6
17 129 6
17 130 6
17 131 6
17 132 6
17 133 6
17 134 2
17 135 2
17 136 2
17 137 2
17 138 6
17 139 6
17 140 0
17 141 0
17 142 4
17 143 4
17 144 4
17 145 6
17 146 6
17 147 1
17 148 0
17 149 1
17 150 1
17 151 1
17 152 6
17 153 6
17 154 6
17 155 6
17 156 2
17 157 2
17 158 4
17 159 6
17 160 6
17 161 0
17 162 2
17 163 2
17 164 2
17 165 4
17 166 6
17 167 6
17 168 0
17 169 2
17 170 4
17 171 6
17 172 6
17 173 6
17 174 6
17 175 6
17 176 6
17 177 2
17 178 2
17 179 2
17 180 2
17 181 2
18 0 0
18 1 0
18 2 0
18 3 0
18 4 0
18 5 6
18 6 6
18 7 6
18 8 3
18 9 3
18 10 4
18 11 4
18 12 6
18 13 6
18 14 3
18 15 3
18 16 6
18 17 6
18 18 3
18 19 3
18 20 3
18 21 3
18 22 3
18 23 6
18 24 6
18 25 6
18 26 6
18 27 6
18 28 6
18 29 3
18 30 3
18 31 3
18 32 3
18 33 6
18 34 6
18 35 3
18 36 3
18 37 3
18 38 3
18 39 3
18 40 6
18 41 6
18 42 0
18 43 0
18 44 0
18 45 0
18 46 0
18 47 6
18 48 6
18 49 5
18 50 4
18 51 4
18 52 6
18 53 6
18 54 3
18 55 3
18 56 3
18 57 3
18 58 3
18 59 6
18 60 6
18 61 4
18 62 4
18 63 4
18 64 4
18 65 6
18 66 6
18 67 0
18 68 3
18 69 3
18 70 3
18 71 3
18 72 6
18 73 6
18 74 3
18 75 3
18 76 3
18 77 3
18 78 6
18 79 6
18 80 0
18 81 0
18 82 6
18 83 6
18 84 3
18 85 3
18 86 3
18 87 3
18 88 3
18 89 6
18 90 6
18 91 3
18 92 3
18 93 6
18 94 6
18 95 3
18 96 3
18 97 3
18 98 4
18 99 5
18 100 6
18 101 6
18 102 3
18 103 3
18 104 3
18 105 4
18 106 6
18 107 6
18 108 6
18 109 0
18 110 0
18 111 0
18 112 3
18 113 3
18 114 6
18 115 6
18 116 5
18 117 4
18 118 6
18 119 6
18 120 6
18 121 6
18 122 6
18 123 6
18 124 6
18 125 6
18 126 3
18 127 5
18 128 5
18 129 5
18 130 5
18 131 6
18 132 6
18 133 0
18 134 0
18 135 0
18 136 0
18 137 0
18 138 6
18 139 6
18 140 3
18 141 5
18 142 5
18 143 5
18 144 4
18 145 6
18 146 6
18 147 0
18 148 0
18 149 3
18 150 5
18 151 6
18 152 6
18 153 6
18 154 0
18 155 0
18 156 3
18 157 6
18 158 6
18 159 3
18 160 3
18 161 3
18 162 4
18 163 6
18 164 6
18 165 3
18 166 5
18 167 4
18 168 6
18 169 6
18 170 0
18 171 0
18 172 0
18 173 0
18 174 0
18 175 6
18 176 6
18 177 3
18 178 3
18 179 3
18 180 5
18 181 4
19 0 2
19 1 6
19 2 6
19 3 3
19 4 3
19 5 3
19 6 3
19 7 3
19 8 6
19 9 6
19 10 2
19 11 2
19 12 6
19 13 6
19 14 1
19 15 1
19 16 2
19 17 2
19 18 2
19 19 6
19 20 6
19 21 1
19 22 1
19 23 1
19 24 6
19 25 6
19 26 1
19 27 1
19 28 1
19 29 1
19 30 2
19 31 6
19 32 6
19 33 1
19 34 1
19 35 1
19 36 1
19 37 1
19 38 6
19 39 6
19 40 2
19 41 3
19 42 3
19 43 3
19 44 6
19 45 6
19 46 3
19 47 2
19 48 2
19 49 3
19 50 3
19 51 6
19 52 6
19 53 3
19 54 3
19 55 2
19 56 3
19 57 6
19 58 6
19 59 6
19 60 6
19 61 6
19 62 6
19 63 6
19 64 6
19 65 6
19 66 3
19 67 3
19 68 6
19 69 6
19 70 1
19 71 1
19 72 1
19 73 2
19 74 2
19 75 6
19 76 6
19 77 3
19 78 2
19 79 2
19 80 2
19 81 3
19 82 6
19 83 6
19 84 1
19 85 1
19 86 1
19 87 3
19 88 3
19 89 6
19 90 6
19 91 1
19 92 2
19 93 2
19 94 3
19 95 2
19 96 6
19 97 6
19 98 2
19 99 2
19 100 2
19 101 2
19 102 2
19 103 6
19 104 6
19 105 2
19 106 2
19 107 2
19 108 2
19 109 3
19 110 6
19 111 6
19 112 2
19 113 2
19 114 3
19 115 2
19 116 3
19 117 6
19 118 6
19 119 3
19 120 2
19 121 3
19 122 2
19 123 2
19 124 6
19 125 6
19 126 6
19 127 3
19 128 2
19 129 3
19 130 2
19 131 2
19 132 6
19 133 6
19 134 2
19 135 2
19 136 2
19 137 2
19 138 3
19 139 6
19 140 6
19 141 6
19 142 6
19 143 6
19 144 6
19 145 6
19 146 6
19 147 6
19 148 2
19 149 2
19 150 6
19 151 6
19 152 3
19 153 2
19 154 3
19 155 3
19 156 3
19 157 6
19 158 6
19 159 3
19 160 3
19 161 3
19 162 3
19 163 3
19 164 6
19 165 6
19 166 2
19 167 3
19 168 3
19 169 2
19 170 2
19 171 6
19 172 6
19 173 1
19 174 1
19 175 1
19 176 1
19 177 1
19 178 6
19 179 6
19 180 3
19 181 3
20 0 0
20 1 0
20 2 1
20 3 6
20 4 6
20 5 1
20 6 0
20 7 0
20 8 5
20 9 5
20 10 5
20 11 6
20 12 6
20 13 6
20 14 6
20 15 0
20 16 0
20 17 0
20 18 0
20 19 0
20 20 0
20 21 6
20 22 6
20 23 1
20 24 5
20 25 5
20 26 6
20 27 6
20 28 0
20 29 1
20 30 1
20 31 1
20 32 1
20 33 6
20 34 6
20 35 0
20 36 1
20 37 1
20 38 0
20 39 1
20 40 6
20 41 6
20 42 6
20 43 1
20 44 1
20 45 1
20 46 1
20 47 1
20 48 1
20 49 6
20 50 6
20 51 0
20 52 1
20 53 1
20 54 1
20 55 1
20 56 1
20 57 6
20 58 6
20 59 0
20 60 1
20 61 6
20 62 6
20 63 5
20 64 5
20 65 6
20 66 6
20 67 1
20 68 5
20 69 5
20 70 5
20 71 5
20 72 5
20 73 6
20 74 6
20 75 0
20 76 0
20 77 0
20 78 0
20 79 0
20 80 6
20 81 6
20 82 0
20 83 1
20 84 1
20 85 1
20 86 0
20 87 5
20 88 6
20 89 6
20 90 6
20 91 6
20 92 1
20 93 1
20 94 1
20 95 1
20 96 1
20 97 1
20 98 6
20 99 6
20 100 0
20 101 0
20 102 0
20 103 0
20 104 0
20 105 1
20 106 6
20 107 6
20 108 0
20 109 1
20 110 6
20 111 6
20 112 6
20 113 6
20 114 6
20 115 1
20 116 1
20 117 1
20 118 1
20 119 6
20 120 6
20 121 1
20 122 0
20 123 0
20 124 6
20 125 6
20 126 0
20 127 0
20 128 0
20 129 5
20 130 5
20 131 5
20 132 6
20 133 6
20 134 1
20 135 1
20 136 1
20 137 0
20 138 6
20 139 6
20 140 5
20 141 5
20 142 5
20 143 5
20 144 6
20 145 6
20 146 6
20 147 6
20 148 6
20 149 6
20 150 6
20 151 6
20 152 6
20 153 6
20 154 6
20 155 6
20 156 5
20 157 5
20 158 5
20 159 6
20 160 6
20 161 1
20 162 1
20 163 1
20 164 0
20 165 1
20 166 5
20 167 6
20 168 6
20 169 0
20 170 1
20 171 5
20 172 5
20 173 6
20 174 6
20 175 0
20 176 1
20 177 0
20 178 1
20 179 1
20 180 5
20 181 6
21 0 2
21 1 2
21 2 2
21 3 3
21 4 2
21 5 6
21 6 6
21 7 5
21 8 5
21 9 5
21 10 5
21 11 5
21 12 6
21 13 6
21 14 6
21 15 3
21 16 3
21 17 3
21 18 2
21 19 2
21 20 2
21 21 6
21 22 6
21 23 2
21 24 2
21 25 3
21 26 3
21 27 3
21 28 6
21 29 6
21 30 2
21 31 3
21 32 3
21 33 3
21 34 3
21 35 3
21 36 6
21 37 6
21 38 2
21 39 2
21 40 2
21 41 2
21 42 6
21 43 6
21 44 2
21 45 3
21 46 3
21 47 3
21 48 3
21 49 3
21 50 6
21 51 6
21 52 3
21 53 3
21 54 6
21 55 6
21 56 6
21 57 6
21 58 2
21 59 3
21 60 5
21 61 5
21 62 5
21 63 5
21 64 6
21 65 6
21 66 3
21 67 2
21 68 2
21 69 2
21 70 2
21 71 2
21 72 6
21 73 6
21 74 3
21 75 5
21 76 5
21 77 5
21 78 5
21 79 5
21 80 6
21 81 6
21 82 6
21 83 6
21 84 3
21 85 3
21 86 3
21 87 5
21 88 5
21 89 6
21 90 6
21 91 2
21 92 2
21 93 2
21 94 6
21 95 6
21 96 6
21 97 6
21 98 3
21 99 3
21 100 3
21 101 2
21 102 2
21 103 6
21 104 6
21 105 6
21 106 2
21 107 2
21 108 2
21 109 3
21 110 2
21 111 2
21 112 6
21 113 6
21 114 3
21 115 2
21 116 2
21 117 2
21 118 6
21 119 6
21 120 6
21 121 6
21 122 6
21 123 6
21 124 6
21 125 6
21 126 6
21 127 6
21 128 3
21 129 2
21 130 2
21 131 2
21 132 2
21 133 6
21 134 6
21 135 5
21 136 5
21 137 5
21 138 5
21 139 5
21 140 6
21 141 6
21 142 3
21 143 2
21 144 3
21 145 2
21 146 2
21 147 6
21 148 6
21 149 6
21 150 2
21 151 2
21 152 6
21 153 6
21 154 5
21 155 5
21 156 5
21 157 5
21 158 6
21 159 6
21 160 6
21 161 3
21 162 2
21 163 3
21 164 3
21 165 2
21 166 6
21 167 6
21 168 6
21 169 3
21 170 2
21 171 5
21 172 5
21 173 6
21 174 6
21 175 3
21 176 3
21 177 2
21 178 3
21 179 3
21 180 6
21 181 6
22 0 0
22 1 1
22 2 1
22 3 0
22 4 0
22 5 6
22 6 6
22 7 0
22 8 1
22 9 1
22 10 1
22 11 1
22 12 6
22 13 6
22 14 0
22 15 0
22 16 1
22 17 5
22 18 5
22 19 6
22 20 6
22 21 0
22 22 1
22 23 1
22 24 1
22 25 1
22 26 6
22 27 6
22 28 1
22 29 0
22 30 1
22 31 0
22 32 0
22 33 6
22 34 6
22 35 0
22 36 0
22 37 0
22 38 0
22 39 0
22 40 6
22 41 6
22 42 0
22 43 5
22 44 5
22 45 6
22 46 6
22 47 5
22 48 4
22 49 5
22 50 4
22 51 4
22 52 4
22 53 6
22 54 6
22 55 6
22 56 4
22 57 5
22 58 6
22 59 6
22 60 6
22 61 6
22 62 6
22 63 0
22 64 4
22 65 4
22 66 4
22 67 4
22 68 4
22 69 6
22 70 6
22 71 0
22 72 0
22 73 1
22 74 1
22 75 6
22 76 6
22 77 0
22 78 0
22 79 6
22 80 6
22 81 5
22 82 5
22 83 5
22 84 5
22 85 5
22 86 5
22 87 6
22 88 6
22 89 1
22 90 0
22 91 0
22 92 0
22 93 6
22 94 6
22 95 4
22 96 5
22 97 4
22 98 4
22 99 5
22 100 4
22 101 6
22 102 6
22 103 1
22 104 0
22 105 1
22 106 0
22 107 0
22 108 6
22 109 6
22 110 0
22 111 1
22 112 1
22 113 1
22 114 1
22 115 6
22 116 6
22 117 1
22 118 1
22 119 4
22 120 6
22 121 6
22 122 0
22 123 4
22 124 5
22 125 4
22 126 5
22 127 6
22 128 6
22 129 4
22 130 5
22 131 4
22 132 4
22 133 6
22 134 6
22 135 0
22 136 0
22 137 0
22 138 0
22 139 0
22 140 6
22 141 6
22 142 6
22 143 6
22 144 6
22 145 6
22 146 6
22 147 6
22 148 6
22 149 6
22 150 6
22 151 6
22 152 6
22 153 6
22 154 1
22 155 1
22 156 6
22 157 6
22 158 1
22 159 1
22 160 1
22 161 0
22 162 0
22 163 1
22 164 6
22 165 6
22 166 0
22 167 0
22 168 0
22 169 0
22 170 0
22 171 4
22 172 6
22 173 6
22 174 6
22 175 0
22 176 0
22 177 1
22 178 1
22 179 4
22 180 6
22 181 6
23 0 5
23 1 5
23 2 5
23 3 5
23 4 5
23 5 6
23 6 6
23 7 2
23 8 3
23 9 2
23 10 3
23 11 6
23 12 6
23 13 6
23 14 6
23 15 6
23 16 6
23 17 6
23 18 6
23 19 6
23 20 6
23 21 6
23 22 0
23 23 0
23 24 0
23 25 0
23 26 0
23 27 0
23 28 6
23 29 6
23 30 2
23 31 4
23 32 6
23 33 6
23 34 6
23 35 0
23 36 2
23 37 2
23 38 6
23 39 6
23 40 6
23 41 6
23 42 3
23 43 2
23 44 3
23 45 2
23 46 3
23 47 6
23 48 6
23 49 2
23 50 3
23 51 2
23 52 2
23 53 3
23 54 6
23 55 6
23 56 6
23 57 3
23 58 3
23 59 2
23 60 3
23 61 2
23 62 2
23 63 6
23 64 6
23 65 3
23 66 3
23 67 2
23 68 5
23 69 4
23 70 6
23 71 6
23 72 2
23 73 3
23 74 2
23 75 2
23 76 2
23 77 6
23 78 6
23 79 3
23 80 3
23 81 3
23 82 3
23 83 2
23 84 3
23 85 6
23 86 6
23 87 2
23 88 2
23 89 6
23 90 6
23 91 2
23 92 3
23 93 2
23 94 2
23 95 2
23 96 6
23 97 6
23 98 6
23 99 2
23 100 2
23 101 2
23 102 3
23 103 2
23 104 3
23 105 6
23 106 6
23 107 3
23 108 3
23 109 3
23 110 2
23 111 2
23 112 6
23 113 6
23 114 2
23 115 2
23 116 2
23 117 6
23 118 6
23 119 2
23 120 2
23 121 3
23 122 2
23 123 3
23 124 6
23 125 6
23 126 3
23 127 3
23 128 3
23 129 3
23 130 2
23 131 6
23 132 6
23 133 6
23 134 3
23 135 3
23 136 2
23 137 2
23 138 2
23 139 2
23 140 6
23 141 6
23 142 6
23 143 6
23 144 3
23 145 3
23 146 3
23 147 3
23 148 3
23 149 3
23 150 6
23 151 6
23 152 3
23 153 2
23 154 3
23 155 6
23 156 6
23 157 0
23 158 0
23 159 0
23 160 0
23 161 0
23 162 2
23 163 6
23 164 6
23 165 0
23 166 2
23 167 2
23 168 3
23 169 2
23 170 6
23 171 6
23 172 6
23 173 2
23 174 2
23 175 2
23 176 2
23 177 2
23 178 2
23 179 6
23 180 6
23 181 6
24 0 3
24 1 3
24 2 6
24 3 6
24 4 3
24 5 3
24 6 3
24 7 3
24 8 3
24 9 6
24 10 6
24 11 3
24 12 3
24 13 3
24 14 3
24 15 6
24 16 6
24 17 3
24 18 3
24 19 3
24 20 3
24 21 3
24 22 3
24 23 6
24 24 6
24 25 3
24 26 3
24 27 3
24 28 5
24 29 5
24 30 5
24 31 6
24 32 6
24 33 3
24 34 3
24 35 3
24 36 3
24 37 3
24 38 3
24 39 6
24 40 6
24 41 6
24 42 3
24 43 3
24 44 3
24 45 3
24 46 3
24 47 3
24 48 6
24 49 6
24 50 6
24 51 6
24 52 6
24 53 6
24 54 6
24 55 6
24 56 6
24 57 6
24 58 3
24 59 5
24 60 5
24 61 6
24 62 6
24 63 6
24 64 6
24 65 6
24 66 3
24 67 5
24 68 5
24 69 5
24 70 5
24 71 5
24 72 6
24 73 6
24 74 6
24 75 6
24 76 6
24 77 6
24 78 5
24 79 5
24 80 5
24 81 6
24 82 6
24 83 6
24 84 5
24 85 5
24 86 5
24 87 5
24 88 5
24 89 6
24 90 6
24 91 3
24 92 3
24 93 3
24 94 3
24 95 3
24 96 6
24 97 6
24 98 3
24 99 3
24 100 3
24 101 5
24 102 5
24 103 6
24 104 6
24 105 6
24 106 5
24 107 5
24 108 5
24 109 5
24 110 5
24 111 5
24 112 6
24 113 6
24 114 6
24 115 3
24 116 3
24 117 3
24 118 3
24 119 3
24 120 3
24 121 6
24 122 6
24 123 3
24 124 5
24 125 5
24 126 5
24 127 5
24 128 5
24 129 6
24 130 6
24 131 3
24 132 3
24 133 3
24 134 3
24 135 5
24 136 5
24 137 6
24 138 6
24 139 6
24 140 6
24 141 3
24 142 5
24 143 5
24 144 5
24 145 6
24 146 6
24 147 3
24 148 3
24 149 3
24 150 3
24 151 5
24 152 6
24 153 6
24 154 3
24 155 3
24 156 3
24 157 3
24 158 3
24 159 6
24 160 6
24 161 5
24 162 5
24 163 5
24 164 5
24 165 5
24 166 6
24 167 6
24 168 5
24 169 5
24 170 6
24 171 6
24 172 3
24 173 3
24 174 3
24 175 3
24 176 3
24 177 6
24 178 6
24 179 3
24 180 3
24 181 3
25 0 0
25 1 0
25 2 1
25 3 3
25 4 4
25 5 6
25 6 6
25 7 1
25 8 1
25 9 1
25 10 1
25 11 1
25 12 6
25 13 6
25 14 1
25 15 2
25 16 2
25 17 2
25 18 2
25 19 6
25 20 6
25 21 3
25 22 2
25 23 4
25 24 4
25 25 4
25 26 6
25 27 6
25 28 3
25 29 3
25 30 3
25 31 2
25 32 2
25 33 6
25 34 6
25 35 6
25 36 0
25 37 0
25 38 0
25 39 1
25 40 6
25 41 6
25 42 6
25 43 0
25 44 2
25 45 2
25 46 3
25 47 6
25 48 6
25 49 0
25 50 0
25 51 0
25 52 0
25 53 0
25 54 6
25 55 6
25 56 2
25 57 4
25 58 4
25 59 6
25 60 6
25 61 4
25 62 4
25 63 4
25 64 6
25 65 6
25 66 0
25 67 2
25 68 4
25 69 4
25 70 4
25 71 4
25 72 6
25 73 6
25 74 0
25 75 3
25 76 2
25 77 6
25 78 6
25 79 1
25 80 1
25 81 1
25 82 2
25 83 2
25 84 6
25 85 6
25 86 3
25 87 3
25 88 2
25 89 2
25 90 2
25 91 4
25 92 6
25 93 6
25 94 2
25 95 3
25 96 6
25 97 6
25 98 2
25 99 3
25 100 3
25 101 3
25 102 6
25 103 6
25 104 1
25 105 1
25 106 1
25 107 1
25 108 1
25 109 0
25 110 6
25 111 6
25 112 6
25 113 1
25 114 3
25 115 3
25 116 3
25 117 3
25 118 3
25 119 6
25 120 6
25 121 3
25 122 2
25 123 2
25 124 3
25 125 2
25 126 2
25 127 6
25 128 6
25 129 2
25 130 2
25 131 6
25 132 6
25 133 6
25 134 6
25 135 6
25 136 6
25 137 6
25 138 6
25 139 6
25 140 6
25 141 6
25 142 6
25 143 6
25 144 6
25 145 1
25 146 1
25 147 1
25 148 1
25 149 6
25 150 6
25 151 0
25 152 2
25 153 2
25 154 4
25 155 6
25 156 6
25 157 0
25 158 0
25 159 0
25 160 0
25 161 0
25 162 3
25 163 6
25 164 6
25 165 3
25 166 4
25 167 4
25 168 4
25 169 6
25 170 6
25 171 1
25 172 2
25 173 3
25 174 2
25 175 6
25 176 6
25 177 3
25 178 3
25 179 2
25 180 6
25 181 6
26 0 4
26 1 6
26 2 6
26 3 1
26 4 1
26 5 4
26 6 5
26 7 5
26 8 5
26 9 6
26 10 6
26 11 0
26 12 3
26 13 3
26 14 3
26 15 4
26 16 5
26 17 6
26 18 6
26 19 3
26 20 3
26 21 3
26 22 3
26 23 3
26 24 3
26 25 6
26 26 6
26 27 6
26 28 3
26 29 4
26 30 5
26 31 4
26 32 5
26 33 6
26 34 6
26 35 6
26 36 6
26 37 6
26 38 6
26 39 0
26 40 3
26 41 3
26 42 6
26 43 6
26 44 3
26 45 5
26 46 5
26 47 5
26 48 5
26 49 6
26 50 6
26 51 3
26 52 3
26 53 4
26 54 6
26 55 6
26 56 0
26 57 0
26 58 1
26 59 3
26 60 3
26 61 6
26 62 6
26 63 3
26 64 3
26 65 6
26 66 6
26 67 6
26 68 3
26 69 3
26 70 3
26 71 3
26 72 3
26 73 4
26 74 6
26 75 6
26 76 6
26 77 6
26 78 6
26 79 6
26 80 0
26 81 0
26 82 3
26 83 3
26 84 6
26 85 6
26 86 1
26 87 3
26 88 3
26 89 6
26 90 6
26 91 1
26 92 1
26 93 3
26 94 3
26 95 4
26 96 6
26 97 6
26 98 0
26 99 0
26 100 1
26 101 6
26 102 6
26 103 3
26 104 5
26 105 5
26 106 4
26 107 4
26 108 5
26 109 6
26 110 6
26 111 6
26 112 0
26 113 3
26 114 3
26 115 6
26 116 6
26 117 1
26 118 0
26 119 0
26 120 1
26 121 1
26 122 3
26 123 6
26 124 6
26 125 6
26 126 6
26 127 6
26 128 6
26 129 1
26 130 1
26 131 1
26 132 1
26 133 4
26 134 6
26 135 6
26 136 4
26 137 4
26 138 4
26 139 4
26 140 6
26 141 6
26 142 3
26 143 3
26 144 3
26 145 5
26 146 5
26 147 6
26 148 6
26 149 1
26 150 0
26 151 0
26 152 0
26 153 0
26 154 6
26 155 6
26 156 0
26 157 0
26 158 0
26 159 6
26 160 6
26 161 3
26 162 4
26 163 4
26 164 5
26 165 4
26 166 6
26 167 6
26 168 3
26 169 3
26 170 5
26 171 4
26 172 5
26 173 6
26 174 6
26 175 1
26 176 0
26 177 0
26 178 0
26 179 0
26 180 6
26 181 6
27 0 5
27 1 5
27 2 4
27 3 4
27 4 4
27 5 6
27 6 6
27 7 2
27 8 2
27 9 2
27 10 2
27 11 5
27 12 6
27 13 6
27 14 2
27 15 2
27 16 2
27 17 2
27 18 2
27 19 6
27 20 6
27 21 6
27 22 6
27 23 6
27 24 6
27 25 6
27 26 6
27 27 6
27 28 6
27 29 6
27 30 6
27 31 6
27 32 6
27 33 6
27 34 6
27 35 6
27 36 6
27 37 0
27 38 2
27 39 2
27 40 2
27 41 2
27 42 2
27 43 6
27 44 6
27 45 0
27 46 0
27 47 0
27 48 0
27 49 4
27 50 6
27 51 6
27 52 2
27 53 2
27 54 2
27 55 2
27 56 6
27 57 6
27 58 2
27 59 2
27 60 2
27 61 2
27 62 2
27 63 6
27 64 6
27 65 0
27 66 0
27 67 0
27 68 0
27 69 0
27 70 6
27 71 6
27 72 4
27 73 4
27 74 5
27 75 6
27 76 6
27 77 2
27 78 2
27 79 2
27 80 5
27 81 5
27 82 6
27 83 6
27 84 4
27 85 4
27 86 6
27 87 6
27 88 6
27 89 0
27 90 0
27 91 4
27 92 5
27 93 6
27 94 6
27 95 0
27 96 2
27 97 2
27 98 6
27 99 6
27 100 0
27 101 4
27 102 4
27 103 4
27 104 5
27 105 6
27 106 6
27 107 0
27 108 2
27 109 2
27 110 2
27 111 2
27 112 6
27 113 6
27 114 4
27 115 4
27 116 4
27 117 6
27 118 6
27 119 2
27 120 2
27 121 2
27 122 5
27 123 5
27 124 6
27 125 6
27 126 0
27 127 0
27 128 2
27 129 2
27 130 4
27 131 6
27 132 6
27 133 2
27 134 2
27 135 2
27 136 2
27 137 2
27 138 6
27 139 6
27 140 0
27 141 0
27 142 0
27 143 6
27 144 6
27 145 2
27 146 2
27 147 4
27 148 4
27 149 4
27 150 5
27 151 6
27 152 6
27 153 6
27 154 0
27 155 2
27 156 2
27 157 4
27 158 4
27 159 6
27 160 6
27 161 6
27 162 0
27 163 2
27 164 2
27 165 2
27 166 2
27 167 2
27 168 6
27 169 6
27 170 0
27 171 2
27 172 2
27 173 4
27 174 4
27 175 6
27 176 6
27 177 2
27 178 2
27 179 2
27 180 2
27 181 2
28 0 0
28 1 3
28 2 2
28 3 3
28 4 2
28 5 6
28 6 6
28 7 5
28 8 5
28 9 5
28 10 5
28 11 5
28 12 6
28 13 6
28 14 0
28 15 0
28 16 0
28 17 0
28 18 6
28 19 6
28 20 6
28 21 2
28 22 2
28 23 6
28 24 6
28 25 1
28 26 1
28 27 3
28 28 3
28 29 3
28 30 2
28 31 6
28 32 6
28 33 2
28 34 2
28 35 3
28 36 2
28 37 3
28 38 2
28 39 6
28 40 6
28 41 6
28 42 6
28 43 2
28 44 2
28 45 2
28 46 2
28 47 6
28 48 6
28 49 3
28 50 2
28 51 2
28 52 2
28 53 2
28 54 2
28 55 6
28 56 6
28 57 1
28 58 3
28 59 3
28 60 3
28 61 6
28 62 6
28 63 0
28 64 0
28 65 3
28 66 6
28 67 6
28 68 2
28 69 3
28 70 2
28 71 3
28 72 5
28 73 5
28 74 6
28 75 6
28 76 6
28 77 6
28 78 3
28 79 3
28 80 2
28 81 2
28 82 2
28 83 3
28 84 6
28 85 6
28 86 1
28 87 2
28 88 3
28 89 2
28 90 3
28 91 6
28 92 6
28 93 6
28 94 3
28 95 3
28 96 3
28 97 3
28 98 2
28 99 3
28 100 6
28 101 6
28 102 1
28 103 2
28 104 2
28 105 2
28 106 2
28 107 6
28 108 6
28 109 6
28 110 6
28 111 6
28 112 6
28 113 6
28 114 6
28 115 6
28 116 6
28 117 6
28 118 6
28 119 6
28 120 1
28 121 0
28 122 2
28 123 3
28 124 3
28 125 2
28 126 6
28 127 6
28 128 0
28 129 2
28 130 3
28 131 6
28 132 6
28 133 3
28 134 5
28 135 5
28 136 5
28 137 5
28 138 6
28 139 6
28 140 6
28 141 1
28 142 1
28 143 2
28 144 2
28 145 3
28 146 3
28 147 6
28 148 6
28 149 1
28 150 1
28 151 1
28 152 1
28 153 1
28 154 6
28 155 6
28 156 6
28 157 0
28 158 0
28 159 0
28 160 2
28 161 6
28 162 6
28 163 2
28 164 3
28 165 3
28 166 6
28 167 6
28 168 0
28 169 3
28 170 2
28 171 2
28 172 6
28 173 6
28 174 6
28 175 6
28 176 2
28 177 2
28 178 2
28 179 2
28 180 2
28 181 3
29 0 6
29 1 2
29 2 2
29 3 2
29 4 4
29 5 4
29 6 4
29 7 6
29 8 6
29 9 1
29 10 2
29 11 2
29 12 3
29 13 4
29 14 4
29 15 6
29 16 6
29 17 1
29 18 1
29 19 6
29 20 6
29 21 3
29 22 3
29 23 3
29 24 2
29 25 6
29 26 6
29 27 2
29 28 2
29 29 2
29 30 2
29 31 2
29 32 2
29 33 6
29 34 6
29 35 3
29 36 3
29 37 3
29 38 3
29 39 3
29 40 6
29 41 6
29 42 6
29 43 6
29 44 6
29 45 2
29 46 2
29 47 6
29 48 6
29 49 6
29 50 4
29 51 4
29 52 4
29 53 4
29 54 4
29 55 4
29 56 6
29 57 6
29 58 2
29 59 3
29 60 3
29 61 3
29 62 3
29 63 3
29 64 6
29 65 6
29 66 1
29 67 3
29 68 6
29 69 6
29 70 3
29 71 2
29 72 3
29 73 6
29 74 6
29 75 4
29 76 4
29 77 4
29 78 4
29 79 4
29 80 4
29 81 6
29 82 6
29 83 6
29 84 1
29 85 1
29 86 1
29 87 1
29 88 1
29 89 6
29 90 6
29 91 2
29 92 3
29 93 3
29 94 2
29 95 3
29 96 6
29 97 6
29 98 3
29 99 2
29 100 2
29 101 3
29 102 2
29 103 6
29 104 6
29 105 1
29 106 3
29 107 3
29 108 6
29 109 6
29 110 3
29 111 3
29 112 2
29 113 2
29 114 2
29 115 2
29 116 6
29 117 6
29 118 6
29 119 6
29 120 6
29 121 6
29 122 6
29 123 6
29 124 6
29 125 6
29 126 6
29 127 6
29 128 6
29 129 6
29 130 1
29 131 3
29 132 2
29 133 6
29 134 6
29 135 1
29 136 1
29 137 3
29 138 3
29 139 3
29 140 2
29 141 6
29 142 6
29 143 1
29 144 1
29 145 2
29 146 2
29 147 2
29 148 6
29 149 6
29 150 2
29 151 4
29 152 4
29 153 4
29 154 6
29 155 6
29 156 2
29 157 2
29 158 3
29 159 2
29 160 2
29 161 3
29 162 6
29 163 6
29 164 3
29 165 3
29 166 6
29 167 6
29 168 2
29 169 3
29 170 2
29 171 2
29 172 3
29 173 6
29 174 6
29 175 6
29 176 1
29 177 1
29 178 1
29 179 1
29 180 1
29 181 3
30 0 1
30 1 6
30 2 6
30 3 2
30 4 2
30 5 2
30 6 2
30 7 2
30 8 2
30 9 6
30 10 6
30 11 1
30 12 3
30 13 3
30 14 6
30 15 6
30 16 6
30 17 6
30 18 6
30 19 3
30 20 2
30 21 2
30 22 3
30 23 2
30 24 6
30 25 6
30 26 4
30 27 4
30 28 4
30 29 4
30 30 4
30 31 6
30 32 6
30 33 1
30 34 2
30 35 3
30 36 2
30 37 2
30 38 3
30 39 6
30 40 6
30 41 6
30 42 2
30 43 3
30 44 2
30 45 3
30 46 3
30 47 6
30 48 6
30 49 2
30 50 3
30 51 3
30 52 3
30 53 3
30 54 6
30 55 6
30 56 3
30 57 3
30 58 6
30 59 6
30 60 6
30 61 1
30 62 1
30 63 1
30 64 2
30 65 3
30 66 5
30 67 6
30 68 6
30 69 6
30 70 3
30 71 2
30 72 3
30 73 3
30 74 2
30 75 6
30 76 6
30 77 1
30 78 3
30 79 3
30 80 2
30 81 2
30 82 6
30 83 6
30 84 1
30 85 2
30 86 3
30 87 6
30 88 6
30 89 3
30 90 2
30 91 3
30 92 3
30 93 2
30 94 4
30 95 6
30 96 6
30 97 6
30 98 3
30 99 2
30 100 2
30 101 3
30 102 4
30 103 6
30 104 6
30 105 6
30 106 2
30 107 3
30 108 3
30 109 2
30 110 4
30 111 5
30 112 6
30 113 6
30 114 3
30 115 3
30 116 3
30 117 3
30 118 3
30 119 2
30 120 6
30 121 6
30 122 4
30 123 4
30 124 6
30 125 6
30 126 1
30 127 1
30 128 4
30 129 4
30 130 5
30 131 6
30 132 6
30 133 6
30 134 6
30 135 6
30 136 6
30 137 6
30 138 6
30 139 6
30 140 3
30 141 3
30 142 6
30 143 6
30 144 2
30 145 5
30 146 4
30 147 4
30 148 5
30 149 5
30 150 6
30 151 6
30 152 3
30 153 3
30 154 3
30 155 3
30 156 3
30 157 3
30 158 6
30 159 6
30 160 6
30 161 2
30 162 2
30 163 6
30 164 6
30 165 2
30 166 2
30 167 5
30 168 5
30 169 4
30 170 5
30 171 6
30 172 6
30 173 3
30 174 3
30 175 3
30 176 3
30 177 4
30 178 4
30 179 6
30 180 6
30 181 6
31 0 0
31 1 0
31 2 1
31 3 1
31 4 2
31 5 6
31 6 6
31 7 6
31 8 0
31 9 1
31 10 2
31 11 3
31 12 2
31 13 2
31 14 6
31 15 6
31 16 3
31 17 2
31 18 3
31 19 6
31 20 6
31 21 1
31 22 1
31 23 6
31 24 6
31 25 6
31 26 6
31 27 6
31 28 6
31 29 0
31 30 3
31 31 2
31 32 3
31 33 6
31 34 6
31 35 6
31 36 3
31 37 3
31 38 2
31 39 2
31 40 3
31 41 2
31 42 6
31 43 6
31 44 3
31 45 4
31 46 4
31 47 6
31 48 6
31 49 6
31 50 0
31 51 0
31 52 0
31 53 0
31 54 6
31 55 6
31 56 6
31 57 2
31 58 3
31 59 3
31 60 2
31 61 2
31 62 3
31 63 6
31 64 6
31 65 0
31 66 0
31 67 0
31 68 0
31 69 0
31 70 0
31 71 6
31 72 6
31 73 0
31 74 0
31 75 0
31 76 0
31 77 3
31 78 2
31 79 6
31 80 6
31 81 0
31 82 2
31 83 2
31 84 2
31 85 6
31 86 6
31 87 2
31 88 4
31 89 6
31 90 6
31 91 6
31 92 1
31 93 0
31 94 0
31 95 0
31 96 0
31 97 0
31 98 6
31 99 6
31 100 3
31 101 2
31 102 2
31 103 6
31 104 6
31 105 0
31 106 0
31 107 2
31 108 6
31 109 6
31 110 3
31 111 3
31 112 6
31 113 6
31 114 4
31 115 4
31 116 4
31 117 4
31 118 4
31 119 4
31 120 6
31 121 6
31 122 0
31 123 3
31 124 2
31 125 3
31 126 6
31 127 6
31 128 3
31 129 3
31 130 3
31 131 2
31 132 2
31 133 2
31 134 6
31 135 6
31 136 3
31 137 3
31 138 6
31 139 6
31 140 3
31 141 2
31 142 2
31 143 3
31 144 2
31 145 3
31 146 6
31 147 6
31 148 6
31 149 6
31 150 0
31 151 0
31 152 0
31 153 0
31 154 3
31 155 6
31 156 6
31 157 6
31 158 6
31 159 6
31 160 6
31 161 0
31 162 1
31 163 2
31 164 3
31 165 3
31 166 6
31 167 6
31 168 1
31 169 1
31 170 1
31 171 1
31 172 1
31 173 6
31 174 6
31 175 0
31 176 3
31 177 3
31 178 3
31 179 2
31 180 6
31 181 6
32 0 6
32 1 3
32 2 3
32 3 3
32 4 2
32 5 2
32 6 3
32 7 6
32 8 6
32 9 3
32 10 2
32 11 2
32 12 5
32 13 5
32 14 4
32 15 6
32 16 6
32 17 2
32 18 3
32 19 4
32 20 4
32 21 4
32 22 6
32 23 6
32 24 6
32 25 6
32 26 6
32 27 6
32 28 2
32 29 2
32 30 2
32 31 2
32 32 2
32 33 6
32 34 6
32 35 6
32 36 1
32 37 1
32 38 1
32 39 1
32 40 3
32 41 2
32 42 6
32 43 6
32 44 1
32 45 2
32 46 2
32 47 6
32 48 6
32 49 1
32 50 1
32 51 1
32 52 3
32 53 3
32 54 6
32 55 6
32 56 5
32 57 5
32 58 6
32 59 6
32 60 1
32 61 2
32 62 2
32 63 3
32 64 3
32 65 2
32 66 6
32 67 6
32 68 6
32 69 6
32 70 6
32 71 6
32 72 6
32 73 6
32 74 6
32 75 6
32 76 6
32 77 6
32 78 3
32 79 2
32 80 3
32 81 2
32 82 2
32 83 2
32 84 6
32 85 6
32 86 1
32 87 1
32 88 1
32 89 3
32 90 2
32 91 4
32 92 6
32 93 6
32 94 2
32 95 2
32 96 2
32 97 2
32 98 5
32 99 6
32 100 6
32 101 1
32 102 1
32 103 3
32 104 2
32 105 2
32 106 6
32 107 6
32 108 2
32 109 2
32 110 2
32 111 2
32 112 2
32 113 2
32 114 6
32 115 6
32 116 2
32 117 2
32 118 2
32 119 3
32 120 6
32 121 6
32 122 3
32 123 2
32 124 6
32 125 6
32 126 5
32 127 5
32 128 5
32 129 5
32 130 5
32 131 6
32 132 6
32 133 6
32 134 1
32 135 1
32 136 1
32 137 1
32 138 1
32 139 2
32 140 6
32 141 6
32 142 3
32 143 3
32 144 3
32 145 6
32 146 6
32 147 2
32 148 2
32 149 2
32 150 2
32 151 4
32 152 6
32 153 6
32 154 2
32 155 3
32 156 2
32 157 2
32 158 3
32 159 6
32 160 6
32 161 2
32 162 2
32 163 2
32 164 2
32 165 2
32 166 6
32 167 6
32 168 1
32 169 4
32 170 6
32 171 6
32 172 3
32 173 3
32 174 3
32 175 3
32 176 2
32 177 3
32 178 6
32 179 6
32 180 6
32 181 6
33 0 6
33 1 1
33 2 3
33 3 3
33 4 3
33 5 3
33 6 3
33 7 6
33 8 6
33 9 0
33 10 1
33 11 0
33 12 6
33 13 6
33 14 6
33 15 2
33 16 2
33 17 2
33 18 2
33 19 2
33 20 2
33 21 6
33 22 6
33 23 0
33 24 3
33 25 2
33 26 6
33 27 6
33 28 0
33 29 3
33 30 3
33 31 3
33 32 2
33 33 6
33 34 6
33 35 6
33 36 0
33 37 0
33 38 0
33 39 0
33 40 6
33 41 6
33 42 6
33 43 1
33 44 0
33 45 0
33 46 0
33 47 0
33 48 1
33 49 6
33 50 6
33 51 6
33 52 6
33 53 6
33 54 6
33 55 6
33 56 0
33 57 0
33 58 0
33 59 3
33 60 3
33 61 6
33 62 6
33 63 3
33 64 3
33 65 2
33 66 3
33 67 3
33 68 6
33 69 6
33 70 6
33 71 1
33 72 1
33 73 1
33 74 1
33 75 2
33 76 3
33 77 6
33 78 6
33 79 2
33 80 3
33 81 3
33 82 3
33 83 3
33 84 3
33 85 6
33 86 6
33 87 3
33 88 3
33 89 3
33 90 3
33 91 3
33 92 6
33 93 6
33 94 0
33 95 2
33 96 2
33 97 2
33 98 3
33 99 4
33 100 6
33 101 6
33 102 6
33 103 2
33 104 2
33 105 3
33 106 3
33 107 2
33 108 3
33 109 6
33 110 6
33 111 6
33 112 6
33 113 0
33 114 0
33 115 0
33 116 0
33 117 0
33 118 0
33 119 6
33 120 6
33 121 2
33 122 3
33 123 4
33 124 6
33 125 6
33 126 2
33 127 3
33 128 3
33 129 3
33 130 3
33 131 6
33 132 6
33 133 6
33 134 6
33 135 0
33 136 0
33 137 0
33 138 0
33 139 0
33 140 3
33 141 6
33 142 6
33 143 0
33 144 0
33 145 0
33 146 0
33 147 0
33 148 0
33 149 6
33 150 6
33 151 1
33 152 4
33 153 4
33 154 4
33 155 4
33 156 4
33 157 6
33 158 6
33 159 6
33 160 6
33 161 2
33 162 3
33 163 3
33 164 3
33 165 2
33 166 6
33 167 6
33 168 6
33 169 6
33 170 6
33 171 6
33 172 6
33 173 6
33 174 6
33 175 6
33 176 1
33 177 1
33 178 1
33 179 0
33 180 4
33 181 4
34 0 3
34 1 5
34 2 4
34 3 6
34 4 6
34 5 3
34 6 4
34 7 4
34 8 4
34 9 4
34 10 4
34 11 6
34 12 6
34 13 6
34 14 0
34 15 3
34 16 3
34 17 3
34 18 3
34 19 3
34 20 6
34 21 6
34 22 3
34 23 3
34 24 3
34 25 5
34 26 6
34 27 6
34 28 3
34 29 3
34 30 3
34 31 3
34 32 4
34 33 6
34 34 6
34 35 6
34 36 6
34 37 6
34 38 3
34 39 4
34 40 5
34 41 4
34 42 6
34 43 6
34 44 3
34 45 3
34 46 5
34 47 4
34 48 4
34 49 4
34 50 6
34 51 6
34 52 1
34 53 1
34 54 3
34 55 3
34 56 3
34 57 5
34 58 6
34 59 6
34 60 3
34 61 3
34 62 3
34 63 5
34 64 5
34 65 5
34 66 6
34 67 6
34 68 0
34 69 1
34 70 0
34 71 0
34 72 0
34 73 1
34 74 6
34 75 6
34 76 6
34 77 1
34 78 1
34 79 0
34 80 1
34 81 3
34 82 6
34 83 6
34 84 1
34 85 4
34 86 5
34 87 6
34 88 6
34 89 3
34 90 3
34 91 6
34 92 6
34 93 3
34 94 3
34 95 4
34 96 6
34 97 6
34 98 3
34 99 3
34 100 6
34 101 6
34 102 3
34 103 3
34 104 3
34 105 3
34 106 3
34 107 4
34 108 6
34 109 6
34 110 6
34 111 6
34 112 6
34 113 6
34 114 6
34 115 0
34 116 1
34 117 6
34 118 6
34 119 3
34 120 3
34 121 3
34 122 6
34 123 6
34 124 6
34 125 6
34 126 0
34 127 1
34 128 1
34 129 0
34 130 0
34 131 6
34 132 6
34 133 1
34 134 3
34 135 4
34 136 6
34 137 6
34 138 4
34 139 4
34 140 4
34 141 6
34 142 6
34 143 6
34 144 0
34 145 3
34 146 3
34 147 6
34 148 6
34 149 3
34 150 3
34 151 3
34 152 3
34 153 3
34 154 6
34 155 6
34 156 1
34 157 1
34 158 1
34 159 3
34 160 3
34 161 6
34 162 6
34 163 0
34 164 1
34 165 5
34 166 6
34 167 6
34 168 1
34 169 0
34 170 3
34 171 3
34 172 3
34 173 6
34 174 6
34 175 0
34 176 3
34 177 3
34 178 3
34 179 3
34 180 6
34 181 6
35 0 6
35 1 3
35 2 3
35 3 3
35 4 6
35 5 6
35 6 6
35 7 6
35 8 6
35 9 1
35 10 3
35 11 3
35 12 3
35 13 3
35 14 6
35 15 6
35 16 3
35 17 5
35 18 5
35 19 6
35 20 6
35 21 1
35 22 3
35 23 3
35 24 3
35 25 3
35 26 6
35 27 6
35 28 3
35 29 3
35 30 3
35 31 6
35 32 6
35 33 6
35 34 6
35 35 1
35 36 5
35 37 5
35 38 5
35 39 6
35 40 6
35 41 6
35 42 3
35 43 3
35 44 3
35 45 3
35 46 6
35 47 6
35 48 6
35 49 6
35 50 6
35 51 6
35 52 6
35 53 6
35 54 6
35 55 6
35 56 6
35 57 1
35 58 1
35 59 1
35 60 1
35 61 6
35 62 6
35 63 3
35 64 3
35 65 3
35 66 5
35 67 6
35 68 6
35 69 6
35 70 5
35 71 5
35 72 5
35 73 6
35 74 6
35 75 3
35 76 5
35 77 5
35 78 5
35 79 5
35 80 6
35 81 6
35 82 1
35 83 3
35 84 5
35 85 5
35 86 5
35 87 6
35 88 6
35 89 1
35 90 3
35 91 3
35 92 6
35 93 6
35 94 5
35 95 5
35 96 5
35 97 5
35 98 5
35 99 6
35 100 6
35 101 6
35 102 6
35 103 3
35 104 3
35 105 3
35 106 3
35 107 6
35 108 6
35 109 6
35 110 1
35 111 1
35 112 3
35 113 3
35 114 5
35 115 6
35 116 6
35 117 5
35 118 5
35 119 5
35 120 5
35 121 5
35 122 6
35 123 6
35 124 3
35 125 3
35 126 3
35 127 3
35 128 3
35 129 6
35 130 6
35 131 3
35 132 3
35 133 3
35 134 3
35 135 3
35 136 6
35 137 6
35 138 6
35 139 6
35 140 1
35 141 5
35 142 5
35 143 5
35 144 5
35 145 6
35 146 6
35 147 3
35 148 3
35 149 3
35 150 6
35 151 6
35 152 5
35 153 5
35 154 5
35 155 5
35 156 5
35 157 6
35 158 6
35 159 3
35 160 3
35 161 3
35 162 3
35 163 5
35 164 6
35 165 6
35 166 6
35 167 6
35 168 3
35 169 3
35 170 3
35 171 3
35 172 3
35 173 6
35 174 6
35 175 3
35 176 3
35 177 5
35 178 6
35 179 6
35 180 1
35 181 5
36 0 4
36 1 4
36 2 5
36 3 6
36 4 6
36 5 0
36 6 0
36 7 0
36 8 4
36 9 5
36 10 6
36 11 6
36 12 1
36 13 1
36 14 1
36 15 5
36 16 5
36 17 6
36 18 6
36 19 0
36 20 0
36 21 0
36 22 1
36 23 1
36 24 6
36 25 6
36 26 6
36 27 0
36 28 0
36 29 0
36 30 0
36 31 0
36 32 6
36 33 6
36 34 6
36 35 4
36 36 5
36 37 4
36 38 5
36 39 5
36 40 6
36 41 6
36 42 1
36 43 0
36 44 1
36 45 1
36 46 1
36 47 6
36 48 6
36 49 6
36 50 6
36 51 6
36 52 6
36 53 0
36 54 1
36 55 0
36 56 6
36 57 6
36 58 0
36 59 0
36 60 1
36 61 6
36 62 6
36 63 6
36 64 6
36 65 6
36 66 1
36 67 5
36 68 5
36 69 5
36 70 5
36 71 6
36 72 6
36 73 6
36 74 6
36 75 6
36 76 6
36 77 1
36 78 1
36 79 0
36 80 6
36 81 6
36 82 6
36 83 6
36 84 6
36 85 6
36 86 1
36 87 1
36 88 1
36 89 1
36 90 1
36 91 6
36 92 6
36 93 5
36 94 5
36 95 4
36 96 6
36 97 6
36 98 6
36 99 6
36 100 6
36 101 6
36 102 6
36 103 6
36 104 6
36 105 1
36 106 0
36 107 1
36 108 1
36 109 5
36 110 6
36 111 6
36 112 1
36 113 0
36 114 0
36 115 0
36 116 0
36 117 6
36 118 6
36 119 0
36 120 0
36 121 4
36 122 4
36 123 4
36 124 6
36 125 6
36 126 0
36 127 1
36 128 0
36 129 6
36 130 6
36 131 5
36 132 5
36 133 5
36 134 5
36 135 5
36 136 6
36 137 6
36 138 1
36 139 0
36 140 0
36 141 1
36 142 6
36 143 6
36 144 1
36 145 0
36 146 0
36 147 6
36 148 6
36 149 0
36 150 5
36 151 5
36 152 5
36 153 5
36 154 6
36 155 6
36 156 4
36 157 5
36 158 4
36 159 5
36 160 5
36 161 6
36 162 6
36 163 0
36 164 0
36 165 0
36 166 0
36 167 0
36 168 6
36 169 6
36 170 1
36 171 0
36 172 4
36 173 6
36 174 6
36 175 4
36 176 4
36 177 4
36 178 4
36 179 4
36 180 6
36 181 6
37 0 1
37 1 1
37 2 1
37 3 1
37 4 2
37 5 6
37 6 6
37 7 1
37 8 1
37 9 2
37 10 2
37 11 2
37 12 6
37 13 6
37 14 2
37 15 2
37 16 2
37 17 6
37 18 6
37 19 2
37 20 2
37 21 2
37 22 2
37 23 6
37 24 6
37 25 5
37 26 5
37 27 5
37 28 5
37 29 5
37 30 6
37 31 6
37 32 0
37 33 2
37 34 2
37 35 2
37 36 5
37 37 6
37 38 6
37 39 0
37 40 1
37 41 1
37 42 0
37 43 6
37 44 6
37 45 1
37 46 0
37 47 2
37 48 2
37 49 6
37 50 6
37 51 2
37 52 2
37 53 2
37 54 6
37 55 6
37 56 0
37 57 2
37 58 5
37 59 6
37 60 6
37 61 0
37 62 0
37 63 1
37 64 2
37 65 2
37 66 6
37 67 6
37 68 6
37 69 6
37 70 5
37 71 5
37 72 5
37 73 5
37 74 5
37 75 6
37 76 6
37 77 6
37 78 6
37 79 6
37 80 1
37 81 5
37 82 5
37 83 5
37 84 6
37 85 6
37 86 0
37 87 0
37 88 1
37 89 0
37 90 1
37 91 6
37 92 6
37 93 2
37 94 2
37 95 2
37 96 6
37 97 6
37 98 1
37 99 0
37 100 0
37 101 6
37 102 6
37 103 2
37 104 2
37 105 2
37 106 6
37 107 6
37 108 2
37 109 2
37 110 2
37 111 2
37 112 2
37 113 6
37 114 6
37 115 6
37 116 6
37 117 6
37 118 6
37 119 6
37 120 6
37 121 6
37 122 6
37 123 6
37 124 2
37 125 2
37 126 2
37 127 2
37 128 2
37 129 6
37 130 6
37 131 6
37 132 6
37 133 6
37 134 6
37 135 6
37 136 6
37 137 6
37 138 2
37 139 5
37 140 5
37 141 5
37 142 6
37 143 6
37 144 6
37 145 6
37 146 6
37 147 1
37 148 1
37 149 1
37 150 1
37 151 0
37 152 6
37 153 6
37 154 1
37 155 2
37 156 2
37 157 5
37 158 5
37 159 6
37 160 6
37 161 1
37 162 0
37 163 0
37 164 0
37 165 1
37 166 6
37 167 6
37 168 2
37 169 2
37 170 2
37 171 2
37 172 2
37 173 6
37 174 6
37 175 0
37 176 2
37 177 2
37 178 2
37 179 2
37 180 6
37 181 6
38 0 1
38 1 1
38 2 2
38 3 2
38 4 6
38 5 6
38 6 6
38 7 3
38 8 3
38 9 3
38 10 5
38 11 5
38 12 6
38 13 6
38 14 1
38 15 1
38 16 2
38 17 6
38 18 6
38 19 5
38 20 5
38 21 5
38 22 5
38 23 5
38 24 6
38 25 6
38 26 6
38 27 6
38 28 1
38 29 1
38 30 1
38 31 1
38 32 1
38 33 6
38 34 6
38 35 6
38 36 6
38 37 6
38 38 6
38 39 6
38 40 1
38 41 2
38 42 5
38 43 5
38 44 6
38 45 6
38 46 3
38 47 3
38 48 3
38 49 3
38 50 3
38 51 6
38 52 6
38 53 3
38 54 2
38 55 2
38 56 2
38 57 3
38 58 6
38 59 6
38 60 2
38 61 2
38 62 2
38 63 2
38 64 3
38 65 6
38 66 6
38 67 1
38 68 3
38 69 2
38 70 6
38 71 6
38 72 2
38 73 3
38 74 3
38 75 6
38 76 6
38 77 2
38 78 3
38 79 2
38 80 2
38 81 2
38 82 6
38 83 6
38 84 2
38 85 2
38 86 2
38 87 6
38 88 6
38 89 3
38 90 3
38 91 2
38 92 3
38 93 6
38 94 6
38 95 1
38 96 1
38 97 1
38 98 5
38 99 5
38 100 6
38 101 6
38 102 6
38 103 2
38 104 2
38 105 2
38 106 3
38 107 2
38 108 6
38 109 6
38 110 6
38 111 6
38 112 6
38 113 6
38 114 6
38 115 6
38 116 1
38 117 3
38 118 3
38 119 6
38 120 6
38 121 2
38 122 2
38 123 2
38 124 2
38 125 3
38 126 6
38 127 6
38 128 6
38 129 1
38 130 1
38 131 3
38 132 2
38 133 5
38 134 6
38 135 6
38 136 6
38 137 6
38 138 6
38 139 6
38 140 6
38 141 3
38 142 3
38 143 3
38 144 3
38 145 6
38 146 6
38 147 1
38 148 1
38 149 1
38 150 3
38 151 2
38 152 6
38 153 6
38 154 1
38 155 1
38 156 3
38 157 2
38 158 3
38 159 6
38 160 6
38 161 6
38 162 6
38 163 3
38 164 2
38 165 5
38 166 6
38 167 6
38 168 6
38 169 3
38 170 2
38 171 3
38 172 2
38 173 6
38 174 6
38 175 6
38 176 6
38 177 2
38 178 2
38 179 3
38 180 2
38 181 3
39 0 2
39 1 6
39 2 6
39 3 2
39 4 2
39 5 2
39 6 2
39 7 4
39 8 6
39 9 6
39 10 0
39 11 0
39 12 0
39 13 2
39 14 2
39 15 6
39 16 6
39 17 6
39 18 2
39 19 5
39 20 5
39 21 5
39 22 4
39 23 6
39 24 6
39 25 6
39 26 6
39 27 6
39 28 6
39 29 6
39 30 0
39 31 2
39 32 2
39 33 2
39 34 2
39 35 6
39 36 6
39 37 4
39 38 4
39 39 4
39 40 4
39 41 5
39 42 6
39 43 6
39 44 6
39 45 6
39 46 6
39 47 6
39 48 6
39 49 6
39 50 6
39 51 6
39 52 6
39 53 6
39 54 6
39 55 6
39 56 2
39 57 2
39 58 2
39 59 4
39 60 6
39 61 6
39 62 6
39 63 2
39 64 2
39 65 2
39 66 2
39 67 2
39 68 6
39 69 6
39 70 2
39 71 2
39 72 4
39 73 4
39 74 4
39 75 6
39 76 6
39 77 2
39 78 2
39 79 2
39 80 4
39 81 4
39 82 6
39 83 6
39 84 0
39 85 0
39 86 2
39 87 4
39 88 4
39 89 6
39 90 6
39 91 0
39 92 2
39 93 2
39 94 4
39 95 5
39 96 6
39 97 6
39 98 6
39 99 6
39 100 6
39 101 2
39 102 2
39 103 2
39 104 2
39 105 2
39 106 6
39 107 6
39 108 2
39 109 2
39 110 2
39 111 2
39 112 6
39 113 6
39 114 2
39 115 2
39 116 2
39 117 6
39 118 6
39 119 6
39 120 6
39 121 0
39 122 2
39 123 2
39 124 6
39 125 6
39 126 2
39 127 2
39 128 4
39 129 6
39 130 6
39 131 2
39 132 2
39 133 5
39 134 4
39 135 4
39 136 6
39 137 6
39 138 2
39 139 2
39 140 2
39 141 2
39 142 2
39 143 6
39 144 6
39 145 2
39 146 2
39 147 2
39 148 2
39 149 4
39 150 6
39 151 6
39 152 2
39 153 2
39 154 2
39 155 2
39 156 6
39 157 6
39 158 2
39 159 2
39 160 2
39 161 6
39 162 6
39 163 4
39 164 4
39 165 4
39 166 6
39 167 6
39 168 0
39 169 0
39 170 0
39 171 0
39 172 2
39 173 6
39 174 6
39 175 6
39 176 6
39 177 2
39 178 2
39 179 5
39 180 5
39 181 5
40 0 5
40 1 5
40 2 5
40 3 5
40 4 5
40 5 6
40 6 6
40 7 6
40 8 6
40 9 6
40 10 6
40 11 6
40 12 4
40 13 5
40 14 6
40 15 6
40 16 6
40 17 6
40 18 6
40 19 2
40 20 3
40 21 6
40 22 6
40 23 6
40 24 6
40 25 6
40 26 3
40 27 3
40 28 6
40 29 6
40 30 6
40 31 6
40 32 6
40 33 6
40 34 6
40 35 6
40 36 6
40 37 6
40 38 6
40 39 6
40 40 6
40 41 6
40 42 6
40 43 6
40 44 6
40 45 6
40 46 6
40 47 6
40 48 6
40 49 6
40 50 6
40 51 6
40 52 6
40 53 6
40 54 6
40 55 6
40 56 6
40 57 5
40 58 5
40 59 5
40 60 6
40 61 6
40 62 6
40 63 6
40 64 6
40 65 6
40 66 6
40 67 6
40 68 3
40 69 2
40 70 2
40 71 2
40 72 2
40 73 6
40 74 6
40 75 3
40 76 2
40 77 3
40 78 6
40 79 6
40 80 6
40 81 6
40 82 4
40 83 5
40 84 6
40 85 6
40 86 6
40 87 6
40 88 6
40 89 6
40 90 6
40 91 6
40 92 6
40 93 6
40 94 0
40 95 0
40 96 0
40 97 0
40 98 6
40 99 6
40 100 6
40 101 6
40 102 6
40 103 2
40 104 2
40 105 6
40 106 6
40 107 6
40 108 6
40 109 6
40 110 6
40 111 6
40 112 6
40 113 2
40 114 4
40 115 6
40 116 6
40 117 0
40 118 3
40 119 2
40 120 6
40 121 6
40 122 6
40 123 6
40 124 2
40 125 2
40 126 2
40 127 3
40 128 6
40 129 6
40 130 6
40 131 6
40 132 6
40 133 6
40 134 2
40 135 4
40 136 4
40 137 6
40 138 6
40 139 6
40 140 3
40 141 3
40 142 3
40 143 3
40 144 3
40 145 6
40 146 6
40 147 2
40 148 2
40 149 6
40 150 6
40 151 6
40 152 3
40 153 2
40 154 5
40 155 5
40 156 6
40 157 6
40 158 6
40 159 4
40 160 5
40 161 6
40 162 6
40 163 0
40 164 0
40 165 6
40 166 6
40 167 6
40 168 6
40 169 6
40 170 5
40 171 5
40 172 5
40 173 5
40 174 5
40 175 6
40 176 6
40 177 6
40 178 6
40 179 6
40 180 6
40 181 6
41 0 6
41 1 6
41 2 6
41 3 6
41 4 6
41 5 2
41 6 2
41 7 6
41 8 6
41 9 6
41 10 6
41 11 6
41 12 2
41 13 2
41 14 6
41 15 6
41 16 6
41 17 6
41 18 6
41 19 4
41 20 4
41 21 6
41 22 6
41 23 2
41 24 2
41 25 6
41 26 6
41 27 6
41 28 6
41 29 6
41 30 6
41 31 6
41 32 6
41 33 1
41 34 1
41 35 6
41 36 6
41 37 1
41 38 1
41 39 6
41 40 6
41 41 6
41 42 6
41 43 6
41 44 6
41 45 6
41 46 6
41 47 6
41 48 6
41 49 6
41 50 2
41 51 2
41 52 2
41 53 2
41 54 6
41 55 6
41 56 6
41 57 6
41 58 2
41 59 2
41 60 6
41 61 6
41 62 6
41 63 1
41 64 1
41 65 1
41 66 6
41 67 6
41 68 2
41 69 2
41 70 6
41 71 6
41 72 1
41 73 1
41 74 6
41 75 6
41 76 6
41 77 6
41 78 6
41 79 6
41 80 6
41 81 6
41 82 6
41 83 6
41 84 6
41 85 6
41 86 6
41 87 6
41 88 6
41 89 4
41 90 5
41 91 5
41 92 5
41 93 6
41 94 6
41 95 6
41 96 2
41 97 2
41 98 6
41 99 6
41 100 4
41 101 4
41 102 5
41 103 5
41 104 4
41 105 6
41 106 6
41 107 6
41 108 6
41 109 6
41 110 5
41 111 5
41 112 6
41 113 6
41 114 6
41 115 6
41 116 6
41 117 6
41 118 6
41 119 6
41 120 6
41 121 6
41 122 6
41 123 6
41 124 6
41 125 6
41 126 4
41 127 4
41 128 4
41 129 4
41 130 6
41 131 6
41 132 6
41 133 6
41 134 6
41 135 6
41 136 5
41 137 5
41 138 6
41 139 6
41 140 6
41 141 2
41 142 2
41 143 2
41 144 6
41 145 6
41 146 6
41 147 6
41 148 2
41 149 4
41 150 6
41 151 6
41 152 2
41 153 2
41 154 6
41 155 6
41 156 6
41 157 1
41 158 2
41 159 2
41 160 2
41 161 6
41 162 6
41 163 6
41 164 6
41 165 6
41 166 1
41 167 1
41 168 1
41 169 6
41 170 6
41 171 6
41 172 6
41 173 2
41 174 2
41 175 6
41 176 6
41 177 6
41 178 4
41 179 4
41 180 6
41 181 6
42 0 3
42 1 6
42 2 6
42 3 6
42 4 6
42 5 6
42 6 6
42 7 6
42 8 6
42 9 6
42 10 6
42 11 6
42 12 6
42 13 6
42 14 6
42 15 3
42 16 3
42 17 4
42 18 6
42 19 6
42 20 6
42 21 6
42 22 4
42 23 4
42 24 6
42 25 6
42 26 3
42 27 3
42 28 6
42 29 6
42 30 6
42 31 6
42 32 6
42 33 6
42 34 6
42 35 6
42 36 6
42 37 6
42 38 3
42 39 3
42 40 3
42 41 3
42 42 6
42 43 6
42 44 6
42 45 6
42 46 6
42 47 6
42 48 6
42 49 3
42 50 3
42 51 6
42 52 6
42 53 3
42 54 4
42 55 4
42 56 6
42 57 6
42 58 6
42 59 6
42 60 6
42 61 3
42 62 3
42 63 6
42 64 6
42 65 6
42 66 6
42 67 3
42 68 3
42 69 3
42 70 6
42 71 6
42 72 6
42 73 6
42 74 6
42 75 3
42 76 3
42 77 6
42 78 6
42 79 6
42 80 6
42 81 1
42 82 1
42 83 1
42 84 1
42 85 1
42 86 6
42 87 6
42 88 6
42 89 6
42 90 6
42 91 6
42 92 3
42 93 3
42 94 6
42 95 6
42 96 3
42 97 3
42 98 6
42 99 6
42 100 6
42 101 6
42 102 3
42 103 3
42 104 3
42 105 6
42 106 6
42 107 6
42 108 6
42 109 6
42 110 6
42 111 6
42 112 6
42 113 6
42 114 6
42 115 6
42 116 6
42 117 6
42 118 6
42 119 6
42 120 6
42 121 6
42 122 6
42 123 6
42 124 3
42 125 3
42 126 3
42 127 3
42 128 4
42 129 6
42 130 6
42 131 4
42 132 4
42 133 4
42 134 4
42 135 6
42 136 6
42 137 6
42 138 6
42 139 6
42 140 3
42 141 3
42 142 6
42 143 6
42 144 6
42 145 6
42 146 6
42 147 4
42 148 4
42 149 4
42 150 4
42 151 4
42 152 6
42 153 6
42 154 6
42 155 6
42 156 6
42 157 3
42 158 3
42 159 3
42 160 3
42 161 6
42 162 6
42 163 6
42 164 6
42 165 3
42 166 3
42 167 3
42 168 6
42 169 6
42 170 6
42 171 6
42 172 6
42 173 6
42 174 6
42 175 3
42 176 3
42 177 3
42 178 6
42 179 6
42 180 6
42 181 6
43 0 6
43 1 6
43 2 6
43 3 3
43 4 3
43 5 3
43 6 3
43 7 6
43 8 6
43 9 6
43 10 6
43 11 6
43 12 1
43 13 0
43 14 0
43 15 3
43 16 6
43 17 6
43 18 6
43 19 1
43 20 3
43 21 6
43 22 6
43 23 6
43 24 6
43 25 6
43 26 3
43 27 3
43 28 6
43 29 6
43 30 6
43 31 6
43 32 6
43 33 6
43 34 6
43 35 1
43 36 3
43 37 6
43 38 6
43 39 6
43 40 6
43 41 6
43 42 6
43 43 6
43 44 6
43 45 6
43 46 6
43 47 3
43 48 3
43 49 6
43 50 6
43 51 6
43 52 6
43 53 6
43 54 0
43 55 0
43 56 3
43 57 3
43 58 6
43 59 6
43 60 6
43 61 6
43 62 6
43 63 6
43 64 6
43 65 6
43 66 6
43 67 6
43 68 6
43 69 6
43 70 6
43 71 6
43 72 6
43 73 6
43 74 1
43 75 1
43 76 1
43 77 6
43 78 6
43 79 6
43 80 6
43 81 6
43 82 0
43 83 0
43 84 3
43 85 3
43 86 3
43 87 6
43 88 6
43 89 6
43 90 6
43 91 6
43 92 6
43 93 6
43 94 6
43 95 6
43 96 3
43 97 3
43 98 6
43 99 6
43 100 6
43 101 6
43 102 1
43 103 1
43 104 1
43 105 1
43 106 1
43 107 6
43 108 6
43 109 6
43 110 6
43 111 0
43 112 0
43 113 0
43 114 0
43 115 0
43 116 6
43 117 6
43 118 6
43 119 3
43 120 3
43 121 3
43 122 3
43 123 3
43 124 6
43 125 6
43 126 3
43 127 3
43 128 3
43 129 6
43 130 6
43 131 3
43 132 3
43 133 3
43 134 3
43 135 6
43 136 6
43 137 6
43 138 6
43 139 6
43 140 0
43 141 0
43 142 0
43 143 6
43 144 6
43 145 3
43 146 3
43 147 6
43 148 6
43 149 0
43 150 3
43 151 6
43 152 6
43 153 6
43 154 6
43 155 6
43 156 6
43 157 6
43 158 6
43 159 6
43 160 6
43 161 0
43 162 3
43 163 3
43 164 6
43 165 6
43 166 6
43 167 6
43 168 6
43 169 6
43 170 6
43 171 6
43 172 6
43 173 6
43 174 6
43 175 6
43 176 6
43 177 6
43 178 6
43 179 6
43 180 6
43 181 6
44 0 6
44 1 6
44 2 6
44 3 6
44 4 6
44 5 6
44 6 6
44 7 6
44 8 6
44 9 6
44 10 6
44 11 2
44 12 2
44 13 2
44 14 6
44 15 6
44 16 6
44 17 6
44 18 6
44 19 6
44 20 6
44 21 6
44 22 0
44 23 0
44 24 0
44 25 0
44 26 6
44 27 6
44 28 6
44 29 6
44 30 6
44 31 6
44 32 6
44 33 3
44 34 3
44 35 6
44 36 6
44 37 6
44 38 6
44 39 6
44 40 1
44 41 1
44 42 0
44 43 0
44 44 0
44 45 6
44 46 6
44 47 6
44 48 6
44 49 1
44 50 1
44 51 2
44 52 6
44 53 6
44 54 3
44 55 2
44 56 6
44 57 6
44 58 6
44 59 6
44 60 6
44 61 6
44 62 6
44 63 6
44 64 6
44 65 6
44 66 6
44 67 6
44 68 2
44 69 3
44 70 6
44 71 6
44 72 6
44 73 2
44 74 2
44 75 6
44 76 6
44 77 0
44 78 0
44 79 0
44 80 0
44 81 0
44 82 6
44 83 6
44 84 6
44 85 6
44 86 6
44 87 6
44 88 2
44 89 2
44 90 2
44 91 2
44 92 2
44 93 6
44 94 6
44 95 6
44 96 6
44 97 6
44 98 6
44 99 6
44 100 6
44 101 6
44 102 6
44 103 6
44 104 6
44 105 3
44 106 3
44 107 6
44 108 6
44 109 6
44 110 2
44 111 3
44 112 6
44 113 6
44 114 6
44 115 6
44 116 6
44 117 6
44 118 6
44 119 6
44 120 6
44 121 6
44 122 3
44 123 3
44 124 2
44 125 3
44 126 6
44 127 6
44 128 6
44 129 1
44 130 1
44 131 1
44 132 1
44 133 6
44 134 6
44 135 6
44 136 6
44 137 6
44 138 3
44 139 3
44 140 6
44 141 6
44 142 6
44 143 6
44 144 6
44 145 6
44 146 6
44 147 2
44 148 2
44 149 2
44 150 2
44 151 6
44 152 6
44 153 6
44 154 6
44 155 6
44 156 6
44 157 2
44 158 2
44 159 2
44 160 2
44 161 2
44 162 6
44 163 6
44 164 6
44 165 6
44 166 3
44 167 2
44 168 3
44 169 6
44 170 6
44 171 6
44 172 6
44 173 6
44 174 2
44 175 2
44 176 3
44 177 6
44 178 6
44 179 6
44 180 6
44 181 6
45 0 6
45 1 6
45 2 6
45 3 6
45 4 1
45 5 2
45 6 2
45 7 6
45 8 6
45 9 6
45 10 6
45 11 6
45 12 6
45 13 6
45 14 6
45 15 6
45 16 6
45 17 6
45 18 6
45 19 6
45 20 6
45 21 4
45 22 4
45 23 4
45 24 6
45 25 6
45 26 6
45 27 6
45 28 6
45 29 6
45 30 6
45 31 6
45 32 6
45 33 2
45 34 3
45 35 6
45 36 6
45 37 4
45 38 4
45 39 4
45 40 6
45 41 6
45 42 6
45 43 6
45 44 6
45 45 6
45 46 6
45 47 3
45 48 2
45 49 6
45 50 6
45 51 6
45 52 6
45 53 6
45 54 6
45 55 6
45 56 2
45 57 2
45 58 2
45 59 6
45 60 6
45 61 6
45 62 6
45 63 6
45 64 4
45 65 6
45 66 6
45 67 6
45 68 6
45 69 6
45 70 6
45 71 6
45 72 1
45 73 6
45 74 6
45 75 3
45 76 2
45 77 2
45 78 6
45 79 6
45 80 6
45 81 4
45 82 6
45 83 6
45 84 6
45 85 0
45 86 0
45 87 0
45 88 6
45 89 6
45 90 6
45 91 6
45 92 6
45 93 6
45 94 6
45 95 6
45 96 6
45 97 6
45 98 6
45 99 6
45 100 6
45 101 2
45 102 6
45 103 6
45 104 6
45 105 6
45 106 0
45 107 6
45 108 6
45 109 6
45 110 3
45 111 2
45 112 6
45 113 6
45 114 1
45 115 6
45 116 6
45 117 2
45 118 2
45 119 6
45 120 6
45 121 1
45 122 1
45 123 1
45 124 6
45 125 6
45 126 3
45 127 2
45 128 2
45 129 6
45 130 6
45 131 2
45 132 3
45 133 6
45 134 6
45 135 6
45 136 6
45 137 2
45 138 6
45 139 6
45 140 6
45 141 4
45 142 4
45 143 4
45 144 6
45 145 6
45 146 6
45 147 2
45 148 3
45 149 6
45 150 6
45 151 2
45 152 2
45 153 2
45 154 6
45 155 6
45 156 2
45 157 6
45 158 6
45 159 2
45 160 3
45 161 3
45 162 6
45 163 6
45 164 6
45 165 6
45 166 6
45 167 6
45 168 2
45 169 2
45 170 6
45 171 6
45 172 6
45 173 6
45 174 6
45 175 6
45 176 1
45 177 6
45 178 6
45 179 6
45 180 6
45 181 6
46 0 2
46 1 4
46 2 6
46 3 6
46 4 6
46 5 6
46 6 6
46 7 6
46 8 6
46 9 6
46 10 2
46 11 6
46 12 6
46 13 6
46 14 2
46 15 4
46 16 4
46 17 6
46 18 6
46 19 6
46 20 6
46 21 6
46 22 6
46 23 6
46 24 6
46 25 6
46 26 6
46 27 6
46 28 6
46 29 6
46 30 0
46 31 6
46 32 6
46 33 0
46 34 0
46 35 6
46 36 6
46 37 6
46 38 6
46 39 6
46 40 1
46 41 0
46 42 6
46 43 6
46 44 6
46 45 6
46 46 2
46 47 2
46 48 2
46 49 6
46 50 6
46 51 6
46 52 6
46 53 6
46 54 6
46 55 6
46 56 0
46 57 0
46 58 6
46 59 6
46 60 6
46 61 6
46 62 6
46 63 6
46 64 0
46 65 2
46 66 6
46 67 6
46 68 6
46 69 6
46 70 0
46 71 6
46 72 6
46 73 6
46 74 6
46 75 2
46 76 4
46 77 6
46 78 6
46 79 6
46 80 6
46 81 0
46 82 6
46 83 6
46 84 6
46 85 6
46 86 6
46 87 6
46 88 6
46 89 6
46 90 6
46 91 6
46 92 6
46 93 1
46 94 0
46 95 6
46 96 6
46 97 6
46 98 6
46 99 6
46 100 1
46 101 5
46 102 6
46 103 6
46 104 6
46 105 6
46 106 6
46 107 6
46 108 2
46 109 6
46 110 6
46 111 6
46 112 0
46 113 0
46 114 5
46 115 6
46 116 6
46 117 2
46 118 2
46 119 6
46 120 6
46 121 5
46 122 5
46 123 5
46 124 6
46 125 6
46 126 2
46 127 2
46 128 2
46 129 6
46 130 6
46 131 0
46 132 0
46 133 0
46 134 6
46 135 6
46 136 0
46 137 6
46 138 6
46 139 6
46 140 6
46 141 6
46 142 2
46 143 6
46 144 6
46 145 0
46 146 0
46 147 0
46 148 6
46 149 6
46 150 6
46 151 2
46 152 2
46 153 2
46 154 6
46 155 6
46 156 6
46 157 6
46 158 2
46 159 6
46 160 6
46 161 6
46 162 6
46 163 2
46 164 6
46 165 6
46 166 6
46 167 6
46 168 6
46 169 1
46 170 6
46 171 6
46 172 2
46 173 2
46 174 2
46 175 6
46 176 6
46 177 0
46 178 6
46 179 6
46 180 6
46 181 6
47 0 6
47 1 6
47 2 6
47 3 6
47 4 6
47 5 3
47 6 3
47 7 4
47 8 6
47 9 6
47 10 6
47 11 1
47 12 2
47 13 3
47 14 6
47 15 6
47 16 6
47 17 6
47 18 6
47 19 3
47 20 2
47 21 4
47 22 6
47 23 6
47 24 6
47 25 2
47 26 2
47 27 2
47 28 6
47 29 6
47 30 6
47 31 6
47 32 1
47 33 3
47 34 2
47 35 6
47 36 6
47 37 6
47 38 2
47 39 2
47 40 6
47 41 6
47 42 6
47 43 2
47 44 2
47 45 2
47 46 6
47 47 6
47 48 6
47 49 4
47 50 6
47 51 6
47 52 3
47 53 2
47 54 6
47 55 6
47 56 6
47 57 2
47 58 6
47 59 6
47 60 6
47 61 2
47 62 2
47 63 6
47 64 6
47 65 6
47 66 6
47 67 1
47 68 6
47 69 6
47 70 4
47 71 4
47 72 4
47 73 6
47 74 6
47 75 3
47 76 2
47 77 2
47 78 6
47 79 6
47 80 6
47 81 6
47 82 6
47 83 6
47 84 6
47 85 3
47 86 6
47 87 6
47 88 6
47 89 6
47 90 6
47 91 6
47 92 6
47 93 6
47 94 6
47 95 6
47 96 6
47 97 6
47 98 4
47 99 6
47 100 6
47 101 6
47 102 6
47 103 6
47 104 6
47 105 6
47 106 6
47 107 6
47 108 3
47 109 6
47 110 6
47 111 6
47 112 6
47 113 3
47 114 2
47 115 6
47 116 6
47 117 6
47 118 6
47 119 6
47 120 2
47 121 6
47 122 6
47 123 6
47 124 2
47 125 2
47 126 6
47 127 6
47 128 2
47 129 2
47 130 2
47 131 6
47 132 6
47 133 2
47 134 6
47 135 6
47 136 6
47 137 3
47 138 6
47 139 6
47 140 6
47 141 6
47 142 1
47 143 2
47 144 6
47 145 6
47 146 6
47 147 6
47 148 6
47 149 6
47 150 6
47 151 6
47 152 3
47 153 3
47 154 2
47 155 6
47 156 6
47 157 6
47 158 3
47 159 6
47 160 6
47 161 6
47 162 6
47 163 6
47 164 6
47 165 4
47 166 6
47 167 6
47 168 6
47 169 6
47 170 0
47 171 6
47 172 6
47 173 6
47 174 6
47 175 3
47 176 2
47 177 6
47 178 6
47 179 6
47 180 6
47 181 6
48 0 6
48 1 6
48 2 3
48 3 3
48 4 3
48 5 6
48 6 6
48 7 6
48 8 6
48 9 4
48 10 4
48 11 4
48 12 6
48 13 6
48 14 6
48 15 3
48 16 6
48 17 6
48 18 6
48 19 6
48 20 6
48 21 6
48 22 6
48 23 6
48 24 6
48 25 6
48 26 6
48 27 6
48 28 6
48 29 6
48 30 6
48 31 6
48 32 6
48 33 2
48 34 6
48 35 6
48 36 3
48 37 6
48 38 6
48 39 6
48 40 2
48 41 2
48 42 6
48 43 6
48 44 4
48 45 4
48 46 4
48 47 6
48 48 6
48 49 6
48 50 6
48 51 2
48 52 6
48 53 6
48 54 2
48 55 2
48 56 6
48 57 6
48 58 6
48 59 6
48 60 6
48 61 6
48 62 6
48 63 6
48 64 1
48 65 1
48 66 1
48 67 6
48 68 6
48 69 6
48 70 6
48 71 6
48 72 2
48 73 3
48 74 6
48 75 6
48 76 6
48 77 6
48 78 6
48 79 4
48 80 4
48 81 6
48 82 6
48 83 6
48 84 6
48 85 6
48 86 6
48 87 6
48 88 6
48 89 2
48 90 3
48 91 6
48 92 6
48 93 6
48 94 6
48 95 6
48 96 6
48 97 6
48 98 6
48 99 6
48 100 6
48 101 6
48 102 6
48 103 4
48 104 4
48 105 4
48 106 6
48 107 6
48 108 1
48 109 6
48 110 6
48 111 6
48 112 6
48 113 2
48 114 2
48 115 6
48 116 6
48 117 3
48 118 2
48 119 6
48 120 6
48 121 1
48 122 1
48 123 6
48 124 6
48 125 6
48 126 6
48 127 2
48 128 3
48 129 6
48 130 6
48 131 6
48 132 6
48 133 4
48 134 6
48 135 6
48 136 6
48 137 3
48 138 3
48 139 3
48 140 6
48 141 6
48 142 1
48 143 6
48 144 6
48 145 4
48 146 4
48 147 4
48 148 6
48 149 6
48 150 2
48 151 6
48 152 6
48 153 6
48 154 1
48 155 3
48 156 6
48 157 6
48 158 6
48 159 6
48 160 5
48 161 6
48 162 6
48 163 1
48 164 1
48 165 6
48 166 6
48 167 6
48 168 6
48 169 2
48 170 2
48 171 2
48 172 6
48 173 6
48 174 6
48 175 6
48 176 2
48 177 6
48 178 6
48 179 6
48 180 6
48 181 6
49 0 6
49 1 6
49 2 6
49 3 6
49 4 6
49 5 6
49 6 6
49 7 6
49 8 6
49 9 5
49 10 6
49 11 6
49 12 6
49 13 6
49 14 3
49 15 5
49 16 6
49 17 6
49 18 6
49 19 6
49 20 6
49 21 6
49 22 0
49 23 6
49 24 6
49 25 6
49 26 0
49 27 0
49 28 0
49 29 6
49 30 6
49 31 6
49 32 6
49 33 3
49 34 3
49 35 6
49 36 6
49 37 3
49 38 3
49 39 6
49 40 6
49 41 6
49 42 3
49 43 6
49 44 6
49 45 5
49 46 5
49 47 6
49 48 6
49 49 6
49 50 3
49 51 5
49 52 6
49 53 6
49 54 6
49 55 6
49 56 6
49 57 6
49 58 0
49 59 0
49 60 0
49 61 6
49 62 6
49 63 6
49 64 6
49 65 3
49 66 3
49 67 6
49 68 6
49 69 6
49 70 6
49 71 0
49 72 0
49 73 6
49 74 6
49 75 3
49 76 3
49 77 6
49 78 6
49 79 6
49 80 6
49 81 6
49 82 3
49 83 5
49 84 5
49 85 6
49 86 6
49 87 6
49 88 6
49 89 5
49 90 5
49 91 6
49 92 6
49 93 6
49 94 6
49 95 0
49 96 6
49 97 6
49 98 0
49 99 0
49 100 6
49 101 6
49 102 6
49 103 6
49 104 6
49 105 6
49 106 6
49 107 3
49 108 6
49 109 6
49 110 3
49 111 3
49 112 6
49 113 6
49 114 6
49 115 6
49 116 3
49 117 6
49 118 6
49 119 3
49 120 6
49 121 6
49 122 3
49 123 6
49 124 6
49 125 6
49 126 6
49 127 5
49 128 5
49 129 6
49 130 6
49 131 3
49 132 3
49 133 3
49 134 6
49 135 6
49 136 6
49 137 3
49 138 3
49 139 3
49 140 6
49 141 6
49 142 6
49 143 6
49 144 6
49 145 6
49 146 6
49 147 6
49 148 6
49 149 6
49 150 3
49 151 6
49 152 6
49 153 6
49 154 6
49 155 3
49 156 6
49 157 6
49 158 0
49 159 6
49 160 6
49 161 6
49 162 3
49 163 5
49 164 6
49 165 6
49 166 6
49 167 6
49 168 6
49 169 6
49 170 3
49 171 6
49 172 6
49 173 3
49 174 3
49 175 3
49 176 6
49 177 6
49 178 6
49 179 6
49 180 6
49 181 6
