0 0 6
0 1 6
0 2 1
0 3 6
0 4 1
0 5 6
0 6 6
0 7 1
0 8 5
0 9 6
0 10 6
0 11 1
0 12 6
0 13 6
0 14 6
0 15 6
0 16 6
0 17 5
0 18 6
0 19 1
0 20 6
0 21 1
0 22 6
0 23 1
0 24 6
0 25 1
0 26 6
0 27 1
0 28 6
0 29 1
0 30 5
0 31 1
0 32 6
0 33 6
0 34 6
0 35 1
0 36 6
0 37 6
0 38 6
0 39 1
0 40 6
0 41 1
1 0 1
1 1 5
1 2 6
1 3 6
1 4 6
1 5 6
1 6 6
1 7 0
1 8 1
1 9 0
1 10 1
1 11 5
1 12 6
1 13 1
1 14 6
1 15 5
1 16 4
1 17 6
1 18 1
1 19 5
1 20 6
1 21 6
1 22 6
1 23 6
1 24 1
1 25 5
1 26 6
1 27 6
1 28 6
1 29 2
1 30 6
1 31 2
1 32 6
1 33 6
1 34 6
1 35 6
1 36 4
1 37 6
1 38 4
1 39 6
1 40 4
1 41 6
2 0 5
2 1 6
2 2 1
2 3 5
2 4 6
2 5 6
2 6 6
2 7 6
2 8 5
2 9 6
2 10 1
2 11 6
2 12 6
2 13 6
2 14 6
2 15 5
2 16 6
2 17 5
2 18 6
2 19 1
2 20 0
2 21 5
2 22 6
2 23 5
2 24 6
2 25 5
2 26 6
2 27 0
2 28 2
2 29 6
2 30 6
2 31 2
2 32 4
2 33 6
2 34 4
2 35 6
2 36 4
2 37 6
2 38 4
2 39 6
2 40 6
2 41 6
3 0 1
3 1 2
3 2 2
3 3 0
3 4 0
3 5 6
3 6 6
3 7 6
3 8 6
3 9 0
3 10 1
3 11 6
3 12 1
3 13 0
3 14 5
3 15 6
3 16 1
3 17 6
3 18 5
3 19 6
3 20 1
3 21 0
3 22 5
3 23 6
3 24 0
3 25 0
3 26 6
3 27 6
3 28 6
3 29 1
3 30 6
3 31 1
3 32 6
3 33 6
3 34 1
3 35 6
3 36 6
3 37 2
3 38 6
3 39 6
3 40 6
3 41 6
4 0 1
4 1 6
4 2 0
4 3 2
4 4 2
4 5 5
4 6 6
4 7 5
4 8 6
4 9 5
4 10 1
4 11 5
4 12 6
4 13 6
4 14 1
4 15 5
4 16 6
4 17 1
4 18 2
4 19 6
4 20 6
4 21 6
4 22 2
4 23 6
4 24 4
4 25 6
4 26 2
4 27 2
4 28 6
4 29 6
4 30 6
4 31 6
4 32 6
4 33 6
4 34 6
4 35 6
4 36 4
4 37 6
4 38 4
4 39 6
4 40 6
4 41 4
5 0 5
5 1 6
5 2 6
5 3 1
5 4 2
5 5 6
5 6 6
5 7 2
5 8 6
5 9 6
5 10 6
5 11 6
5 12 1
5 13 0
5 14 1
5 15 5
5 16 6
5 17 6
5 18 1
5 19 0
5 20 2
5 21 6
5 22 1
5 23 5
5 24 6
5 25 5
5 26 6
5 27 5
5 28 6
5 29 5
5 30 6
5 31 6
5 32 1
5 33 6
5 34 6
5 35 1
5 36 6
5 37 6
5 38 2
5 39 6
5 40 6
5 41 6
6 0 0
6 1 1
6 2 3
6 3 6
6 4 1
6 5 0
6 6 1
6 7 6
6 8 1
6 9 0
6 10 1
6 11 3
6 12 3
6 13 6
6 14 1
6 15 6
6 16 0
6 17 1
6 18 6
6 19 6
6 20 0
6 21 1
6 22 6
6 23 1
6 24 6
6 25 1
6 26 6
6 27 6
6 28 6
6 29 2
6 30 2
6 31 6
6 32 2
6 33 6
6 34 6
6 35 6
6 36 6
6 37 6
6 38 6
6 39 6
6 40 6
6 41 6
7 0 0
7 1 0
7 2 1
7 3 5
7 4 6
7 5 6
7 6 6
7 7 6
7 8 6
7 9 1
7 10 0
7 11 1
7 12 5
7 13 6
7 14 6
7 15 1
7 16 0
7 17 5
7 18 6
7 19 1
7 20 5
7 21 6
7 22 2
7 23 6
7 24 2
7 25 6
7 26 6
7 27 6
7 28 4
7 29 6
7 30 6
7 31 6
7 32 4
7 33 6
7 34 6
7 35 2
7 36 6
7 37 4
7 38 6
7 39 6
7 40 4
7 41 6
8 0 0
8 1 2
8 2 2
8 3 6
8 4 6
8 5 0
8 6 1
8 7 3
8 8 6
8 9 0
8 10 1
8 11 3
8 12 6
8 13 6
8 14 6
8 15 1
8 16 3
8 17 6
8 18 1
8 19 6
8 20 6
8 21 4
8 22 6
8 23 6
8 24 0
8 25 1
8 26 6
8 27 1
8 28 6
8 29 6
8 30 1
8 31 6
8 32 6
8 33 1
8 34 4
8 35 6
8 36 6
8 37 6
8 38 4
8 39 4
8 40 6
8 41 6
9 0 5
9 1 6
9 2 1
9 3 0
9 4 1
9 5 5
9 6 6
9 7 3
9 8 6
9 9 5
9 10 6
9 11 2
9 12 0
9 13 1
9 14 5
9 15 6
9 16 3
9 17 4
9 18 6
9 19 0
9 20 2
9 21 6
9 22 6
9 23 6
9 24 6
9 25 6
9 26 6
9 27 6
9 28 3
9 29 6
9 30 3
9 31 3
9 32 4
9 33 6
9 34 6
9 35 4
9 36 4
9 37 6
9 38 6
9 39 6
9 40 6
9 41 6
10 0 2
10 1 2
10 2 2
10 3 3
10 4 6
10 5 1
10 6 6
10 7 0
10 8 1
10 9 2
10 10 5
10 11 6
10 12 1
10 13 3
10 14 6
10 15 6
10 16 6
10 17 1
10 18 3
10 19 6
10 20 6
10 21 1
10 22 5
10 23 6
10 24 6
10 25 1
10 26 6
10 27 6
10 28 1
10 29 6
10 30 6
10 31 1
10 32 3
10 33 6
10 34 3
10 35 6
10 36 6
10 37 6
10 38 6
10 39 1
10 40 6
10 41 6
11 0 1
11 1 5
11 2 6
11 3 6
11 4 5
11 5 6
11 6 6
11 7 0
11 8 5
11 9 6
11 10 0
11 11 1
11 12 5
11 13 6
11 14 1
11 15 5
11 16 6
11 17 1
11 18 5
11 19 6
11 20 6
11 21 1
11 22 6
11 23 6
11 24 6
11 25 1
11 26 6
11 27 6
11 28 5
11 29 6
11 30 6
11 31 5
11 32 6
11 33 1
11 34 6
11 35 6
11 36 6
11 37 6
11 38 6
11 39 6
11 40 2
11 41 6
12 0 3
12 1 3
12 2 6
12 3 3
12 4 6
12 5 6
12 6 6
12 7 5
12 8 1
12 9 3
12 10 6
12 11 6
12 12 6
12 13 3
12 14 6
12 15 1
12 16 6
12 17 0
12 18 1
12 19 6
12 20 6
12 21 4
12 22 6
12 23 4
12 24 4
12 25 4
12 26 6
12 27 1
12 28 6
12 29 6
12 30 1
12 31 5
12 32 6
12 33 1
12 34 6
12 35 1
12 36 2
12 37 6
12 38 6
12 39 6
12 40 6
12 41 6
13 0 3
13 1 5
13 2 6
13 3 1
13 4 5
13 5 6
13 6 1
13 7 3
13 8 5
13 9 6
13 10 1
13 11 5
13 12 6
13 13 6
13 14 6
13 15 6
13 16 5
13 17 6
13 18 5
13 19 6
13 20 0
13 21 5
13 22 1
13 23 6
13 24 1
13 25 5
13 26 6
13 27 6
13 28 6
13 29 3
13 30 6
13 31 6
13 32 6
13 33 6
13 34 6
13 35 6
13 36 6
13 37 6
13 38 6
13 39 2
13 40 6
13 41 3
14 0 1
14 1 3
14 2 3
14 3 6
14 4 0
14 5 4
14 6 6
14 7 0
14 8 1
14 9 3
14 10 6
14 11 3
14 12 6
14 13 6
14 14 6
14 15 1
14 16 0
14 17 0
14 18 6
14 19 6
14 20 6
14 21 2
14 22 6
14 23 2
14 24 6
14 25 2
14 26 3
14 27 4
14 28 6
14 29 6
14 30 6
14 31 1
14 32 4
14 33 4
14 34 6
14 35 1
14 36 6
14 37 6
14 38 3
14 39 6
14 40 6
14 41 6
15 0 0
15 1 1
15 2 0
15 3 1
15 4 5
15 5 6
15 6 6
15 7 1
15 8 0
15 9 2
15 10 5
15 11 6
15 12 6
15 13 6
15 14 5
15 15 1
15 16 3
15 17 6
15 18 6
15 19 3
15 20 3
15 21 4
15 22 6
15 23 6
15 24 3
15 25 6
15 26 6
15 27 3
15 28 4
15 29 6
15 30 6
15 31 6
15 32 6
15 33 6
15 34 6
15 35 6
15 36 4
15 37 6
15 38 6
15 39 6
15 40 3
15 41 4
16 0 0
16 1 0
16 2 2
16 3 2
16 4 2
16 5 6
16 6 6
16 7 2
16 8 0
16 9 6
16 10 0
16 11 0
16 12 2
16 13 0
16 14 6
16 15 0
16 16 1
16 17 0
16 18 0
16 19 6
16 20 6
16 21 1
16 22 6
16 23 1
16 24 6
16 25 1
16 26 5
16 27 6
16 28 6
16 29 6
16 30 6
16 31 6
16 32 5
16 33 6
16 34 5
16 35 6
16 36 6
16 37 6
16 38 1
16 39 6
16 40 6
16 41 6
17 0 2
17 1 5
17 2 6
17 3 2
17 4 5
17 5 6
17 6 0
17 7 1
17 8 5
17 9 6
17 10 1
17 11 5
17 12 6
17 13 6
17 14 6
17 15 5
17 16 6
17 17 0
17 18 0
17 19 5
17 20 6
17 21 1
17 22 5
17 23 6
17 24 1
17 25 2
17 26 6
17 27 6
17 28 2
17 29 2
17 30 6
17 31 2
17 32 6
17 33 6
17 34 6
17 35 6
17 36 6
17 37 6
17 38 6
17 39 6
17 40 6
17 41 6
18 0 2
18 1 6
18 2 2
18 3 2
18 4 2
18 5 2
18 6 2
18 7 6
18 8 6
18 9 6
18 10 6
18 11 0
18 12 6
18 13 6
18 14 1
18 15 0
18 16 0
18 17 0
18 18 0
18 19 6
18 20 6
18 21 1
18 22 2
18 23 6
18 24 6
18 25 1
18 26 4
18 27 6
18 28 1
18 29 4
18 30 4
18 31 6
18 32 1
18 33 6
18 34 0
18 35 6
18 36 6
18 37 6
18 38 6
18 39 4
18 40 6
18 41 6
19 0 1
19 1 6
19 2 6
19 3 6
19 4 6
19 5 6
19 6 6
19 7 0
19 8 0
19 9 1
19 10 2
19 11 2
19 12 6
19 13 2
19 14 0
19 15 0
19 16 0
19 17 6
19 18 2
19 19 0
19 20 2
19 21 6
19 22 2
19 23 0
19 24 1
19 25 6
19 26 2
19 27 0
19 28 6
19 29 1
19 30 6
19 31 6
19 32 5
19 33 6
19 34 6
19 35 6
19 36 1
19 37 5
19 38 6
19 39 6
19 40 6
19 41 6
20 0 2
20 1 0
20 2 3
20 3 3
20 4 6
20 5 6
20 6 6
20 7 6
20 8 6
20 9 1
20 10 0
20 11 6
20 12 6
20 13 6
20 14 3
20 15 6
20 16 1
20 17 0
20 18 0
20 19 0
20 20 3
20 21 6
20 22 3
20 23 3
20 24 6
20 25 6
20 26 1
20 27 2
20 28 6
20 29 5
20 30 6
20 31 1
20 32 6
20 33 0
20 34 0
20 35 5
20 36 6
20 37 1
20 38 6
20 39 6
20 40 6
20 41 6
21 0 5
21 1 6
21 2 0
21 3 1
21 4 3
21 5 3
21 6 5
21 7 6
21 8 1
21 9 5
21 10 6
21 11 4
21 12 6
21 13 6
21 14 4
21 15 6
21 16 6
21 17 3
21 18 3
21 19 6
21 20 6
21 21 3
21 22 4
21 23 6
21 24 6
21 25 3
21 26 4
21 27 6
21 28 3
21 29 6
21 30 3
21 31 3
21 32 6
21 33 3
21 34 3
21 35 6
21 36 2
21 37 6
21 38 6
21 39 6
21 40 6
21 41 6
22 0 1
22 1 5
22 2 6
22 3 3
22 4 3
22 5 6
22 6 6
22 7 2
22 8 2
22 9 0
22 10 1
22 11 3
22 12 6
22 13 6
22 14 0
22 15 2
22 16 5
22 17 6
22 18 5
22 19 6
22 20 6
22 21 6
22 22 1
22 23 3
22 24 6
22 25 6
22 26 3
22 27 3
22 28 6
22 29 6
22 30 6
22 31 6
22 32 6
22 33 3
22 34 6
22 35 1
22 36 6
22 37 1
22 38 6
22 39 6
22 40 1
22 41 6
23 0 1
23 1 3
23 2 4
23 3 6
23 4 1
23 5 5
23 6 6
23 7 2
23 8 2
23 9 6
23 10 0
23 11 3
23 12 6
23 13 6
23 14 6
23 15 2
23 16 3
23 17 3
23 18 6
23 19 3
23 20 3
23 21 3
23 22 3
23 23 3
23 24 6
23 25 6
23 26 6
23 27 6
23 28 4
23 29 6
23 30 6
23 31 4
23 32 6
23 33 6
23 34 5
23 35 4
23 36 6
23 37 5
23 38 6
23 39 6
23 40 6
23 41 6
24 0 2
24 1 0
24 2 3
24 3 4
24 4 6
24 5 1
24 6 2
24 7 0
24 8 3
24 9 4
24 10 6
24 11 4
24 12 6
24 13 6
24 14 0
24 15 0
24 16 1
24 17 6
24 18 0
24 19 0
24 20 0
24 21 3
24 22 4
24 23 6
24 24 3
24 25 6
24 26 1
24 27 0
24 28 0
24 29 0
24 30 6
24 31 6
24 32 6
24 33 6
24 34 6
24 35 6
24 36 6
24 37 6
24 38 6
24 39 6
24 40 6
24 41 6
25 0 0
25 1 1
25 2 5
25 3 6
25 4 1
25 5 0
25 6 1
25 7 6
25 8 1
25 9 3
25 10 6
25 11 6
25 12 6
25 13 3
25 14 6
25 15 3
25 16 3
25 17 3
25 18 3
25 19 6
25 20 6
25 21 3
25 22 3
25 23 3
25 24 3
25 25 3
25 26 6
25 27 6
25 28 3
25 29 6
25 30 3
25 31 6
25 32 6
25 33 0
25 34 3
25 35 3
25 36 6
25 37 6
25 38 6
25 39 6
25 40 6
25 41 6
26 0 0
26 1 1
26 2 2
26 3 6
26 4 2
26 5 2
26 6 5
26 7 6
26 8 6
26 9 6
26 10 0
26 11 0
26 12 6
26 13 6
26 14 0
26 15 2
26 16 2
26 17 6
26 18 0
26 19 2
26 20 2
26 21 0
26 22 6
26 23 0
26 24 0
26 25 1
26 26 6
26 27 6
26 28 6
26 29 6
26 30 5
26 31 6
26 32 2
26 33 0
26 34 0
26 35 6
26 36 6
26 37 6
26 38 6
26 39 5
26 40 6
26 41 6
27 0 5
27 1 6
27 2 0
27 3 1
27 4 5
27 5 6
27 6 5
27 7 6
27 8 1
27 9 5
27 10 6
27 11 5
27 12 6
27 13 2
27 14 2
27 15 6
27 16 2
27 17 2
27 18 2
27 19 6
27 20 6
27 21 0
27 22 6
27 23 2
27 24 6
27 25 0
27 26 0
27 27 2
27 28 2
27 29 6
27 30 6
27 31 6
27 32 2
27 33 6
27 34 6
27 35 2
27 36 6
27 37 6
27 38 2
27 39 6
27 40 6
27 41 6
28 0 5
28 1 4
28 2 6
28 3 5
28 4 6
28 5 6
28 6 6
28 7 1
28 8 0
28 9 1
28 10 5
28 11 6
28 12 4
28 13 6
28 14 2
28 15 6
28 16 4
28 17 4
28 18 6
28 19 2
28 20 2
28 21 2
28 22 6
28 23 0
28 24 2
28 25 0
28 26 6
28 27 6
28 28 6
28 29 0
28 30 2
28 31 6
28 32 6
28 33 2
28 34 2
28 35 6
28 36 6
28 37 6
28 38 6
28 39 2
28 40 6
28 41 6
29 0 5
29 1 6
29 2 5
29 3 6
29 4 5
29 5 6
29 6 6
29 7 1
29 8 5
29 9 6
29 10 0
29 11 5
29 12 6
29 13 1
29 14 2
29 15 5
29 16 6
29 17 5
29 18 6
29 19 2
29 20 6
29 21 6
29 22 2
29 23 2
29 24 2
29 25 0
29 26 2
29 27 6
29 28 6
29 29 2
29 30 0
29 31 6
29 32 2
29 33 6
29 34 6
29 35 6
29 36 6
29 37 2
29 38 6
29 39 6
29 40 6
29 41 6
30 0 3
30 1 3
30 2 6
30 3 6
30 4 3
30 5 6
30 6 6
30 7 0
30 8 0
30 9 2
30 10 2
30 11 6
30 12 1
30 13 3
30 14 3
30 15 3
30 16 6
30 17 3
30 18 6
30 19 3
30 20 3
30 21 6
30 22 6
30 23 3
30 24 6
30 25 3
30 26 3
30 27 6
30 28 3
30 29 3
30 30 6
30 31 1
30 32 6
30 33 6
30 34 6
30 35 1
30 36 6
30 37 1
30 38 6
30 39 6
30 40 6
30 41 6
31 0 3
31 1 3
31 2 3
31 3 3
31 4 3
31 5 6
31 6 6
31 7 3
31 8 3
31 9 3
31 10 3
31 11 3
31 12 3
31 13 6
31 14 3
31 15 3
31 16 6
31 17 3
31 18 6
31 19 6
31 20 6
31 21 6
31 22 6
31 23 6
31 24 5
31 25 6
31 26 1
31 27 3
31 28 6
31 29 6
31 30 6
31 31 1
31 32 3
31 33 3
31 34 5
31 35 6
31 36 6
31 37 6
31 38 6
31 39 6
31 40 6
31 41 6
32 0 3
32 1 6
32 2 6
32 3 6
32 4 6
32 5 6
32 6 6
32 7 6
32 8 3
32 9 3
32 10 3
32 11 6
32 12 6
32 13 6
32 14 2
32 15 0
32 16 6
32 17 0
32 18 2
32 19 2
32 20 0
32 21 3
32 22 4
32 23 6
32 24 3
32 25 4
32 26 6
32 27 0
32 28 0
32 29 3
32 30 6
32 31 0
32 32 2
32 33 2
32 34 2
32 35 6
32 36 6
32 37 6
32 38 3
32 39 3
32 40 6
32 41 6
33 0 3
33 1 6
33 2 3
33 3 3
33 4 3
33 5 3
33 6 3
33 7 5
33 8 6
33 9 3
33 10 4
33 11 6
33 12 3
33 13 3
33 14 6
33 15 6
33 16 6
33 17 3
33 18 3
33 19 4
33 20 4
33 21 6
33 22 0
33 23 2
33 24 0
33 25 0
33 26 6
33 27 6
33 28 0
33 29 2
33 30 0
33 31 0
33 32 6
33 33 6
33 34 6
33 35 6
33 36 6
33 37 6
33 38 6
33 39 6
33 40 6
33 41 6
34 0 2
34 1 6
34 2 2
34 3 0
34 4 0
34 5 6
34 6 6
34 7 6
34 8 0
34 9 2
34 10 2
34 11 0
34 12 2
34 13 2
34 14 6
34 15 2
34 16 2
34 17 2
34 18 2
34 19 6
34 20 6
34 21 2
34 22 0
34 23 6
34 24 6
34 25 6
34 26 6
34 27 6
34 28 1
34 29 6
34 30 2
34 31 2
34 32 6
34 33 2
34 34 6
34 35 6
34 36 0
34 37 6
34 38 0
34 39 6
34 40 1
34 41 6
35 0 6
35 1 2
35 2 0
35 3 2
35 4 4
35 5 6
35 6 6
35 7 2
35 8 0
35 9 2
35 10 2
35 11 2
35 12 6
35 13 0
35 14 2
35 15 2
35 16 2
35 17 2
35 18 2
35 19 6
35 20 6
35 21 2
35 22 0
35 23 2
35 24 5
35 25 6
35 26 0
35 27 2
35 28 6
35 29 6
35 30 6
35 31 6
35 32 0
35 33 4
35 34 6
35 35 6
35 36 6
35 37 6
35 38 6
35 39 6
35 40 6
35 41 6
36 0 0
36 1 0
36 2 4
36 3 6
36 4 2
36 5 6
36 6 6
36 7 2
36 8 2
36 9 6
36 10 2
36 11 2
36 12 2
36 13 2
36 14 2
36 15 4
36 16 6
36 17 2
36 18 2
36 19 6
36 20 6
36 21 6
36 22 0
36 23 0
36 24 4
36 25 6
36 26 2
36 27 2
36 28 6
36 29 6
36 30 6
36 31 6
36 32 6
36 33 0
36 34 2
36 35 6
36 36 2
36 37 6
36 38 6
36 39 6
36 40 6
36 41 6
37 0 6
37 1 2
37 2 0
37 3 0
37 4 2
37 5 2
37 6 2
37 7 6
37 8 2
37 9 2
37 10 6
37 11 0
37 12 2
37 13 5
37 14 6
37 15 0
37 16 2
37 17 2
37 18 6
37 19 6
37 20 6
37 21 6
37 22 6
37 23 0
37 24 2
37 25 6
37 26 6
37 27 6
37 28 6
37 29 6
37 30 6
37 31 6
37 32 6
37 33 6
37 34 6
37 35 6
37 36 1
37 37 0
37 38 1
37 39 0
37 40 1
37 41 6
38 0 2
38 1 2
38 2 6
38 3 6
38 4 6
38 5 6
38 6 6
38 7 2
38 8 2
38 9 2
38 10 2
38 11 2
38 12 6
38 13 6
38 14 2
38 15 2
38 16 2
38 17 6
38 18 6
38 19 2
38 20 2
38 21 2
38 22 0
38 23 4
38 24 6
38 25 6
38 26 1
38 27 5
38 28 6
38 29 6
38 30 6
38 31 6
38 32 0
38 33 4
38 34 6
38 35 6
38 36 6
38 37 6
38 38 5
38 39 4
38 40 6
38 41 6
39 0 3
39 1 3
39 2 3
39 3 3
39 4 3
39 5 6
39 6 3
39 7 3
39 8 3
39 9 3
39 10 3
39 11 4
39 12 6
39 13 6
39 14 6
39 15 3
39 16 3
39 17 3
39 18 6
39 19 3
39 20 4
39 21 6
39 22 3
39 23 4
39 24 6
39 25 3
39 26 3
39 27 6
39 28 6
39 29 6
39 30 3
39 31 5
39 32 6
39 33 6
39 34 6
39 35 6
39 36 6
39 37 6
39 38 6
39 39 6
39 40 6
39 41 6
40 0 6
40 1 6
40 2 6
40 3 6
40 4 6
40 5 4
40 6 6
40 7 6
40 8 3
40 9 6
40 10 6
40 11 6
40 12 6
40 13 3
40 14 3
40 15 6
40 16 6
40 17 6
40 18 3
40 19 6
40 20 6
40 21 6
40 22 6
40 23 0
40 24 5
40 25 6
40 26 6
40 27 6
40 28 6
40 29 6
40 30 2
40 31 0
40 32 6
40 33 6
40 34 0
40 35 0
40 36 6
40 37 6
40 38 0
40 39 0
40 40 2
40 41 0
41 0 6
41 1 6
41 2 0
41 3 6
41 4 6
41 5 6
41 6 1
41 7 4
41 8 6
41 9 6
41 10 3
41 11 6
41 12 6
41 13 3
41 14 4
41 15 6
41 16 6
41 17 6
41 18 6
41 19 3
41 20 3
41 21 3
41 22 3
41 23 6
41 24 6
41 25 3
41 26 6
41 27 6
41 28 6
41 29 6
41 30 6
41 31 6
41 32 3
41 33 6
41 34 6
41 35 3
41 36 3
41 37 3
41 38 6
41 39 6
41 40 6
41 41 6
42 0 2
42 1 6
42 2 6
42 3 6
42 4 6
42 5 2
42 6 2
42 7 2
42 8 6
42 9 6
42 10 6
42 11 0
42 12 2
42 13 4
42 14 6
42 15 6
42 16 5
42 17 6
42 18 6
42 19 2
42 20 4
42 21 6
42 22 6
42 23 6
42 24 2
42 25 2
42 26 0
42 27 6
42 28 6
42 29 6
42 30 6
42 31 6
42 32 6
42 33 6
42 34 6
42 35 6
42 36 6
42 37 6
42 38 0
42 39 0
42 40 6
42 41 6
43 0 3
43 1 6
43 2 6
43 3 2
43 4 0
43 5 6
43 6 6
43 7 2
43 8 0
43 9 3
43 10 3
43 11 6
43 12 6
43 13 6
43 14 6
43 15 3
43 16 6
43 17 6
43 18 0
43 19 6
43 20 6
43 21 3
43 22 6
43 23 6
43 24 6
43 25 6
43 26 6
43 27 6
43 28 6
43 29 6
43 30 6
43 31 6
43 32 4
43 33 6
43 34 6
43 35 4
43 36 6
43 37 6
43 38 6
43 39 0
43 40 6
43 41 6
44 0 2
44 1 6
44 2 6
44 3 2
44 4 4
44 5 6
44 6 6
44 7 6
44 8 2
44 9 4
44 10 6
44 11 6
44 12 2
44 13 2
44 14 6
44 15 6
44 16 6
44 17 2
44 18 0
44 19 6
44 20 6
44 21 0
44 22 6
44 23 6
44 24 6
44 25 6
44 26 6
44 27 6
44 28 2
44 29 6
44 30 6
44 31 0
44 32 0
44 33 6
44 34 6
44 35 6
44 36 6
44 37 6
44 38 6
44 39 6
44 40 6
44 41 6
