0 0 3
0 1 3
0 2 0
0 3 1
0 4 1
0 5 1
0 6 1
0 7 3
0 8 3
0 9 1
0 10 1
0 11 1
0 12 3
0 13 3
1 0 3
1 1 1
1 2 1
1 3 1
1 4 1
1 5 3
1 6 3
1 7 2
1 8 2
1 9 2
1 10 3
1 11 3
1 12 1
1 13 1
2 0 2
2 1 3
2 2 3
2 3 0
2 4 1
2 5 3
2 6 3
2 7 2
2 8 2
2 9 2
2 10 3
2 11 3
2 12 1
2 13 1
3 0 3
3 1 0
3 2 0
3 3 0
3 4 2
3 5 3
3 6 3
3 7 0
3 8 0
3 9 2
3 10 3
3 11 3
3 12 0
3 13 0
4 0 0
4 1 0
4 2 3
4 3 3
4 4 0
4 5 0
4 6 0
4 7 0
4 8 3
4 9 3
4 10 0
4 11 0
4 12 3
4 13 3
5 0 3
5 1 0
5 2 1
5 3 1
5 4 1
5 5 3
5 6 3
5 7 0
5 8 0
5 9 0
5 10 3
5 11 3
5 12 1
5 13 1
6 0 2
6 1 2
6 2 2
6 3 3
6 4 3
6 5 1
6 6 1
6 7 3
6 8 3
6 9 0
6 10 2
6 11 2
6 12 3
6 13 3
7 0 0
7 1 3
7 2 3
7 3 0
7 4 1
7 5 1
7 6 2
7 7 2
7 8 3
7 9 3
7 10 2
7 11 2
7 12 3
7 13 3
8 0 1
8 1 1
8 2 1
8 3 1
8 4 3
8 5 3
8 6 3
8 7 3
8 8 3
8 9 0
8 10 0
8 11 0
8 12 2
8 13 2
9 0 1
9 1 1
9 2 3
9 3 3
9 4 3
9 5 0
9 6 0
9 7 1
9 8 1
9 9 1
9 10 3
9 11 3
9 12 3
9 13 3
10 0 1
10 1 1
10 2 3
10 3 3
10 4 3
10 5 1
10 6 1
10 7 1
10 8 1
10 9 1
10 10 1
10 11 3
10 12 3
10 13 3
11 0 3
11 1 2
11 2 2
11 3 2
11 4 3
11 5 3
11 6 3
11 7 1
11 8 1
11 9 1
11 10 1
11 11 2
11 12 2
11 13 3
12 0 3
12 1 3
12 2 1
12 3 1
12 4 2
12 5 3
12 6 3
12 7 3
12 8 0
12 9 0
12 10 1
12 11 2
12 12 2
12 13 2
13 0 3
13 1 3
13 2 1
13 3 2
13 4 2
13 5 2
13 6 2
13 7 3
13 8 3
13 9 3
13 10 1
13 11 1
13 12 3
13 13 3
14 0 2
14 1 2
14 2 3
14 3 3
14 4 3
14 5 1
14 6 1
14 7 1
14 8 1
14 9 1
14 10 3
14 11 3
14 12 3
14 13 3
15 0 3
15 1 3
15 2 3
15 3 3
15 4 3
15 5 3
15 6 3
15 7 1
15 8 3
15 9 3
15 10 3
15 11 1
15 12 2
15 13 2
16 0 3
16 1 3
16 2 3
16 3 3
16 4 2
16 5 3
16 6 3
16 7 3
16 8 3
16 9 2
16 10 3
16 11 3
16 12 1
16 13 1
17 0 3
17 1 3
17 2 0
17 3 3
17 4 3
17 5 1
17 6 1
17 7 1
17 8 3
17 9 3
17 10 3
17 11 3
17 12 3
17 13 3
18 0 3
18 1 3
18 2 2
18 3 3
18 4 3
18 5 0
18 6 0
18 7 0
18 8 3
18 9 3
18 10 3
18 11 3
18 12 3
18 13 3
19 0 3
19 1 3
19 2 3
19 3 0
19 4 0
19 5 3
19 6 3
19 7 3
19 8 3
19 9 3
19 10 3
19 11 3
19 12 0
19 13 1
