0 0 5
0 1 1
0 2 3
0 3 5
0 4 5
0 5 3
0 6 3
0 7 5
0 8 5
0 9 1
0 10 3
0 11 3
0 12 3
0 13 3
0 14 5
0 15 5
0 16 5
0 17 1
0 18 1
0 19 5
0 20 5
0 21 1
0 22 1
0 23 1
0 24 3
0 25 3
0 26 5
0 27 5
1 0 2
1 1 3
1 2 3
1 3 5
1 4 5
1 5 0
1 6 0
1 7 0
1 8 0
1 9 0
1 10 5
1 11 5
1 12 0
1 13 2
1 14 5
1 15 5
1 16 0
1 17 2
1 18 2
1 19 5
1 20 5
1 21 0
1 22 0
1 23 2
1 24 3
1 25 5
1 26 5
1 27 5
2 0 0
2 1 5
2 2 5
2 3 5
2 4 3
2 5 3
2 6 3
2 7 3
2 8 3
2 9 5
2 10 5
2 11 5
2 12 5
2 13 5
2 14 0
2 15 0
2 16 0
2 17 0
2 18 0
2 19 5
2 20 5
2 21 3
2 22 3
2 23 5
2 24 5
2 25 1
2 26 3
2 27 3
3 0 2
3 1 5
3 2 5
3 3 1
3 4 1
3 5 5
3 6 5
3 7 2
3 8 1
3 9 4
3 10 4
3 11 5
3 12 5
3 13 5
3 14 1
3 15 1
3 16 5
3 17 5
3 18 3
3 19 3
3 20 3
3 21 3
3 22 3
3 23 5
3 24 5
3 25 2
3 26 1
3 27 1
4 0 5
4 1 5
4 2 4
4 3 4
4 4 5
4 5 5
4 6 5
4 7 5
4 8 3
4 9 3
4 10 3
4 11 3
4 12 5
4 13 5
4 14 0
4 15 3
4 16 5
4 17 5
4 18 0
4 19 3
4 20 3
4 21 3
4 22 3
4 23 5
4 24 5
4 25 4
4 26 4
4 27 4
5 0 3
5 1 5
5 2 5
5 3 5
5 4 4
5 5 4
5 6 4
5 7 4
5 8 4
5 9 5
5 10 5
5 11 5
5 12 1
5 13 1
5 14 5
5 15 5
5 16 1
5 17 1
5 18 5
5 19 5
5 20 5
5 21 1
5 22 1
5 23 1
5 24 3
5 25 3
5 26 5
5 27 5
6 0 3
6 1 5
6 2 5
6 3 5
6 4 2
6 5 2
6 6 2
6 7 4
6 8 4
6 9 5
6 10 5
6 11 5
6 12 0
6 13 0
6 14 3
6 15 5
6 16 5
6 17 2
6 18 2
6 19 5
6 20 5
6 21 2
6 22 2
6 23 2
6 24 3
6 25 3
6 26 5
6 27 5
7 0 5
7 1 1
7 2 2
7 3 1
7 4 1
7 5 5
7 6 5
7 7 1
7 8 2
7 9 5
7 10 5
7 11 5
7 12 1
7 13 1
7 14 1
7 15 5
7 16 5
7 17 2
7 18 1
7 19 5
7 20 5
7 21 5
7 22 5
7 23 2
7 24 2
7 25 2
7 26 1
7 27 2
8 0 5
8 1 5
8 2 5
8 3 0
8 4 1
8 5 4
8 6 4
8 7 5
8 8 5
8 9 0
8 10 0
8 11 0
8 12 5
8 13 5
8 14 0
8 15 0
8 16 0
8 17 5
8 18 5
8 19 1
8 20 4
8 21 4
8 22 5
8 23 5
8 24 1
8 25 1
8 26 5
8 27 5
9 0 3
9 1 3
9 2 4
9 3 5
9 4 5
9 5 1
9 6 3
9 7 3
9 8 4
9 9 5
9 10 5
9 11 5
9 12 5
9 13 5
9 14 4
9 15 4
9 16 4
9 17 5
9 18 5
9 19 1
9 20 3
9 21 3
9 22 5
9 23 5
9 24 3
9 25 3
9 26 5
9 27 5
10 0 1
10 1 1
10 2 1
10 3 5
10 4 5
10 5 5
10 6 5
10 7 1
10 8 1
10 9 5
10 10 5
10 11 1
10 12 1
10 13 1
10 14 5
10 15 5
10 16 4
10 17 4
10 18 4
10 19 4
10 20 4
10 21 5
10 22 5
10 23 1
10 24 1
10 25 5
10 26 5
10 27 5
11 0 5
11 1 2
11 2 2
11 3 3
11 4 5
11 5 5
11 6 5
11 7 5
11 8 5
11 9 0
11 10 0
11 11 0
11 12 0
11 13 2
11 14 5
11 15 5
11 16 2
11 17 1
11 18 1
11 19 2
11 20 2
11 21 5
11 22 5
11 23 2
11 24 4
11 25 4
11 26 5
11 27 5
12 0 0
12 1 3
12 2 5
12 3 5
12 4 5
12 5 1
12 6 1
12 7 3
12 8 5
12 9 5
12 10 1
12 11 3
12 12 5
12 13 5
12 14 3
12 15 3
12 16 3
12 17 3
12 18 3
12 19 5
12 20 5
12 21 0
12 22 0
12 23 3
12 24 5
12 25 5
12 26 1
12 27 1
13 0 3
13 1 5
13 2 5
13 3 3
13 4 3
13 5 3
13 6 3
13 7 3
13 8 5
13 9 5
13 10 3
13 11 3
13 12 5
13 13 5
13 14 3
13 15 3
13 16 3
13 17 3
13 18 3
13 19 5
13 20 5
13 21 5
13 22 5
13 23 5
13 24 3
13 25 3
13 26 3
13 27 3
14 0 3
14 1 3
14 2 3
14 3 3
14 4 3
14 5 5
14 6 5
14 7 5
14 8 5
14 9 5
14 10 2
14 11 2
14 12 5
14 13 5
14 14 5
14 15 5
14 16 2
14 17 2
14 18 3
14 19 3
14 20 3
14 21 5
14 22 5
14 23 2
14 24 2
14 25 3
14 26 3
14 27 3
15 0 1
15 1 5
15 2 5
15 3 3
15 4 3
15 5 5
15 6 5
15 7 5
15 8 2
15 9 2
15 10 2
15 11 1
15 12 3
15 13 5
15 14 5
15 15 1
15 16 4
15 17 5
15 18 5
15 19 1
15 20 1
15 21 1
15 22 4
15 23 4
15 24 5
15 25 5
15 26 5
15 27 5
16 0 5
16 1 0
16 2 0
16 3 0
16 4 0
16 5 5
16 6 5
16 7 0
16 8 0
16 9 0
16 10 5
16 11 5
16 12 1
16 13 3
16 14 3
16 15 3
16 16 3
16 17 5
16 18 5
16 19 5
16 20 5
16 21 5
16 22 3
16 23 3
16 24 5
16 25 5
16 26 2
16 27 3
17 0 1
17 1 2
17 2 2
17 3 1
17 4 5
17 5 5
17 6 5
17 7 0
17 8 0
17 9 5
17 10 5
17 11 0
17 12 1
17 13 1
17 14 2
17 15 5
17 16 5
17 17 0
17 18 0
17 19 5
17 20 5
17 21 5
17 22 1
17 23 1
17 24 1
17 25 2
17 26 1
17 27 5
18 0 2
18 1 2
18 2 1
18 3 5
18 4 5
18 5 5
18 6 5
18 7 0
18 8 0
18 9 2
18 10 5
18 11 5
18 12 5
18 13 5
18 14 1
18 15 1
18 16 1
18 17 5
18 18 5
18 19 0
18 20 0
18 21 0
18 22 0
18 23 1
18 24 5
18 25 5
18 26 2
18 27 1
19 0 2
19 1 2
19 2 2
19 3 5
19 4 5
19 5 2
19 6 2
19 7 2
19 8 5
19 9 5
19 10 2
19 11 2
19 12 5
19 13 5
19 14 3
19 15 3
19 16 3
19 17 5
19 18 5
19 19 5
19 20 5
19 21 3
19 22 3
19 23 3
19 24 5
19 25 5
19 26 3
19 27 3
20 0 2
20 1 3
20 2 5
20 3 5
20 4 2
20 5 2
20 6 5
20 7 5
20 8 3
20 9 3
20 10 3
20 11 3
20 12 5
20 13 5
20 14 5
20 15 5
20 16 0
20 17 2
20 18 2
20 19 5
20 20 5
20 21 2
20 22 2
20 23 3
20 24 5
20 25 5
20 26 0
20 27 0
21 0 2
21 1 5
21 2 5
21 3 3
21 4 3
21 5 5
21 6 5
21 7 3
21 8 3
21 9 3
21 10 3
21 11 4
21 12 5
21 13 5
21 14 1
21 15 2
21 16 1
21 17 5
21 18 5
21 19 5
21 20 0
21 21 2
21 22 2
21 23 5
21 24 5
21 25 0
21 26 0
21 27 0
22 0 5
22 1 0
22 2 0
22 3 4
22 4 4
22 5 5
22 6 5
22 7 0
22 8 0
22 9 5
22 10 5
22 11 5
22 12 0
22 13 2
22 14 2
22 15 2
22 16 1
22 17 5
22 18 5
22 19 0
22 20 0
22 21 0
22 22 2
22 23 1
22 24 5
22 25 5
22 26 5
22 27 5
23 0 5
23 1 0
23 2 1
23 3 5
23 4 5
23 5 5
23 6 5
23 7 0
23 8 0
23 9 0
23 10 0
23 11 0
23 12 5
23 13 5
23 14 0
23 15 0
23 16 5
23 17 5
23 18 0
23 19 1
23 20 1
23 21 1
23 22 5
23 23 5
23 24 0
23 25 1
23 26 1
23 27 5
24 0 0
24 1 2
24 2 1
24 3 3
24 4 5
24 5 5
24 6 5
24 7 1
24 8 2
24 9 1
24 10 5
24 11 5
24 12 0
24 13 0
24 14 0
24 15 0
24 16 5
24 17 5
24 18 1
24 19 1
24 20 1
24 21 5
24 22 5
24 23 5
24 24 0
24 25 0
24 26 5
24 27 5
25 0 5
25 1 5
25 2 5
25 3 0
25 4 0
25 5 0
25 6 0
25 7 2
25 8 5
25 9 5
25 10 1
25 11 2
25 12 5
25 13 5
25 14 0
25 15 0
25 16 0
25 17 0
25 18 1
25 19 5
25 20 5
25 21 5
25 22 5
25 23 5
25 24 0
25 25 0
25 26 0
25 27 1
26 0 3
26 1 5
26 2 5
26 3 1
26 4 1
26 5 3
26 6 3
26 7 5
26 8 5
26 9 1
26 10 1
26 11 1
26 12 5
26 13 5
26 14 3
26 15 3
26 16 3
26 17 3
26 18 3
26 19 5
26 20 5
26 21 5
26 22 1
26 23 3
26 24 5
26 25 5
26 26 1
26 27 1
27 0 0
27 1 2
27 2 2
27 3 2
27 4 5
27 5 5
27 6 1
27 7 1
27 8 1
27 9 1
27 10 5
27 11 5
27 12 5
27 13 5
27 14 1
27 15 1
27 16 2
27 17 5
27 18 5
27 19 2
27 20 2
27 21 2
27 22 1
27 23 2
27 24 5
27 25 5
27 26 5
27 27 5
28 0 5
28 1 1
28 2 3
28 3 5
28 4 5
28 5 0
28 6 4
28 7 5
28 8 5
28 9 0
28 10 1
28 11 5
28 12 5
28 13 5
28 14 1
28 15 1
28 16 3
28 17 3
28 18 4
28 19 5
28 20 5
28 21 3
28 22 4
28 23 5
28 24 5
28 25 1
28 26 3
28 27 5
29 0 5
29 1 5
29 2 5
29 3 2
29 4 2
29 5 5
29 6 5
29 7 5
29 8 2
29 9 2
29 10 2
29 11 2
29 12 5
29 13 5
29 14 2
29 15 2
29 16 2
29 17 5
29 18 5
29 19 0
29 20 0
29 21 0
29 22 0
29 23 5
29 24 5
29 25 0
29 26 0
29 27 0
30 0 5
30 1 1
30 2 1
30 3 5
30 4 5
30 5 1
30 6 1
30 7 1
30 8 2
30 9 5
30 10 5
30 11 5
30 12 2
30 13 1
30 14 5
30 15 5
30 16 3
30 17 3
30 18 3
30 19 5
30 20 5
30 21 1
30 22 2
30 23 2
30 24 2
30 25 2
30 26 5
30 27 5
31 0 5
31 1 5
31 2 0
31 3 2
31 4 5
31 5 5
31 6 5
31 7 5
31 8 0
31 9 3
31 10 3
31 11 5
31 12 5
31 13 5
31 14 2
31 15 2
31 16 5
31 17 5
31 18 2
31 19 2
31 20 2
31 21 2
31 22 3
31 23 5
31 24 5
31 25 0
31 26 0
31 27 2
32 0 0
32 1 0
32 2 0
32 3 0
32 4 0
32 5 5
32 6 5
32 7 5
32 8 5
32 9 5
32 10 0
32 11 0
32 12 5
32 13 5
32 14 5
32 15 5
32 16 0
32 17 0
32 18 0
32 19 0
32 20 0
32 21 5
32 22 5
32 23 0
32 24 0
32 25 0
32 26 0
32 27 0
33 0 5
33 1 3
33 2 3
33 3 5
33 4 5
33 5 0
33 6 0
33 7 2
33 8 5
33 9 5
33 10 2
33 11 2
33 12 5
33 13 5
33 14 2
33 15 2
33 16 5
33 17 5
33 18 0
33 19 0
33 20 0
33 21 5
33 22 5
33 23 0
33 24 0
33 25 0
33 26 5
33 27 5
34 0 5
34 1 5
34 2 3
34 3 3
34 4 3
34 5 5
34 6 5
34 7 3
34 8 3
34 9 3
34 10 5
34 11 5
34 12 3
34 13 3
34 14 3
34 15 5
34 16 5
34 17 3
34 18 3
34 19 3
34 20 3
34 21 3
34 22 5
34 23 5
34 24 0
34 25 1
34 26 5
34 27 5
35 0 0
35 1 0
35 2 0
35 3 0
35 4 0
35 5 5
35 6 5
35 7 5
35 8 5
35 9 5
35 10 5
35 11 0
35 12 2
35 13 2
35 14 5
35 15 5
35 16 0
35 17 0
35 18 5
35 19 5
35 20 5
35 21 2
35 22 2
35 23 3
35 24 5
35 25 5
35 26 2
35 27 1
36 0 3
36 1 5
36 2 5
36 3 5
36 4 0
36 5 1
36 6 1
36 7 2
36 8 5
36 9 5
36 10 0
36 11 1
36 12 5
36 13 5
36 14 0
36 15 0
36 16 0
36 17 5
36 18 5
36 19 5
36 20 5
36 21 5
36 22 5
36 23 0
36 24 0
36 25 2
36 26 2
36 27 3
37 0 4
37 1 4
37 2 5
37 3 5
37 4 2
37 5 3
37 6 5
37 7 5
37 8 1
37 9 1
37 10 1
37 11 1
37 12 5
37 13 5
37 14 5
37 15 5
37 16 2
37 17 1
37 18 1
37 19 2
37 20 2
37 21 5
37 22 5
37 23 5
37 24 3
37 25 3
37 26 5
37 27 5
38 0 5
38 1 5
38 2 0
38 3 0
38 4 0
38 5 0
38 6 0
38 7 5
38 8 5
38 9 5
38 10 0
38 11 0
38 12 5
38 13 5
38 14 0
38 15 0
38 16 0
38 17 0
38 18 0
38 19 5
38 20 5
38 21 5
38 22 0
38 23 4
38 24 5
38 25 5
38 26 0
38 27 0
39 0 0
39 1 4
39 2 5
39 3 5
39 4 1
39 5 1
39 6 1
39 7 5
39 8 5
39 9 5
39 10 5
39 11 3
39 12 3
39 13 3
39 14 4
39 15 5
39 16 5
39 17 1
39 18 2
39 19 5
39 20 5
39 21 0
39 22 0
39 23 0
39 24 0
39 25 5
39 26 5
39 27 5
