0 0 1
0 1 6
0 2 1
0 3 2
0 4 6
0 5 6
0 6 6
0 7 6
0 8 1
0 9 1
0 10 6
0 11 6
0 12 1
0 13 1
0 14 6
0 15 6
0 16 1
0 17 5
0 18 6
0 19 6
0 20 1
0 21 5
0 22 1
0 23 6
0 24 1
0 25 1
0 26 6
0 27 6
0 28 6
0 29 6
0 30 1
0 31 5
0 32 6
0 33 6
0 34 6
0 35 6
0 36 1
0 37 6
0 38 6
0 39 6
0 40 6
0 41 1
1 0 6
1 1 1
1 2 6
1 3 6
1 4 6
1 5 6
1 6 6
1 7 1
1 8 5
1 9 6
1 10 6
1 11 1
1 12 5
1 13 6
1 14 6
1 15 1
1 16 5
1 17 6
1 18 6
1 19 5
1 20 1
1 21 6
1 22 6
1 23 1
1 24 5
1 25 6
1 26 6
1 27 1
1 28 2
1 29 6
1 30 6
1 31 1
1 32 5
1 33 1
1 34 6
1 35 6
1 36 1
1 37 5
1 38 6
1 39 6
1 40 6
1 41 6
2 0 5
2 1 6
2 2 6
2 3 6
2 4 1
2 5 6
2 6 6
2 7 6
2 8 6
2 9 6
2 10 1
2 11 5
2 12 6
2 13 6
2 14 1
2 15 5
2 16 6
2 17 6
2 18 6
2 19 1
2 20 5
2 21 6
2 22 5
2 23 5
2 24 6
2 25 6
2 26 6
2 27 1
2 28 5
2 29 5
2 30 6
2 31 6
2 32 5
2 33 4
2 34 5
2 35 6
2 36 6
2 37 1
2 38 5
2 39 6
2 40 6
2 41 6
3 0 1
3 1 6
3 2 6
3 3 1
3 4 1
3 5 6
3 6 6
3 7 6
3 8 6
3 9 1
3 10 5
3 11 6
3 12 1
3 13 5
3 14 6
3 15 6
3 16 6
3 17 1
3 18 2
3 19 6
3 20 6
3 21 6
3 22 6
3 23 6
3 24 6
3 25 1
3 26 5
3 27 1
3 28 6
3 29 6
3 30 1
3 31 5
3 32 1
3 33 6
3 34 6
3 35 1
3 36 5
3 37 6
3 38 6
3 39 6
3 40 6
3 41 1
4 0 1
4 1 6
4 2 6
4 3 1
4 4 5
4 5 6
4 6 1
4 7 5
4 8 6
4 9 6
4 10 6
4 11 5
4 12 6
4 13 6
4 14 6
4 15 6
4 16 2
4 17 5
4 18 6
4 19 6
4 20 6
4 21 6
4 22 5
4 23 1
4 24 1
4 25 6
4 26 6
4 27 1
4 28 5
4 29 6
4 30 6
4 31 6
4 32 6
4 33 5
4 34 1
4 35 5
4 36 6
4 37 6
4 38 1
4 39 5
4 40 6
4 41 6
5 0 1
5 1 5
5 2 1
5 3 6
5 4 6
5 5 1
5 6 5
5 7 6
5 8 6
5 9 6
5 10 6
5 11 6
5 12 6
5 13 1
5 14 5
5 15 6
5 16 1
5 17 5
5 18 1
5 19 6
5 20 6
5 21 6
5 22 5
5 23 6
5 24 6
5 25 6
5 26 6
5 27 6
5 28 1
5 29 1
5 30 2
5 31 5
5 32 6
5 33 6
5 34 6
5 35 1
5 36 5
5 37 6
5 38 6
5 39 6
5 40 6
5 41 1
6 0 1
6 1 1
6 2 6
6 3 6
6 4 1
6 5 1
6 6 1
6 7 6
6 8 6
6 9 1
6 10 0
6 11 1
6 12 5
6 13 6
6 14 6
6 15 6
6 16 1
6 17 5
6 18 6
6 19 6
6 20 6
6 21 6
6 22 6
6 23 6
6 24 6
6 25 6
6 26 1
6 27 1
6 28 1
6 29 5
6 30 6
6 31 6
6 32 6
6 33 6
6 34 6
6 35 1
6 36 6
6 37 6
6 38 1
6 39 1
6 40 6
6 41 6
7 0 6
7 1 1
7 2 5
7 3 1
7 4 5
7 5 6
7 6 6
7 7 6
7 8 6
7 9 6
7 10 6
7 11 6
7 12 6
7 13 6
7 14 1
7 15 5
7 16 6
7 17 6
7 18 6
7 19 5
7 20 1
7 21 6
7 22 6
7 23 1
7 24 2
7 25 5
7 26 6
7 27 6
7 28 6
7 29 1
7 30 5
7 31 6
7 32 6
7 33 5
7 34 6
7 35 1
7 36 5
7 37 6
7 38 6
7 39 1
7 40 5
7 41 6
8 0 1
8 1 1
8 2 6
8 3 6
8 4 6
8 5 1
8 6 1
8 7 6
8 8 6
8 9 6
8 10 1
8 11 5
8 12 1
8 13 6
8 14 6
8 15 6
8 16 6
8 17 6
8 18 1
8 19 1
8 20 1
8 21 5
8 22 6
8 23 6
8 24 6
8 25 6
8 26 6
8 27 6
8 28 6
8 29 1
8 30 5
8 31 6
8 32 6
8 33 6
8 34 6
8 35 1
8 36 0
8 37 1
8 38 1
8 39 6
8 40 6
8 41 1
9 0 1
9 1 1
9 2 0
9 3 1
9 4 6
9 5 6
9 6 1
9 7 6
9 8 6
9 9 1
9 10 5
9 11 6
9 12 6
9 13 6
9 14 6
9 15 6
9 16 5
9 17 1
9 18 5
9 19 6
9 20 6
9 21 6
9 22 6
9 23 6
9 24 1
9 25 6
9 26 6
9 27 1
9 28 5
9 29 5
9 30 1
9 31 5
9 32 6
9 33 6
9 34 6
9 35 6
9 36 6
9 37 6
9 38 1
9 39 5
9 40 6
9 41 6
10 0 1
10 1 5
10 2 6
10 3 6
10 4 6
10 5 6
10 6 6
10 7 1
10 8 0
10 9 1
10 10 6
10 11 6
10 12 1
10 13 1
10 14 6
10 15 6
10 16 6
10 17 6
10 18 1
10 19 1
10 20 5
10 21 6
10 22 1
10 23 5
10 24 1
10 25 1
10 26 6
10 27 6
10 28 1
10 29 5
10 30 6
10 31 6
10 32 6
10 33 5
10 34 1
10 35 6
10 36 6
10 37 6
10 38 6
10 39 6
10 40 6
10 41 6
11 0 1
11 1 5
11 2 6
11 3 6
11 4 6
11 5 6
11 6 6
11 7 6
11 8 6
11 9 6
11 10 6
11 11 1
11 12 1
11 13 6
11 14 6
11 15 6
11 16 1
11 17 5
11 18 6
11 19 6
11 20 6
11 21 0
11 22 1
11 23 6
11 24 6
11 25 1
11 26 5
11 27 6
11 28 5
11 29 1
11 30 5
11 31 6
11 32 6
11 33 1
11 34 5
11 35 6
11 36 6
11 37 5
11 38 1
11 39 5
11 40 6
11 41 6
12 0 1
12 1 6
12 2 6
12 3 1
12 4 5
12 5 1
12 6 6
12 7 6
12 8 1
12 9 1
12 10 6
12 11 6
12 12 6
12 13 6
12 14 6
12 15 1
12 16 2
12 17 6
12 18 6
12 19 1
12 20 1
12 21 5
12 22 1
12 23 6
12 24 6
12 25 1
12 26 5
12 27 6
12 28 6
12 29 6
12 30 1
12 31 1
12 32 6
12 33 6
12 34 6
12 35 1
12 36 6
12 37 6
12 38 6
12 39 6
12 40 6
12 41 5
13 0 5
13 1 6
13 2 6
13 3 6
13 4 5
13 5 6
13 6 1
13 7 5
13 8 6
13 9 6
13 10 1
13 11 5
13 12 6
13 13 6
13 14 6
13 15 6
13 16 6
13 17 1
13 18 5
13 19 6
13 20 6
13 21 6
13 22 6
13 23 1
13 24 3
13 25 5
13 26 6
13 27 6
13 28 1
13 29 5
13 30 1
13 31 6
13 32 6
13 33 6
13 34 1
13 35 5
13 36 6
13 37 6
13 38 6
13 39 6
13 40 1
13 41 5
14 0 1
14 1 6
14 2 6
14 3 6
14 4 6
14 5 1
14 6 1
14 7 6
14 8 6
14 9 1
14 10 0
14 11 1
14 12 6
14 13 6
14 14 6
14 15 6
14 16 1
14 17 5
14 18 1
14 19 6
14 20 6
14 21 6
14 22 1
14 23 1
14 24 6
14 25 6
14 26 1
14 27 5
14 28 6
14 29 6
14 30 6
14 31 6
14 32 6
14 33 6
14 34 1
14 35 1
14 36 6
14 37 6
14 38 6
14 39 1
14 40 1
14 41 5
15 0 1
15 1 5
15 2 6
15 3 6
15 4 6
15 5 1
15 6 5
15 7 6
15 8 6
15 9 1
15 10 5
15 11 1
15 12 5
15 13 6
15 14 6
15 15 1
15 16 5
15 17 1
15 18 6
15 19 1
15 20 5
15 21 6
15 22 6
15 23 6
15 24 6
15 25 6
15 26 1
15 27 5
15 28 6
15 29 6
15 30 1
15 31 5
15 32 6
15 33 6
15 34 6
15 35 6
15 36 6
15 37 6
15 38 6
15 39 6
15 40 6
15 41 6
16 0 5
16 1 6
16 2 6
16 3 6
16 4 1
16 5 5
16 6 6
16 7 6
16 8 1
16 9 0
16 10 1
16 11 5
16 12 1
16 13 6
16 14 6
16 15 6
16 16 1
16 17 1
16 18 6
16 19 6
16 20 6
16 21 6
16 22 6
16 23 6
16 24 1
16 25 5
16 26 6
16 27 6
16 28 6
16 29 6
16 30 1
16 31 6
16 32 6
16 33 1
16 34 5
16 35 6
16 36 6
16 37 1
16 38 1
16 39 1
16 40 6
16 41 6
17 0 6
17 1 6
17 2 1
17 3 5
17 4 1
17 5 6
17 6 6
17 7 6
17 8 6
17 9 1
17 10 5
17 11 6
17 12 6
17 13 6
17 14 6
17 15 6
17 16 0
17 17 1
17 18 6
17 19 6
17 20 6
17 21 1
17 22 5
17 23 6
17 24 6
17 25 6
17 26 6
17 27 5
17 28 1
17 29 5
17 30 6
17 31 6
17 32 6
17 33 5
17 34 5
17 35 6
17 36 1
17 37 5
17 38 6
17 39 1
17 40 5
17 41 6
18 0 1
18 1 6
18 2 6
18 3 1
18 4 1
18 5 6
18 6 6
18 7 6
18 8 6
18 9 6
18 10 6
18 11 1
18 12 6
18 13 6
18 14 1
18 15 6
18 16 6
18 17 6
18 18 6
18 19 1
18 20 6
18 21 6
18 22 1
18 23 5
18 24 6
18 25 6
18 26 6
18 27 1
18 28 5
18 29 1
18 30 5
18 31 1
18 32 6
18 33 6
18 34 6
18 35 6
18 36 1
18 37 1
18 38 6
18 39 1
18 40 0
18 41 1
19 0 1
19 1 6
19 2 6
19 3 6
19 4 6
19 5 6
19 6 6
19 7 6
19 8 1
19 9 5
19 10 1
19 11 1
19 12 6
19 13 6
19 14 6
19 15 6
19 16 1
19 17 0
19 18 1
19 19 6
19 20 6
19 21 6
19 22 6
19 23 1
19 24 6
19 25 1
19 26 5
19 27 6
19 28 6
19 29 1
19 30 1
19 31 6
19 32 6
19 33 6
19 34 1
19 35 1
19 36 6
19 37 6
19 38 6
19 39 1
19 40 5
19 41 1
20 0 1
20 1 1
20 2 1
20 3 6
20 4 6
20 5 6
20 6 6
20 7 6
20 8 6
20 9 6
20 10 6
20 11 6
20 12 6
20 13 6
20 14 6
20 15 1
20 16 3
20 17 6
20 18 6
20 19 6
20 20 6
20 21 1
20 22 1
20 23 6
20 24 6
20 25 1
20 26 5
20 27 6
20 28 6
20 29 1
20 30 5
20 31 6
20 32 6
20 33 1
20 34 5
20 35 1
20 36 1
20 37 6
20 38 6
20 39 1
20 40 1
20 41 5
21 0 5
21 1 5
21 2 6
21 3 6
21 4 6
21 5 6
21 6 6
21 7 6
21 8 1
21 9 5
21 10 5
21 11 6
21 12 6
21 13 5
21 14 6
21 15 6
21 16 6
21 17 1
21 18 5
21 19 6
21 20 6
21 21 6
21 22 6
21 23 5
21 24 1
21 25 6
21 26 6
21 27 5
21 28 4
21 29 6
21 30 6
21 31 1
21 32 5
21 33 6
21 34 6
21 35 6
21 36 1
21 37 5
21 38 1
21 39 6
21 40 6
21 41 5
22 0 1
22 1 5
22 2 6
22 3 6
22 4 1
22 5 5
22 6 6
22 7 6
22 8 1
22 9 5
22 10 6
22 11 6
22 12 6
22 13 6
22 14 1
22 15 5
22 16 6
22 17 6
22 18 1
22 19 1
22 20 6
22 21 6
22 22 6
22 23 6
22 24 6
22 25 1
22 26 6
22 27 6
22 28 1
22 29 6
22 30 6
22 31 6
22 32 6
22 33 1
22 34 3
22 35 6
22 36 6
22 37 1
22 38 1
22 39 1
22 40 6
22 41 1
23 0 1
23 1 1
23 2 5
23 3 6
23 4 6
23 5 6
23 6 6
23 7 6
23 8 6
23 9 6
23 10 5
23 11 1
23 12 1
23 13 6
23 14 6
23 15 1
23 16 1
23 17 1
23 18 6
23 19 6
23 20 1
23 21 5
23 22 6
23 23 6
23 24 1
23 25 2
23 26 1
23 27 6
23 28 6
23 29 1
23 30 1
23 31 6
23 32 6
23 33 6
23 34 6
23 35 6
23 36 6
23 37 6
23 38 1
23 39 1
23 40 6
23 41 6
24 0 6
24 1 1
24 2 1
24 3 6
24 4 6
24 5 1
24 6 1
24 7 6
24 8 6
24 9 6
24 10 6
24 11 1
24 12 0
24 13 1
24 14 6
24 15 6
24 16 1
24 17 5
24 18 1
24 19 6
24 20 6
24 21 1
24 22 5
24 23 6
24 24 6
24 25 6
24 26 1
24 27 5
24 28 6
24 29 6
24 30 6
24 31 1
24 32 1
24 33 6
24 34 6
24 35 6
24 36 6
24 37 6
24 38 1
24 39 6
24 40 6
24 41 1
25 0 5
25 1 6
25 2 6
25 3 1
25 4 1
25 5 5
25 6 6
25 7 6
25 8 1
25 9 2
25 10 6
25 11 6
25 12 6
25 13 5
25 14 1
25 15 5
25 16 6
25 17 6
25 18 6
25 19 6
25 20 6
25 21 6
25 22 6
25 23 6
25 24 6
25 25 6
25 26 1
25 27 1
25 28 5
25 29 6
25 30 6
25 31 5
25 32 1
25 33 6
25 34 6
25 35 6
25 36 1
25 37 5
25 38 1
25 39 5
25 40 6
25 41 6
26 0 1
26 1 6
26 2 6
26 3 1
26 4 6
26 5 6
26 6 1
26 7 6
26 8 6
26 9 6
26 10 6
26 11 1
26 12 1
26 13 5
26 14 6
26 15 6
26 16 6
26 17 1
26 18 1
26 19 6
26 20 6
26 21 6
26 22 1
26 23 1
26 24 5
26 25 6
26 26 6
26 27 1
26 28 5
26 29 6
26 30 6
26 31 1
26 32 1
26 33 6
26 34 6
26 35 1
26 36 2
26 37 6
26 38 6
26 39 6
26 40 6
26 41 1
27 0 1
27 1 6
27 2 6
27 3 6
27 4 5
27 5 1
27 6 6
27 7 6
27 8 6
27 9 1
27 10 5
27 11 6
27 12 6
27 13 6
27 14 6
27 15 1
27 16 5
27 17 6
27 18 6
27 19 6
27 20 6
27 21 5
27 22 1
27 23 6
27 24 1
27 25 5
27 26 6
27 27 6
27 28 2
27 29 5
27 30 6
27 31 6
27 32 5
27 33 6
27 34 6
27 35 1
27 36 5
27 37 6
27 38 6
27 39 6
27 40 1
27 41 5
28 0 6
28 1 1
28 2 5
28 3 6
28 4 6
28 5 1
28 6 5
28 7 6
28 8 6
28 9 6
28 10 6
28 11 6
28 12 5
28 13 1
28 14 6
28 15 6
28 16 6
28 17 1
28 18 5
28 19 6
28 20 6
28 21 1
28 22 5
28 23 6
28 24 5
28 25 5
28 26 6
28 27 6
28 28 6
28 29 5
28 30 4
28 31 6
28 32 6
28 33 6
28 34 6
28 35 1
28 36 5
28 37 1
28 38 5
28 39 6
28 40 6
28 41 6
29 0 6
29 1 6
29 2 1
29 3 5
29 4 1
29 5 6
29 6 6
29 7 6
29 8 5
29 9 1
29 10 5
29 11 6
29 12 6
29 13 6
29 14 1
29 15 5
29 16 1
29 17 5
29 18 6
29 19 6
29 20 6
29 21 6
29 22 6
29 23 1
29 24 5
29 25 1
29 26 6
29 27 6
29 28 6
29 29 6
29 30 1
29 31 2
29 32 6
29 33 6
29 34 6
29 35 6
29 36 6
29 37 5
29 38 6
29 39 6
29 40 1
29 41 5
30 0 1
30 1 1
30 2 1
30 3 6
30 4 6
30 5 6
30 6 6
30 7 6
30 8 6
30 9 1
30 10 6
30 11 1
30 12 1
30 13 5
30 14 6
30 15 6
30 16 6
30 17 1
30 18 1
30 19 5
30 20 6
30 21 6
30 22 6
30 23 6
30 24 6
30 25 1
30 26 5
30 27 1
30 28 3
30 29 6
30 30 6
30 31 6
30 32 6
30 33 6
30 34 6
30 35 6
30 36 6
30 37 1
30 38 6
30 39 6
30 40 6
30 41 1
31 0 6
31 1 6
31 2 1
31 3 5
31 4 6
31 5 6
31 6 6
31 7 2
31 8 1
31 9 5
31 10 5
31 11 6
31 12 6
31 13 6
31 14 1
31 15 6
31 16 6
31 17 6
31 18 1
31 19 5
31 20 6
31 21 6
31 22 6
31 23 6
31 24 6
31 25 1
31 26 1
31 27 5
31 28 6
31 29 6
31 30 1
31 31 6
31 32 6
31 33 6
31 34 6
31 35 6
31 36 6
31 37 1
31 38 1
31 39 6
31 40 6
31 41 1
32 0 1
32 1 6
32 2 6
32 3 6
32 4 1
32 5 6
32 6 6
32 7 6
32 8 6
32 9 1
32 10 1
32 11 6
32 12 6
32 13 6
32 14 6
32 15 1
32 16 5
32 17 6
32 18 6
32 19 6
32 20 6
32 21 1
32 22 1
32 23 5
32 24 6
32 25 6
32 26 6
32 27 6
32 28 6
32 29 6
32 30 1
32 31 1
32 32 6
32 33 6
32 34 1
32 35 6
32 36 6
32 37 6
32 38 1
32 39 1
32 40 0
32 41 1
33 0 6
33 1 5
33 2 1
33 3 5
33 4 1
33 5 6
33 6 6
33 7 6
33 8 6
33 9 6
33 10 6
33 11 6
33 12 6
33 13 6
33 14 5
33 15 6
33 16 6
33 17 6
33 18 1
33 19 5
33 20 6
33 21 6
33 22 6
33 23 5
33 24 6
33 25 6
33 26 6
33 27 6
33 28 6
33 29 5
33 30 1
33 31 1
33 32 5
33 33 6
33 34 6
33 35 6
33 36 6
33 37 5
33 38 1
33 39 5
33 40 4
33 41 6
34 0 1
34 1 6
34 2 6
34 3 6
34 4 1
34 5 5
34 6 1
34 7 6
34 8 6
34 9 6
34 10 0
34 11 1
34 12 6
34 13 6
34 14 6
34 15 1
34 16 5
34 17 1
34 18 5
34 19 6
34 20 1
34 21 1
34 22 6
34 23 6
34 24 6
34 25 6
34 26 6
34 27 6
34 28 1
34 29 1
34 30 6
34 31 6
34 32 6
34 33 6
34 34 6
34 35 6
34 36 6
34 37 6
34 38 1
34 39 1
34 40 6
34 41 6
35 0 6
35 1 1
35 2 2
35 3 6
35 4 6
35 5 6
35 6 6
35 7 1
35 8 1
35 9 6
35 10 6
35 11 1
35 12 5
35 13 1
35 14 6
35 15 6
35 16 6
35 17 6
35 18 1
35 19 6
35 20 6
35 21 1
35 22 6
35 23 6
35 24 6
35 25 1
35 26 5
35 27 6
35 28 6
35 29 6
35 30 1
35 31 1
35 32 1
35 33 6
35 34 6
35 35 6
35 36 6
35 37 6
35 38 1
35 39 5
35 40 6
35 41 6
36 0 6
36 1 1
36 2 5
36 3 6
36 4 6
36 5 6
36 6 6
36 7 6
36 8 1
36 9 2
36 10 5
36 11 6
36 12 6
36 13 5
36 14 6
36 15 6
36 16 6
36 17 1
36 18 1
36 19 6
36 20 6
36 21 6
36 22 1
36 23 5
36 24 1
36 25 5
36 26 1
36 27 5
36 28 6
36 29 6
36 30 6
36 31 6
36 32 6
36 33 6
36 34 6
36 35 6
36 36 5
36 37 6
36 38 6
36 39 6
36 40 6
36 41 5
37 0 6
37 1 1
37 2 0
37 3 1
37 4 6
37 5 6
37 6 6
37 7 5
37 8 1
37 9 6
37 10 6
37 11 6
37 12 6
37 13 1
37 14 6
37 15 6
37 16 6
37 17 1
37 18 1
37 19 6
37 20 6
37 21 6
37 22 1
37 23 6
37 24 6
37 25 6
37 26 6
37 27 5
37 28 1
37 29 5
37 30 1
37 31 6
37 32 6
37 33 1
37 34 1
37 35 1
37 36 6
37 37 6
37 38 6
37 39 6
37 40 6
37 41 6
38 0 6
38 1 1
38 2 5
38 3 1
38 4 6
38 5 6
38 6 6
38 7 6
38 8 1
38 9 5
38 10 1
38 11 1
38 12 6
38 13 6
38 14 6
38 15 6
38 16 6
38 17 1
38 18 5
38 19 1
38 20 6
38 21 6
38 22 6
38 23 6
38 24 6
38 25 6
38 26 6
38 27 6
38 28 6
38 29 6
38 30 6
38 31 1
38 32 1
38 33 1
38 34 2
38 35 1
38 36 1
38 37 6
38 38 6
38 39 6
38 40 6
38 41 6
39 0 5
39 1 1
39 2 0
39 3 1
39 4 5
39 5 6
39 6 6
39 7 6
39 8 6
39 9 1
39 10 6
39 11 6
39 12 1
39 13 5
39 14 6
39 15 6
39 16 6
39 17 6
39 18 1
39 19 5
39 20 6
39 21 6
39 22 6
39 23 5
39 24 1
39 25 5
39 26 6
39 27 6
39 28 6
39 29 6
39 30 1
39 31 5
39 32 6
39 33 6
39 34 6
39 35 6
39 36 6
39 37 6
39 38 6
39 39 6
39 40 5
39 41 6
40 0 1
40 1 6
40 2 6
40 3 1
40 4 0
40 5 1
40 6 1
40 7 6
40 8 6
40 9 6
40 10 6
40 11 6
40 12 6
40 13 1
40 14 4
40 15 6
40 16 6
40 17 6
40 18 6
40 19 6
40 20 6
40 21 6
40 22 6
40 23 1
40 24 5
40 25 6
40 26 6
40 27 5
40 28 1
40 29 6
40 30 6
40 31 6
40 32 6
40 33 6
40 34 6
40 35 6
40 36 6
40 37 6
40 38 6
40 39 6
40 40 6
40 41 6
41 0 1
41 1 6
41 2 6
41 3 1
41 4 3
41 5 6
41 6 6
41 7 6
41 8 6
41 9 6
41 10 1
41 11 5
41 12 4
41 13 6
41 14 6
41 15 6
41 16 6
41 17 6
41 18 6
41 19 6
41 20 6
41 21 6
41 22 6
41 23 1
41 24 6
41 25 6
41 26 6
41 27 6
41 28 6
41 29 6
41 30 6
41 31 1
41 32 1
41 33 6
41 34 6
41 35 5
41 36 6
41 37 6
41 38 6
41 39 6
41 40 6
41 41 1
42 0 1
42 1 5
42 2 6
42 3 6
42 4 6
42 5 6
42 6 6
42 7 6
42 8 6
42 9 1
42 10 5
42 11 6
42 12 6
42 13 6
42 14 6
42 15 6
42 16 5
42 17 4
42 18 6
42 19 6
42 20 6
42 21 6
42 22 6
42 23 6
42 24 6
42 25 6
42 26 1
42 27 5
42 28 6
42 29 6
42 30 6
42 31 6
42 32 6
42 33 6
42 34 6
42 35 6
42 36 1
42 37 6
42 38 1
42 39 2
42 40 6
42 41 6
43 0 1
43 1 6
43 2 6
43 3 6
43 4 6
43 5 6
43 6 6
43 7 6
43 8 6
43 9 6
43 10 6
43 11 1
43 12 6
43 13 6
43 14 6
43 15 1
43 16 6
43 17 6
43 18 1
43 19 6
43 20 6
43 21 1
43 22 6
43 23 6
43 24 1
43 25 6
43 26 6
43 27 6
43 28 1
43 29 6
43 30 6
43 31 1
43 32 4
43 33 6
43 34 6
43 35 4
43 36 6
43 37 6
43 38 6
43 39 6
43 40 6
43 41 6
44 0 1
44 1 6
44 2 6
44 3 1
44 4 4
44 5 6
44 6 6
44 7 6
44 8 1
44 9 5
44 10 6
44 11 6
44 12 6
44 13 1
44 14 6
44 15 6
44 16 6
44 17 6
44 18 6
44 19 6
44 20 6
44 21 1
44 22 6
44 23 6
44 24 6
44 25 1
44 26 6
44 27 6
44 28 2
44 29 6
44 30 6
44 31 6
44 32 1
44 33 6
44 34 6
44 35 6
44 36 6
44 37 6
44 38 6
44 39 6
44 40 6
44 41 6
