0 0 6
0 1 1
0 2 2
0 3 2
0 4 2
0 5 6
0 6 6
0 7 1
0 8 5
0 9 6
0 10 6
0 11 1
0 12 2
0 13 5
0 14 6
0 15 6
0 16 1
0 17 2
0 18 2
0 19 6
0 20 6
0 21 1
0 22 2
0 23 2
0 24 2
0 25 6
0 26 6
0 27 1
0 28 2
0 29 5
0 30 6
0 31 6
0 32 6
0 33 6
0 34 6
0 35 1
0 36 2
0 37 6
0 38 6
0 39 6
0 40 6
0 41 6
1 0 0
1 1 0
1 2 6
1 3 6
1 4 6
1 5 0
1 6 2
1 7 2
1 8 6
1 9 6
1 10 2
1 11 0
1 12 2
1 13 2
1 14 4
1 15 6
1 16 6
1 17 0
1 18 2
1 19 0
1 20 0
1 21 2
1 22 6
1 23 6
1 24 4
1 25 4
1 26 6
1 27 6
1 28 2
1 29 0
1 30 0
1 31 2
1 32 4
1 33 6
1 34 6
1 35 6
1 36 6
1 37 2
1 38 0
1 39 0
1 40 6
1 41 6
2 0 2
2 1 2
2 2 0
2 3 2
2 4 4
2 5 6
2 6 6
2 7 6
2 8 4
2 9 4
2 10 6
2 11 6
2 12 2
2 13 0
2 14 2
2 15 0
2 16 6
2 17 6
2 18 0
2 19 4
2 20 6
2 21 6
2 22 2
2 23 5
2 24 6
2 25 6
2 26 0
2 27 0
2 28 5
2 29 6
2 30 6
2 31 2
2 32 5
2 33 6
2 34 6
2 35 2
2 36 0
2 37 2
2 38 6
2 39 6
2 40 6
2 41 6
3 0 1
3 1 2
3 2 2
3 3 0
3 4 1
3 5 6
3 6 6
3 7 6
3 8 6
3 9 6
3 10 6
3 11 6
3 12 1
3 13 0
3 14 0
3 15 0
3 16 1
3 17 6
3 18 6
3 19 0
3 20 1
3 21 0
3 22 1
3 23 0
3 24 6
3 25 6
3 26 6
3 27 6
3 28 0
3 29 1
3 30 2
3 31 5
3 32 6
3 33 6
3 34 6
3 35 6
3 36 6
3 37 6
3 38 6
3 39 6
3 40 1
3 41 0
4 0 6
4 1 0
4 2 0
4 3 2
4 4 2
4 5 2
4 6 6
4 7 6
4 8 0
4 9 0
4 10 0
4 11 2
4 12 6
4 13 6
4 14 0
4 15 5
4 16 4
4 17 4
4 18 4
4 19 6
4 20 6
4 21 0
4 22 2
4 23 0
4 24 5
4 25 6
4 26 6
4 27 5
4 28 4
4 29 6
4 30 6
4 31 6
4 32 6
4 33 6
4 34 6
4 35 6
4 36 0
4 37 2
4 38 2
4 39 6
4 40 6
4 41 6
5 0 3
5 1 6
5 2 6
5 3 3
5 4 3
5 5 3
5 6 3
5 7 3
5 8 6
5 9 6
5 10 6
5 11 6
5 12 6
5 13 6
5 14 2
5 15 2
5 16 3
5 17 3
5 18 3
5 19 6
5 20 6
5 21 3
5 22 3
5 23 3
5 24 3
5 25 3
5 26 6
5 27 6
5 28 3
5 29 3
5 30 6
5 31 6
5 32 2
5 33 3
5 34 3
5 35 3
5 36 6
5 37 6
5 38 2
5 39 2
5 40 3
5 41 3
6 0 1
6 1 0
6 2 1
6 3 6
6 4 6
6 5 1
6 6 0
6 7 1
6 8 6
6 9 6
6 10 1
6 11 0
6 12 6
6 13 6
6 14 0
6 15 3
6 16 3
6 17 3
6 18 6
6 19 6
6 20 6
6 21 6
6 22 6
6 23 3
6 24 3
6 25 3
6 26 3
6 27 6
6 28 6
6 29 2
6 30 2
6 31 2
6 32 6
6 33 6
6 34 0
6 35 3
6 36 6
6 37 6
6 38 0
6 39 0
6 40 6
6 41 6
7 0 0
7 1 2
7 2 0
7 3 0
7 4 0
7 5 6
7 6 6
7 7 6
7 8 6
7 9 2
7 10 0
7 11 6
7 12 6
7 13 0
7 14 4
7 15 4
7 16 6
7 17 6
7 18 2
7 19 2
7 20 0
7 21 6
7 22 6
7 23 4
7 24 4
7 25 6
7 26 6
7 27 0
7 28 2
7 29 2
7 30 2
7 31 0
7 32 6
7 33 6
7 34 6
7 35 2
7 36 2
7 37 0
7 38 0
7 39 0
7 40 6
7 41 6
8 0 3
8 1 3
8 2 3
8 3 6
8 4 6
8 5 2
8 6 0
8 7 0
8 8 1
8 9 4
8 10 6
8 11 6
8 12 6
8 13 6
8 14 6
8 15 6
8 16 6
8 17 0
8 18 1
8 19 0
8 20 1
8 21 4
8 22 6
8 23 6
8 24 0
8 25 1
8 26 6
8 27 6
8 28 0
8 29 1
8 30 2
8 31 6
8 32 6
8 33 0
8 34 1
8 35 6
8 36 6
8 37 6
8 38 4
8 39 4
8 40 6
8 41 6
9 0 3
9 1 3
9 2 3
9 3 4
9 4 4
9 5 6
9 6 6
9 7 6
9 8 6
9 9 0
9 10 2
9 11 5
9 12 6
9 13 6
9 14 2
9 15 2
9 16 0
9 17 6
9 18 6
9 19 3
9 20 3
9 21 6
9 22 6
9 23 6
9 24 0
9 25 2
9 26 6
9 27 6
9 28 0
9 29 2
9 30 4
9 31 6
9 32 6
9 33 0
9 34 3
9 35 4
9 36 6
9 37 6
9 38 6
9 39 2
9 40 2
9 41 0
10 0 2
10 1 6
10 2 6
10 3 1
10 4 5
10 5 6
10 6 6
10 7 0
10 8 1
10 9 0
10 10 1
10 11 5
10 12 6
10 13 6
10 14 6
10 15 6
10 16 6
10 17 1
10 18 2
10 19 3
10 20 3
10 21 5
10 22 6
10 23 6
10 24 0
10 25 1
10 26 6
10 27 6
10 28 6
10 29 1
10 30 3
10 31 6
10 32 6
10 33 0
10 34 1
10 35 6
10 36 6
10 37 6
10 38 6
10 39 6
10 40 6
10 41 1
11 0 0
11 1 0
11 2 6
11 3 6
11 4 0
11 5 0
11 6 2
11 7 0
11 8 0
11 9 6
11 10 6
11 11 0
11 12 0
11 13 0
11 14 6
11 15 6
11 16 0
11 17 0
11 18 0
11 19 6
11 20 6
11 21 2
11 22 0
11 23 6
11 24 6
11 25 0
11 26 0
11 27 6
11 28 6
11 29 0
11 30 2
11 31 0
11 32 0
11 33 6
11 34 6
11 35 0
11 36 0
11 37 2
11 38 0
11 39 2
11 40 6
11 41 6
12 0 1
12 1 5
12 2 6
12 3 6
12 4 6
12 5 1
12 6 3
12 7 3
12 8 4
12 9 4
12 10 6
12 11 6
12 12 6
12 13 6
12 14 1
12 15 3
12 16 3
12 17 3
12 18 5
12 19 6
12 20 6
12 21 6
12 22 5
12 23 4
12 24 6
12 25 6
12 26 1
12 27 3
12 28 4
12 29 6
12 30 6
12 31 1
12 32 3
12 33 3
12 34 3
12 35 6
12 36 6
12 37 6
12 38 6
12 39 6
12 40 6
12 41 6
13 0 5
13 1 6
13 2 6
13 3 2
13 4 2
13 5 6
13 6 6
13 7 2
13 8 0
13 9 0
13 10 0
13 11 0
13 12 6
13 13 6
13 14 6
13 15 6
13 16 0
13 17 0
13 18 0
13 19 0
13 20 0
13 21 6
13 22 6
13 23 6
13 24 2
13 25 0
13 26 0
13 27 0
13 28 5
13 29 6
13 30 6
13 31 0
13 32 3
13 33 6
13 34 6
13 35 2
13 36 2
13 37 5
13 38 6
13 39 6
13 40 6
13 41 0
14 0 2
14 1 4
14 2 4
14 3 6
14 4 6
14 5 6
14 6 6
14 7 1
14 8 2
14 9 2
14 10 3
14 11 3
14 12 6
14 13 6
14 14 1
14 15 0
14 16 1
14 17 6
14 18 6
14 19 0
14 20 1
14 21 3
14 22 3
14 23 6
14 24 6
14 25 2
14 26 0
14 27 1
14 28 6
14 29 6
14 30 6
14 31 6
14 32 6
14 33 4
14 34 4
14 35 6
14 36 6
14 37 6
14 38 0
14 39 1
14 40 6
14 41 6
15 0 2
15 1 3
15 2 3
15 3 3
15 4 3
15 5 6
15 6 6
15 7 3
15 8 3
15 9 3
15 10 3
15 11 3
15 12 6
15 13 6
15 14 2
15 15 2
15 16 2
15 17 6
15 18 6
15 19 3
15 20 3
15 21 4
15 22 4
15 23 4
15 24 6
15 25 6
15 26 6
15 27 2
15 28 3
15 29 3
15 30 3
15 31 4
15 32 6
15 33 6
15 34 6
15 35 6
15 36 2
15 37 2
15 38 6
15 39 6
15 40 6
15 41 6
16 0 0
16 1 1
16 2 2
16 3 0
16 4 0
16 5 6
16 6 6
16 7 0
16 8 0
16 9 1
16 10 0
16 11 5
16 12 6
16 13 6
16 14 6
16 15 1
16 16 2
16 17 6
16 18 6
16 19 2
16 20 2
16 21 2
16 22 5
16 23 6
16 24 6
16 25 1
16 26 2
16 27 6
16 28 6
16 29 6
16 30 6
16 31 6
16 32 2
16 33 2
16 34 5
16 35 6
16 36 6
16 37 6
16 38 0
16 39 1
16 40 6
16 41 6
17 0 0
17 1 0
17 2 5
17 3 6
17 4 6
17 5 0
17 6 2
17 7 2
17 8 0
17 9 5
17 10 6
17 11 6
17 12 6
17 13 6
17 14 6
17 15 0
17 16 0
17 17 0
17 18 2
17 19 2
17 20 6
17 21 6
17 22 0
17 23 2
17 24 2
17 25 0
17 26 6
17 27 6
17 28 6
17 29 0
17 30 5
17 31 6
17 32 6
17 33 2
17 34 0
17 35 2
17 36 6
17 37 6
17 38 2
17 39 2
17 40 6
17 41 6
18 0 1
18 1 0
18 2 1
18 3 6
18 4 6
18 5 2
18 6 2
18 7 6
18 8 6
18 9 6
18 10 6
18 11 1
18 12 0
18 13 1
18 14 6
18 15 6
18 16 1
18 17 2
18 18 4
18 19 6
18 20 6
18 21 6
18 22 6
18 23 0
18 24 1
18 25 2
18 26 4
18 27 6
18 28 6
18 29 6
18 30 0
18 31 1
18 32 2
18 33 6
18 34 6
18 35 0
18 36 1
18 37 0
18 38 6
18 39 6
18 40 6
18 41 6
19 0 5
19 1 6
19 2 6
19 3 6
19 4 6
19 5 1
19 6 3
19 7 6
19 8 6
19 9 2
19 10 2
19 11 2
19 12 6
19 13 6
19 14 1
19 15 0
19 16 0
19 17 6
19 18 6
19 19 2
19 20 2
19 21 2
19 22 2
19 23 0
19 24 6
19 25 6
19 26 1
19 27 0
19 28 1
19 29 0
19 30 5
19 31 6
19 32 6
19 33 6
19 34 6
19 35 6
19 36 6
19 37 1
19 38 2
19 39 5
19 40 6
19 41 6
20 0 0
20 1 0
20 2 1
20 3 0
20 4 1
20 5 6
20 6 6
20 7 6
20 8 6
20 9 1
20 10 0
20 11 6
20 12 6
20 13 6
20 14 3
20 15 3
20 16 3
20 17 5
20 18 6
20 19 6
20 20 3
20 21 3
20 22 3
20 23 3
20 24 5
20 25 6
20 26 6
20 27 0
20 28 1
20 29 6
20 30 6
20 31 6
20 32 6
20 33 0
20 34 5
20 35 6
20 36 6
20 37 6
20 38 1
20 39 2
20 40 6
20 41 6
21 0 2
21 1 3
21 2 5
21 3 4
21 4 4
21 5 6
21 6 6
21 7 0
21 8 2
21 9 3
21 10 4
21 11 6
21 12 6
21 13 3
21 14 5
21 15 6
21 16 6
21 17 3
21 18 3
21 19 6
21 20 6
21 21 3
21 22 3
21 23 3
21 24 3
21 25 5
21 26 6
21 27 6
21 28 6
21 29 6
21 30 6
21 31 6
21 32 0
21 33 4
21 34 6
21 35 6
21 36 2
21 37 2
21 38 6
21 39 6
21 40 6
21 41 0
22 0 3
22 1 3
22 2 3
22 3 3
22 4 5
22 5 6
22 6 6
22 7 1
22 8 3
22 9 3
22 10 6
22 11 6
22 12 3
22 13 3
22 14 6
22 15 6
22 16 1
22 17 3
22 18 3
22 19 6
22 20 6
22 21 1
22 22 5
22 23 6
22 24 6
22 25 2
22 26 3
22 27 6
22 28 6
22 29 6
22 30 6
22 31 6
22 32 6
22 33 3
22 34 5
22 35 6
22 36 6
22 37 1
22 38 3
22 39 3
22 40 6
22 41 6
23 0 5
23 1 6
23 2 6
23 3 1
23 4 5
23 5 4
23 6 6
23 7 6
23 8 6
23 9 6
23 10 2
23 11 3
23 12 3
23 13 6
23 14 6
23 15 3
23 16 4
23 17 4
23 18 4
23 19 6
23 20 6
23 21 3
23 22 3
23 23 5
23 24 6
23 25 6
23 26 1
23 27 3
23 28 6
23 29 6
23 30 6
23 31 1
23 32 3
23 33 6
23 34 6
23 35 1
23 36 2
23 37 2
23 38 6
23 39 6
23 40 6
23 41 6
24 0 6
24 1 6
24 2 0
24 3 1
24 4 0
24 5 1
24 6 0
24 7 6
24 8 6
24 9 1
24 10 4
24 11 4
24 12 4
24 13 6
24 14 6
24 15 1
24 16 0
24 17 0
24 18 1
24 19 6
24 20 6
24 21 1
24 22 0
24 23 1
24 24 0
24 25 6
24 26 6
24 27 6
24 28 6
24 29 6
24 30 6
24 31 6
24 32 6
24 33 6
24 34 6
24 35 6
24 36 6
24 37 1
24 38 2
24 39 2
24 40 2
24 41 6
25 0 0
25 1 0
25 2 0
25 3 0
25 4 2
25 5 6
25 6 6
25 7 6
25 8 0
25 9 0
25 10 6
25 11 6
25 12 6
25 13 3
25 14 3
25 15 3
25 16 3
25 17 3
25 18 6
25 19 6
25 20 6
25 21 2
25 22 0
25 23 2
25 24 3
25 25 3
25 26 6
25 27 6
25 28 0
25 29 2
25 30 6
25 31 6
25 32 0
25 33 0
25 34 0
25 35 6
25 36 6
25 37 6
25 38 0
25 39 0
25 40 0
25 41 0
26 0 6
26 1 6
26 2 1
26 3 0
26 4 1
26 5 0
26 6 0
26 7 6
26 8 6
26 9 6
26 10 0
26 11 0
26 12 1
26 13 0
26 14 5
26 15 6
26 16 6
26 17 1
26 18 0
26 19 6
26 20 6
26 21 1
26 22 0
26 23 1
26 24 6
26 25 6
26 26 6
26 27 6
26 28 6
26 29 6
26 30 1
26 31 5
26 32 6
26 33 6
26 34 0
26 35 0
26 36 0
26 37 5
26 38 6
26 39 6
26 40 6
26 41 6
27 0 2
27 1 2
27 2 2
27 3 2
27 4 2
27 5 6
27 6 6
27 7 2
27 8 2
27 9 2
27 10 2
27 11 2
27 12 6
27 13 6
27 14 2
27 15 2
27 16 2
27 17 2
27 18 2
27 19 6
27 20 6
27 21 2
27 22 2
27 23 2
27 24 6
27 25 6
27 26 6
27 27 2
27 28 2
27 29 2
27 30 6
27 31 6
27 32 6
27 33 2
27 34 2
27 35 2
27 36 2
27 37 6
27 38 6
27 39 6
27 40 6
27 41 2
28 0 0
28 1 2
28 2 6
28 3 6
28 4 0
28 5 0
28 6 5
28 7 4
28 8 6
28 9 6
28 10 0
28 11 0
28 12 0
28 13 2
28 14 6
28 15 6
28 16 0
28 17 2
28 18 5
28 19 6
28 20 6
28 21 2
28 22 5
28 23 4
28 24 6
28 25 6
28 26 6
28 27 6
28 28 6
28 29 0
28 30 0
28 31 6
28 32 6
28 33 6
28 34 6
28 35 0
28 36 2
28 37 4
28 38 6
28 39 6
28 40 2
28 41 4
29 0 2
29 1 2
29 2 2
29 3 2
29 4 2
29 5 6
29 6 6
29 7 2
29 8 5
29 9 6
29 10 6
29 11 2
29 12 2
29 13 2
29 14 2
29 15 6
29 16 6
29 17 2
29 18 5
29 19 6
29 20 6
29 21 6
29 22 6
29 23 6
29 24 2
29 25 5
29 26 6
29 27 6
29 28 6
29 29 2
29 30 2
29 31 2
29 32 2
29 33 2
29 34 6
29 35 6
29 36 2
29 37 2
29 38 6
29 39 6
29 40 2
29 41 2
30 0 3
30 1 3
30 2 3
30 3 3
30 4 3
30 5 6
30 6 6
30 7 6
30 8 1
30 9 2
30 10 2
30 11 3
30 12 3
30 13 3
30 14 6
30 15 6
30 16 6
30 17 1
30 18 3
30 19 6
30 20 6
30 21 6
30 22 1
30 23 2
30 24 6
30 25 6
30 26 6
30 27 1
30 28 3
30 29 3
30 30 3
30 31 6
30 32 6
30 33 6
30 34 6
30 35 1
30 36 3
30 37 6
30 38 6
30 39 6
30 40 6
30 41 6
31 0 6
31 1 1
31 2 3
31 3 3
31 4 3
31 5 3
31 6 3
31 7 6
31 8 6
31 9 6
31 10 3
31 11 3
31 12 6
31 13 6
31 14 6
31 15 2
31 16 3
31 17 3
31 18 3
31 19 5
31 20 6
31 21 6
31 22 6
31 23 6
31 24 1
31 25 3
31 26 5
31 27 6
31 28 6
31 29 6
31 30 3
31 31 3
31 32 6
31 33 6
31 34 6
31 35 1
31 36 5
31 37 6
31 38 6
31 39 6
31 40 6
31 41 6
32 0 6
32 1 6
32 2 1
32 3 0
32 4 1
32 5 6
32 6 6
32 7 6
32 8 0
32 9 1
32 10 3
32 11 6
32 12 6
32 13 6
32 14 3
32 15 4
32 16 6
32 17 6
32 18 6
32 19 2
32 20 2
32 21 0
32 22 1
32 23 3
32 24 4
32 25 6
32 26 6
32 27 6
32 28 1
32 29 4
32 30 6
32 31 6
32 32 6
32 33 2
32 34 2
32 35 2
32 36 6
32 37 6
32 38 6
32 39 6
32 40 6
32 41 1
33 0 3
33 1 3
33 2 6
33 3 6
33 4 6
33 5 2
33 6 0
33 7 3
33 8 3
33 9 3
33 10 4
33 11 6
33 12 6
33 13 6
33 14 6
33 15 6
33 16 6
33 17 0
33 18 0
33 19 3
33 20 6
33 21 6
33 22 6
33 23 0
33 24 0
33 25 6
33 26 6
33 27 6
33 28 0
33 29 2
33 30 2
33 31 3
33 32 5
33 33 4
33 34 6
33 35 6
33 36 6
33 37 6
33 38 5
33 39 4
33 40 6
33 41 6
34 0 6
34 1 6
34 2 0
34 3 1
34 4 0
34 5 0
34 6 0
34 7 0
34 8 6
34 9 6
34 10 6
34 11 2
34 12 2
34 13 2
34 14 2
34 15 6
34 16 6
34 17 6
34 18 0
34 19 1
34 20 2
34 21 2
34 22 6
34 23 6
34 24 6
34 25 6
34 26 6
34 27 6
34 28 1
34 29 0
34 30 1
34 31 6
34 32 6
34 33 6
34 34 6
34 35 1
34 36 0
34 37 0
34 38 0
34 39 6
34 40 6
34 41 6
35 0 6
35 1 1
35 2 0
35 3 6
35 4 6
35 5 6
35 6 1
35 7 0
35 8 1
35 9 6
35 10 6
35 11 6
35 12 0
35 13 5
35 14 6
35 15 6
35 16 6
35 17 1
35 18 5
35 19 6
35 20 6
35 21 6
35 22 6
35 23 1
35 24 5
35 25 4
35 26 4
35 27 4
35 28 6
35 29 6
35 30 6
35 31 0
35 32 1
35 33 6
35 34 6
35 35 6
35 36 6
35 37 0
35 38 0
35 39 6
35 40 6
35 41 6
36 0 2
36 1 2
36 2 2
36 3 2
36 4 2
36 5 6
36 6 6
36 7 6
36 8 2
36 9 2
36 10 4
36 11 4
36 12 6
36 13 6
36 14 6
36 15 2
36 16 2
36 17 2
36 18 2
36 19 2
36 20 4
36 21 6
36 22 6
36 23 6
36 24 6
36 25 2
36 26 2
36 27 2
36 28 6
36 29 6
36 30 6
36 31 6
36 32 6
36 33 6
36 34 6
36 35 6
36 36 2
36 37 2
36 38 2
36 39 2
36 40 6
36 41 6
37 0 1
37 1 5
37 2 6
37 3 6
37 4 6
37 5 0
37 6 2
37 7 2
37 8 0
37 9 5
37 10 6
37 11 6
37 12 6
37 13 1
37 14 0
37 15 0
37 16 2
37 17 2
37 18 0
37 19 6
37 20 6
37 21 6
37 22 0
37 23 0
37 24 2
37 25 6
37 26 6
37 27 6
37 28 6
37 29 6
37 30 0
37 31 5
37 32 6
37 33 6
37 34 6
37 35 6
37 36 1
37 37 2
37 38 6
37 39 6
37 40 6
37 41 6
38 0 1
38 1 2
38 2 2
38 3 5
38 4 6
38 5 6
38 6 6
38 7 2
38 8 4
38 9 4
38 10 6
38 11 6
38 12 6
38 13 6
38 14 1
38 15 5
38 16 6
38 17 6
38 18 6
38 19 1
38 20 2
38 21 2
38 22 4
38 23 6
38 24 6
38 25 6
38 26 1
38 27 2
38 28 6
38 29 6
38 30 6
38 31 6
38 32 6
38 33 1
38 34 2
38 35 5
38 36 6
38 37 6
38 38 6
38 39 6
38 40 6
38 41 6
39 0 3
39 1 3
39 2 6
39 3 6
39 4 6
39 5 2
39 6 2
39 7 3
39 8 3
39 9 3
39 10 5
39 11 6
39 12 6
39 13 6
39 14 5
39 15 4
39 16 4
39 17 6
39 18 6
39 19 6
39 20 2
39 21 3
39 22 6
39 23 6
39 24 6
39 25 3
39 26 3
39 27 3
39 28 3
39 29 5
39 30 6
39 31 6
39 32 6
39 33 6
39 34 6
39 35 6
39 36 6
39 37 2
39 38 3
39 39 4
39 40 6
39 41 6
40 0 4
40 1 6
40 2 6
40 3 6
40 4 0
40 5 1
40 6 3
40 7 3
40 8 4
40 9 6
40 10 6
40 11 6
40 12 6
40 13 6
40 14 6
40 15 6
40 16 6
40 17 6
40 18 1
40 19 3
40 20 5
40 21 6
40 22 6
40 23 6
40 24 6
40 25 6
40 26 3
40 27 5
40 28 6
40 29 6
40 30 6
40 31 6
40 32 6
40 33 6
40 34 6
40 35 6
40 36 6
40 37 0
40 38 1
40 39 6
40 40 6
40 41 6
41 0 6
41 1 6
41 2 3
41 3 3
41 4 3
41 5 3
41 6 3
41 7 6
41 8 6
41 9 3
41 10 5
41 11 6
41 12 6
41 13 2
41 14 3
41 15 6
41 16 6
41 17 6
41 18 6
41 19 3
41 20 3
41 21 4
41 22 4
41 23 6
41 24 6
41 25 6
41 26 6
41 27 6
41 28 6
41 29 6
41 30 6
41 31 6
41 32 6
41 33 6
41 34 6
41 35 6
41 36 2
41 37 3
41 38 6
41 39 6
41 40 6
41 41 6
42 0 2
42 1 4
42 2 6
42 3 6
42 4 6
42 5 2
42 6 2
42 7 2
42 8 2
42 9 2
42 10 6
42 11 6
42 12 0
42 13 4
42 14 6
42 15 6
42 16 0
42 17 5
42 18 6
42 19 6
42 20 6
42 21 6
42 22 6
42 23 6
42 24 6
42 25 0
42 26 2
42 27 6
42 28 6
42 29 0
42 30 2
42 31 6
42 32 6
42 33 6
42 34 6
42 35 6
42 36 6
42 37 6
42 38 6
42 39 6
42 40 6
42 41 6
43 0 3
43 1 6
43 2 6
43 3 3
43 4 3
43 5 6
43 6 6
43 7 3
43 8 3
43 9 3
43 10 3
43 11 3
43 12 6
43 13 6
43 14 6
43 15 6
43 16 6
43 17 6
43 18 0
43 19 0
43 20 0
43 21 3
43 22 6
43 23 6
43 24 6
43 25 6
43 26 6
43 27 6
43 28 6
43 29 6
43 30 6
43 31 6
43 32 6
43 33 6
43 34 6
43 35 4
43 36 4
43 37 6
43 38 6
43 39 6
43 40 6
43 41 6
44 0 1
44 1 6
44 2 6
44 3 4
44 4 4
44 5 6
44 6 6
44 7 2
44 8 2
44 9 6
44 10 6
44 11 6
44 12 1
44 13 6
44 14 6
44 15 1
44 16 6
44 17 6
44 18 1
44 19 6
44 20 6
44 21 6
44 22 6
44 23 6
44 24 1
44 25 6
44 26 6
44 27 6
44 28 6
44 29 2
44 30 2
44 31 6
44 32 6
44 33 6
44 34 6
44 35 6
44 36 6
44 37 6
44 38 6
44 39 6
44 40 6
44 41 6
